     1   -0.29455460    0.07266850
     2   -0.28367397    0.23705236
     3   -0.21412234    0.40782787
     4   -0.21283235    0.41001858
     5   -0.21186581    0.41164770
     6   -0.28501096    0.23131012
     7   -0.29455460    0.07266850
     8   -0.29455460    0.07266850
     9   -0.08736972    0.56512608
    10    0.06839838    0.67230726
    11    0.06961157    0.67290060
    12    0.07056933    0.67336673
    13   -0.08902922    0.56359017
    14    0.23062464    0.72491310
    15    0.37285171    0.72960455
    16    0.37191806    0.72970060
    17    0.37117976    0.72977533
    18    0.23062464    0.72491310
    19    0.48017056    0.70639835
    20    0.55338277    0.67501577
    21    0.55267766    0.67538765
    22    0.55214906    0.67566548
    23    0.48119666    0.70605275
    24    0.59200385    0.65230614
    25    0.60458167    0.64384756
    26    0.60458167    0.64384756
    27    0.60458167    0.64384756
    28    0.59282920    0.65176798
    29   -0.20388635    0.42471574
    30   -0.19761105    0.43454829
    31   -0.28228597    0.24274219
    32   -0.29455460    0.07266850
    33   -0.29455460    0.07266850
    34    0.07693121    0.67641180
    35    0.08201297    0.67878078
    36   -0.07741338    0.57413047
    37    0.36624842    0.73024669
    38    0.36227494    0.73059146
    39    0.23062464    0.72491310
    40    0.54777474    0.67793337
    41    0.54431977    0.67968556
    42    0.47396919    0.70843381
    43    0.60458167    0.64384756
    44    0.60458167    0.64384756
    45    0.59115887    0.65285469
    46   -0.22541392    0.38779023
    47   -0.24459914    0.34940082
    48   -0.29093127    0.20139152
    49   -0.29455460    0.07266850
    50   -0.29455460    0.07266850
    51    0.10428655    0.68851297
    52    0.12312027    0.69593455
    53    0.02974367    0.65165236
    54   -0.05831731    0.59043975
    55   -0.12998435    0.52218317
    56   -0.07023401    0.58040635
    57   -0.08059775    0.57128926
    58   -0.17406859    0.46846536
    59    0.12458592    0.69648169
    60    0.12585900    0.69695342
    61    0.01971114    0.64571598
    62    0.34448856    0.73175487
    63    0.32896047    0.73226833
    64    0.23062464    0.72491310
    65    0.32773263    0.73228913
    66    0.32666381    0.73230489
    67    0.23062464    0.72491310
    68    0.50587680    0.69696722
    69    0.46185157    0.71215127
    70    0.40173198    0.72576575
    71    0.55953942    0.67170617
    72    0.56997765    0.66583328
    73    0.53121259    0.68602658
    74    0.47596109    0.70778994
    75    0.46944849    0.70986057
    76    0.40896332    0.72453733
    77    0.60458167    0.64384756
    78    0.60458167    0.64384756
    79    0.59668844    0.64922052
    80   -0.24838569    0.34100011
    81   -0.25145695    0.33393951
    82   -0.29213036    0.19393423
    83   -0.29455460    0.07266850
    84   -0.29455460    0.07266850
    85   -0.08398165    0.56823036
    86   -0.08690100    0.56555805
    87   -0.18311274    0.45594587
    88    0.12587084    0.69695779
    89    0.12588174    0.69696182
    90    0.01589409    0.64339240
    91    0.32665385    0.73230503
    92    0.32664469    0.73230515
    93    0.23062464    0.72491310
    94    0.47806902    0.70709835
    95    0.47988035    0.70649564
    96    0.41168720    0.72404637
    97    0.57204341    0.66463109
    98    0.57372264    0.66364396
    99    0.53627766    0.68363296
   100    0.60458167    0.64384756
   101    0.60458167    0.64384756
   102    0.59753582    0.64865424
   103   -0.24665979    0.34486897
   104   -0.24241716    0.35410114
   105   -0.29038223    0.20459355
   106   -0.29455460    0.07266850
   107   -0.29455460    0.07266850
   108   -0.07968803    0.57210461
   109   -0.07332823    0.57772333
   110   -0.17222128    0.47095126
   111    0.12860391    0.69795938
   112    0.13099536    0.69882342
   113    0.02554290    0.64919657
   114    0.32435192    0.73233150
   115    0.32232950    0.73234639
   116    0.23062464    0.72491310
   117    0.47539286    0.70797457
   118    0.47140196    0.70924991
   119    0.40477264    0.72526244
   120    0.57110131    0.66518102
   121    0.56878896    0.66651900
   122    0.53017303    0.68650913
   123    0.60458167    0.64384756
   124    0.60458167    0.64384756
   125    0.59631058    0.64947222
   126   -0.25754980    0.31918790
   127   -0.26873849    0.28881504
   128   -0.29473681    0.17439683
   129   -0.29455460    0.07266850
   130   -0.29455460    0.07266850
   131   -0.05107876    0.59630953
   132   -0.03062438    0.61202631
   133   -0.09660989    0.55644231
   134   -0.15497176    0.49309990
   135   -0.20174315    0.42811581
   136   -0.16028268    0.48647668
   137   -0.16506982    0.48036048
   138   -0.22533212    0.38794137
   139   -0.02454021    0.61646385
   140   -0.01899706    0.62041564
   141   -0.09687016    0.55619300
   142    0.13723383    0.70102343
   143    0.14278771    0.70291668
   144    0.05465982    0.66535887
   145    0.14556764    0.70384134
   146    0.14807462    0.70466211
   147    0.06359626    0.66992661
   148    0.31701724    0.73234833
   149    0.31224305    0.73230424
   150    0.23062464    0.72491310
   151    0.30983733    0.73226561
   152    0.30765854    0.73222116
   153    0.23062464    0.72491310
   154    0.45717871    0.71349446
   155    0.44372755    0.71708591
   156    0.38330674    0.72840982
   157    0.43965399    0.71809416
   158    0.43591291    0.71898804
   159    0.37653066    0.72920912
   160    0.54659634    0.67853484
   161    0.52037770    0.69091267
   162    0.48585712    0.70445128
   163    0.57706818    0.66165058
   164    0.58329577    0.65784391
   165    0.55949489    0.67173051
   166    0.52613179    0.68835715
   167    0.52341114    0.68957647
   168    0.48601636    0.70439564
   169    0.60458167    0.64384756
   170    0.60458167    0.64384756
   171    0.59953905    0.64730555
   172   -0.27246728    0.27743349
   173   -0.27556085    0.26735097
   174   -0.29575209    0.16454149
   175   -0.29455460    0.07266850
   176   -0.29455460    0.07266850
   177   -0.16454069    0.48104352
   178   -0.16406863    0.48165140
   179   -0.23059993    0.37801192
   180   -0.01347952    0.62426451
   181   -0.00845504    0.62769726
   182   -0.09221738    0.56061060
   183    0.15073090    0.70551825
   184    0.15314314    0.70628370
   185    0.07153526    0.67383478
   186    0.30534033    0.73216399
   187    0.30322645    0.73210299
   188    0.23062464    0.72491310
   189    0.43216052    0.71985396
   190    0.42871829    0.72062149
   191    0.37043409    0.72984970
   192    0.52583170    0.68849262
   193    0.52556384    0.68861333
   194    0.48316201    0.70538376
   195    0.58541081    0.65652219
   196    0.58718851    0.65539978
   197    0.56236077    0.67015160
   198    0.60458167    0.64384756
   199    0.60458167    0.64384756
   200    0.60042966    0.64670140
   201   -0.27956334    0.25322904
   202   -0.28281910    0.24058704
   203   -0.29673400    0.15218468
   204   -0.29455460    0.07266850
   205   -0.29455460    0.07266850
   206   -0.18830705    0.44847810
   207   -0.20833521    0.41751191
   208   -0.25307990    0.33011160
   209    0.00676256    0.63768538
   210    0.02088897    0.64642568
   211   -0.03418530    0.60937967
   212   -0.08623748    0.56616816
   213   -0.12560584    0.52695667
   214   -0.09584886    0.55716980
   215   -0.10471991    0.54854832
   216   -0.15995068    0.48689564
   217    0.02199356    0.64708815
   218    0.02301372    0.64769731
   219   -0.04266549    0.60292649
   220    0.15680661    0.70742438
   221    0.16015921    0.70844526
   222    0.09032102    0.68253397
   223    0.16167778    0.70890046
   224    0.16307702    0.70931592
   225    0.09292593    0.68368040
   226    0.30000020    0.73199361
   227    0.29703081    0.73187557
   228    0.23062464    0.72491310
   229    0.29568046    0.73181639
   230    0.29443324    0.73175868
   231    0.23062464    0.72491310
   232    0.41814338    0.72282047
   233    0.40811978    0.72468623
   234    0.35571191    0.73109281
   235    0.40732739    0.72482474
   236    0.40659444    0.72495171
   237    0.35363683    0.73123374
   238    0.50329460    0.69798867
   239    0.47946925    0.70663312
   240    0.44609606    0.71648283
   241    0.53916927    0.68223457
   242    0.55021598    0.67667455
   243    0.52322199    0.68966051
   244    0.49079524    0.70269710
   245    0.48539122    0.70461373
   246    0.45169077    0.71500871
   247    0.58953008    0.65390522
   248    0.59148211    0.65264513
   249    0.57461171    0.66311770
   250    0.60458167    0.64384756
   251    0.60458167    0.64384756
   252    0.60143122    0.64601862
   253   -0.28501514    0.23129170
   254   -0.28685847    0.22287426
   255   -0.29720304    0.14398207
   256   -0.29455460    0.07266850
   257   -0.29455460    0.07266850
   258   -0.21809111    0.40096653
   259   -0.22654444    0.38569187
   260   -0.26319515    0.30447688
   261   -0.11422699    0.53895352
   262   -0.12283623    0.52993017
   263   -0.17922491    0.46140040
   264    0.02290735    0.64763391
   265    0.02281025    0.64757601
   266   -0.05235063    0.59529015
   267    0.16449027    0.70973167
   268    0.16579634    0.71011245
   269    0.09374189    0.68403655
   270    0.29317064    0.73169727
   271    0.29200118    0.73163771
   272    0.23062464    0.72491310
   273    0.40667092    0.72493851
   274    0.40674072    0.72492646
   275    0.35298512    0.73127626
   276    0.49652292    0.70058769
   277    0.50165457    0.69862868
   278    0.45800302    0.71326113
   279    0.55554957    0.67386381
   280    0.56015467    0.67136922
   281    0.53410519    0.68466827
   282    0.59283181    0.65176628
   283    0.59399206    0.65100580
   284    0.58019273    0.65975643
   285    0.60458167    0.64384756
   286    0.60458167    0.64384756
   287    0.60202437    0.64561258
   288   -0.28819084    0.21635454
   289   -0.28933498    0.21039775
   290   -0.29744408    0.13820302
   291   -0.29455460    0.07266850
   292   -0.29455460    0.07266850
   293   -0.23310338    0.37314578
   294   -0.23886062    0.36155951
   295   -0.26976558    0.28575543
   296   -0.13610300    0.51535881
   297   -0.14797570    0.50157681
   298   -0.19782270    0.43422263
   299   -0.00577713    0.62949911
   300   -0.03168982    0.61123829
   301   -0.09207910    0.56074063
   302    0.17355466    0.71230624
   303    0.18080252    0.71425083
   304    0.13718010    0.70100481
   305    0.09314814    0.68377753
   306    0.05873531    0.66746434
   307    0.08395904    0.67967321
   308    0.07522786    0.67560519
   309    0.02166522    0.64689154
   310    0.17990983    0.71401677
   311    0.17906746    0.71379451
   312    0.12757912    0.69758559
   313    0.28500237    0.73122750
   314    0.27838249    0.73075482
   315    0.23062464    0.72491310
   316    0.27920214    0.73081781
   317    0.27997447    0.73087600
   318    0.23062464    0.72491310
   319    0.38022773    0.72878446
   320    0.35345943    0.73124539
   321    0.31706322    0.73234855
   322    0.42687378    0.72102226
   323    0.44443742    0.71690647
   324    0.40756306    0.72478368
   325    0.36757342    0.73012478
   326    0.36074510    0.73071589
   327    0.32521623    0.73232275
   328    0.50946403    0.69552005
   329    0.51635658    0.69264642
   330    0.48307693    0.70541291
   331    0.56372214    0.66939286
   332    0.56685323    0.66762627
   333    0.54443654    0.67962690
   334    0.59485049    0.65044016
   335    0.59560421    0.64994142
   336    0.58387576    0.65748293
   337    0.60458167    0.64384756
   338    0.60458167    0.64384756
   339    0.60240739    0.64534972
   340   -0.29020913    0.20557908
   341   -0.29097225    0.20114760
   342   -0.29757358    0.13394688
   343   -0.29455460    0.07266850
   344   -0.29455460    0.07266850
   345   -0.24336640    0.35206841
   346   -0.24737189    0.34328099
   347   -0.27423053    0.27176562
   348   -0.15765008    0.48978064
   349   -0.16635914    0.47868867
   350   -0.21104011    0.41303126
   351   -0.04535135    0.60083766
   352   -0.05785887    0.59081644
   353   -0.11465879    0.53850868
   354    0.06771256    0.67197040
   355    0.06069337    0.66846256
   356    0.00071345    0.63378754
   357    0.17769392    0.71342916
   358    0.17640360    0.71308266
   359    0.11886051    0.69431956
   360    0.28123149    0.73096833
   361    0.28240975    0.73105218
   362    0.23062464    0.72491310
   363    0.37337875    0.72954956
   364    0.37874173    0.72895844
   365    0.33251292    0.73219184
   366    0.45344946    0.71453085
   367    0.46155695    0.71223743
   368    0.42237422    0.72196933
   369    0.52190950    0.69024099
   370    0.52686240    0.68802632
   371    0.49678153    0.70049053
   372    0.56930596    0.66622130
   373    0.57148990    0.66495453
   374    0.55169729    0.67590228
   375    0.59619259    0.64955071
   376    0.59671688    0.64920155
   377    0.58642111    0.65588559
   378    0.60458167    0.64384756
   379    0.60458167    0.64384756
   380    0.60267081    0.64516863
   381   -0.29158450    0.19741547
   382   -0.29212575    0.19396432
   383   -0.29764523    0.13066803
   384   -0.29455460    0.07266850
   385   -0.29455460    0.07266850
   386   -0.25074700    0.33559245
   387   -0.25377051    0.32846130
   388   -0.27749719    0.26068852
   389   -0.17360632    0.46908962
   390   -0.18016633    0.46008989
   391   -0.22094659    0.39591131
   392   -0.06766111    0.58261255
   393   -0.07663590    0.57481874
   394   -0.13112540    0.52092429
   395    0.05738110    0.66676890
   396    0.05432650    0.66518501
   397   -0.01216275    0.62517074
   398    0.17634227    0.71306611
   399    0.17628483    0.71305060
   400    0.11517135    0.69289101
   401    0.28246569    0.73105609
   402    0.28251808    0.73105975
   403    0.23062464    0.72491310
   404    0.38125290    0.72866184
   405    0.38355774    0.72837844
   406    0.33557029    0.73210659
   407    0.46781821    0.71036340
   408    0.47348163    0.70858999
   409    0.43126074    0.72005706
   410    0.53095262    0.68614753
   411    0.53463190    0.68441846
   412    0.50654763    0.69669909
   413    0.57333412    0.66387314
   414    0.57499044    0.66289276
   415    0.55710648    0.67302751
   416    0.59714592    0.64891511
   417    0.59753250    0.64865647
   418    0.58831459    0.65468333
   419    0.60458167    0.64384756
   420    0.60458167    0.64384756
   421    0.60286284    0.64503647
   422   -0.29260394    0.19077937
   423   -0.29302933    0.18782368
   424   -0.29768633    0.12791248
   425   -0.29455460    0.07266850
   426   -0.29455460    0.07266850
   427   -0.25657242    0.32162694
   428   -0.25909239    0.31527688
   429   -0.28015531    0.25101718
   430   -0.18711689    0.45020793
   431   -0.19339802    0.44094767
   432   -0.22987184    0.37940880
   433   -0.08963376    0.56302812
   434   -0.10146865    0.55174435
   435   -0.15002629    0.49912053
   436    0.02824833    0.65078307
   437    0.00422355    0.63606083
   438   -0.04975071    0.59736853
   439    0.18234341    0.71465125
   440    0.18805500    0.71609581
   441    0.15086893    0.70556236
   442    0.11325297    0.69213714
   443    0.08442477    0.67988557
   444    0.10456055    0.68862619
   445    0.09625151    0.68512312
   446    0.05038284    0.66310868
   447    0.18694639    0.71582030
   448    0.18589452    0.71555672
   449    0.14150065    0.70248339
   450    0.27696482    0.73064291
   451    0.27167807    0.73019234
   452    0.23062464    0.72491310
   453    0.27270817    0.73028424
   454    0.27368378    0.73036944
   455    0.23062464    0.72491310
   456    0.36037831    0.73074504
   457    0.33715314    0.73205538
   458    0.30521959    0.73216073
   459    0.40281648    0.72558843
   460    0.41992363    0.72246696
   461    0.38651793    0.72799873
   462    0.35097551    0.73140216
   463    0.34426591    0.73176553
   464    0.31335322    0.73231836
   465    0.48156992    0.70592640
   466    0.48882143    0.70340538
   467    0.45631652    0.71373687
   468    0.53850779    0.68255652
   469    0.54199191    0.68084692
   470    0.51753822    0.69214135
   471    0.57652994    0.66197369
   472    0.57791915    0.66113783
   473    0.56196479    0.67037124
   474    0.59788057    0.64842314
   475    0.59819614    0.64821123
   476    0.58988137    0.65367941
   477    0.60458167    0.64384756
   478    0.60458167    0.64384756
   479    0.60301682    0.64493039
   480   -0.29343133    0.18490961
   481   -0.29378972    0.18219876
   482   -0.29770822    0.12544125
   483   -0.29455460    0.07266850
   484   -0.29455460    0.07266850
   485   -0.26150776    0.30899232
   486   -0.26368240    0.30315269
   487   -0.28241975    0.24220478
   488   -0.19919947    0.43209432
   489   -0.20445008    0.42381396
   490   -0.23741010    0.36453321
   491   -0.11149113    0.54175344
   492   -0.12063222    0.53227151
   493   -0.16506621    0.48036513
   494   -0.00897861    0.62734273
   495   -0.02118347    0.61886719
   496   -0.07230481    0.57861437
   497    0.08832580    0.68164610
   498    0.08086864    0.67825221
   499    0.02955595    0.65154353
   500    0.18381698    0.71502991
   501    0.18185805    0.71452561
   502    0.13179019    0.69910806
   503    0.27560567    0.73053207
   504    0.27741176    0.73067860
   505    0.23062464    0.72491310
   506    0.35729570    0.73097957
   507    0.36317239    0.73051631
   508    0.32165562    0.73234962
   509    0.42907812    0.72054246
   510    0.43739194    0.71863830
   511    0.40186825    0.72574360
   512    0.49488130    0.70120054
   513    0.50034573    0.69913458
   514    0.47075671    0.70945260
   515    0.54519565    0.67924459
   516    0.54808443    0.67777463
   517    0.52612975    0.68835807
   518    0.57925567    0.66032781
   519    0.58046389    0.65959056
   520    0.56606419    0.66807429
   521    0.59850023    0.64800671
   522    0.59877683    0.64782038
   523    0.59123984    0.65280223
   524    0.60458167    0.64384756
   525    0.60458167    0.64384756
   526    0.60314913    0.64483918
   527   -0.29418931    0.17903175
   528   -0.29454236    0.17608659
   529   -0.29771584    0.12281936
   530   -0.29455460    0.07266850
   531   -0.29455460    0.07266850
   532   -0.26592050    0.29694578
   533   -0.26792936    0.29118802
   534   -0.28456385    0.23326131
   535   -0.20953233    0.41553854
   536   -0.21412239    0.40782779
   537   -0.24414184    0.35039411
   538   -0.12860505    0.52369664
   539   -0.13586908    0.51562309
   540   -0.17752185    0.46375478
   541   -0.03046967    0.61214047
   542   -0.03902956    0.60571953
   543   -0.08909077    0.56353301
   544    0.07441620    0.67521860
   545    0.06839808    0.67230711
   546    0.01406786    0.64226786
   547    0.17973337    0.71397032
   548    0.17774472    0.71344274
   549    0.12343958    0.69605412
   550    0.27936402    0.73083010
   551    0.28118505    0.73096497
   552    0.23062464    0.72491310
   553    0.36820359    0.73006558
   554    0.37285194    0.72960452
   555    0.32869321    0.73227310
   556    0.44362439    0.71711190
   557    0.44929985    0.71564724
   558    0.41298514    0.72380696
   559    0.50506474    0.69729027
   560    0.50932733    0.69557580
   561    0.48123467    0.70603990
   562    0.55087184    0.67633342
   563    0.55338279    0.67501575
   564    0.53315126    0.68511876
   565    0.58171310    0.65882331
   566    0.58284011    0.65812673
   567    0.56972844    0.66597741
   568    0.59909231    0.64760755
   569    0.59937824    0.64741434
   570    0.59255183    0.65194910
   571    0.60458167    0.64384756
   572    0.60458167    0.64384756
   573    0.60328348    0.64474649
   574   -0.15472090   -0.10151372
   575   -0.24706159   -0.05051769
   576   -0.24946277   -0.04744331
   577   -0.15219333   -0.10165884
   578   -0.15327388   -0.10160311
   579    0.08525121    0.10002170
   580   -0.03138669   -0.05421315
   581   -0.03281140   -0.05537518
   582    0.08664918    0.10275139
   583    0.08603319    0.10154525
   584    0.21454763    0.63858122
   585    0.17209269    0.34618739
   586    0.17209269    0.34618739
   587    0.21426935    0.63466365
   588    0.21439296    0.63639202
   589    0.20210909    1.14991798
   590    0.21864078    0.91899066
   591    0.21853233    0.92197756
   592    0.20255145    1.14569781
   593    0.20236268    1.14750447
   594    0.17770289    1.33701500
   595    0.18487343    1.28874006
   596    0.18442810    1.29185849
   597    0.17770289    1.33701500
   598    0.17770289    1.33701500
   599   -0.24463554   -0.05348123
   600   -0.13659606   -0.10143963
   601   -0.14338684   -0.10176721
   602   -0.02292616   -0.04700317
   603    0.09391611    0.11739149
   604    0.09071031    0.11083820
   605    0.17209269    0.34618739
   606    0.21268895    0.61400875
   607    0.21341447    0.62318182
   608    0.21922942    0.90107569
   609    0.20521479    1.11920264
   610    0.20406987    1.13083404
   611    0.18532578    1.28555447
   612    0.17770289    1.33701500
   613    0.17770289    1.33701500
   614   -0.26119064   -0.03006442
   615   -0.19082487   -0.09339147
   616   -0.16763965   -0.09994648
   617   -0.06935886   -0.08020900
   618   -0.00710714   -0.03206808
   619    0.05932861    0.05398044
   620    0.11859276    0.17345609
   621    0.10756573    0.14709487
   622   -0.11205142   -0.09739914
   623   -0.02561598   -0.04935316
   624   -0.01691670   -0.04155587
   625    0.05228142    0.04283198
   626    0.12015661    0.17738463
   627    0.11943092    0.17555547
   628    0.17209269    0.34618739
   629    0.20536421    0.53977200
   630    0.20904926    0.57378940
   631    0.17209269    0.34618739
   632    0.20478020    0.53482527
   633    0.20505322    0.53712471
   634    0.21839896    0.70828244
   635    0.22005681    0.86673180
   636    0.21493818    0.99582888
   637    0.19553257    1.20792860
   638    0.19980693    1.17116647
   639    0.21958737    0.88816184
   640    0.21905275    0.90680463
   641    0.20913613    1.07592024
   642    0.21906995    0.72635548
   643    0.18229956    1.30653049
   644    0.17770289    1.33701500
   645    0.17770289    1.33701500
   646   -0.26390437   -0.02537505
   647   -0.19959085   -0.08951661
   648   -0.19562824   -0.09137090
   649   -0.12131750   -0.09943968
   650   -0.03098504   -0.05388285
   651   -0.02849093   -0.05180522
   652    0.04956554    0.03867827
   653    0.12016956    0.17741736
   654    0.12016335    0.17740167
   655    0.17209269    0.34618739
   656    0.20477529    0.53478419
   657    0.20477764    0.53480388
   658    0.21929104    0.73322981
   659    0.21867088    0.91814707
   660    0.21885305    0.91289339
   661    0.20769858    1.09249032
   662    0.19388118    1.22135124
   663    0.19462952    1.21531708
   664    0.18182188    1.30977228
   665    0.17770289    1.33701500
   666    0.17770289    1.33701500
   667   -0.25999935   -0.03203391
   668   -0.18809521   -0.09443268
   669   -0.19342808   -0.09232671
   670   -0.11018208   -0.09691320
   671   -0.01949742   -0.04392873
   672   -0.02484600   -0.04868599
   673    0.05639389    0.04927180
   674    0.12306222    0.18481776
   675    0.12171383    0.18134635
   676    0.17209269    0.34618739
   677    0.20365116    0.52554817
   678    0.20418233    0.52986745
   679    0.21869587    0.71585076
   680    0.21943997    0.89372719
   681    0.21910434    0.90516789
   682    0.20941931    1.07254318
   683    0.19604351    1.20369429
   684    0.19504375    1.21194280
   685    0.18251136    1.30508732
   686    0.17770289    1.33701500
   687    0.17770289    1.33701500
   688   -0.27060270   -0.01240211
   689   -0.22331092   -0.07442382
   690   -0.20765066   -0.08519174
   691   -0.14105473   -0.10169450
   692   -0.09308345   -0.09132747
   693   -0.03937327   -0.06053591
   694    0.01491527   -0.00795491
   695   -0.00124749   -0.02603959
   696   -0.16754432   -0.09996324
   697   -0.10301661   -0.09482181
   698   -0.09828139   -0.09324191
   699   -0.03960013   -0.06070875
   700    0.02384754    0.00299761
   701    0.01961206   -0.00228358
   702    0.07626141    0.08310064
   703    0.12959738    0.20220624
   704    0.12654312    0.19396057
   705    0.08213699    0.09403772
   706    0.13246551    0.21014865
   707    0.13111027    0.20637113
   708    0.17209269    0.34618739
   709    0.20088949    0.50425210
   710    0.20221989    0.51428136
   711    0.17209269    0.34618739
   712    0.19957307    0.49470638
   713    0.20020342    0.49923264
   714    0.21615287    0.66336606
   715    0.22053188    0.81693634
   716    0.22026497    0.85371620
   717    0.21513914    0.64724581
   718    0.22046716    0.79602416
   719    0.22051789    0.80599435
   720    0.21799968    0.93562574
   721    0.21189401    1.04111149
   722    0.20446571    1.12685622
   723    0.18936490    1.25624499
   724    0.19235167    1.23344940
   725    0.21116463    1.05077095
   726    0.21048239    1.05949083
   727    0.19982416    1.17101166
   728    0.21798031    0.93609445
   729    0.18067767    1.31746518
   730    0.17770289    1.33701500
   731    0.17770289    1.33701500
   732   -0.27374915   -0.00547483
   733   -0.23361401   -0.06534729
   734   -0.22885358   -0.06975988
   735   -0.17373893   -0.09870729
   736   -0.10202229   -0.09450307
   737   -0.10249084   -0.09465414
   738   -0.03556030   -0.05757527
   739    0.03178863    0.01333806
   740    0.02802236    0.00836145
   741    0.08726919    0.10397081
   742    0.13517899    0.21784849
   743    0.13389201    0.21417349
   744    0.17209269    0.34618739
   745    0.19826460    0.48555659
   746    0.19889305    0.48991098
   747    0.21414334    0.63292052
   748    0.22026934    0.77705885
   749    0.22038031    0.78609868
   750    0.21831575    0.92771667
   751    0.21062702    1.05766606
   752    0.21055896    1.05852636
   753    0.19869837    1.18101025
   754    0.18740335    1.27068023
   755    0.18830830    1.26407003
   756    0.18016217    1.32089864
   757    0.17770289    1.33701500
   758    0.17770289    1.33701500
   759   -0.27746600    0.00358200
   760   -0.24555992   -0.05236842
   761   -0.24004321   -0.05872717
   762   -0.20171078   -0.08845251
   763   -0.14827211   -0.10178261
   764   -0.12672873   -0.10034467
   765   -0.06531864   -0.07792649
   766   -0.03041704   -0.05341374
   767    0.01214295   -0.01121279
   768    0.05311560    0.04412350
   769    0.04299059    0.02893955
   770   -0.09795476   -0.09312716
   771   -0.04649258   -0.06578319
   772   -0.03871051   -0.06002887
   773    0.00547067   -0.01878654
   774    0.05461583    0.04646504
   775    0.05389626    0.04533892
   776    0.09908406    0.12828433
   777    0.13887631    0.22864549
   778    0.13711811    0.22346609
   779    0.10068567    0.13174538
   780    0.14039372    0.23318320
   781    0.13966753    0.23100364
   782    0.17209269    0.34618739
   783    0.19637712    0.47289435
   784    0.19729018    0.47894441
   785    0.17209269    0.34618739
   786    0.19556572    0.46762976
   787    0.19595678    0.47015430
   788    0.21141986    0.59900917
   789    0.21899795    0.72423406
   790    0.21974468    0.74967122
   791    0.21100047    0.59430559
   792    0.21886352    0.72040685
   793    0.21892879    0.72224445
   794    0.22052000    0.82333989
   795    0.21871308    0.91695293
   796    0.21540566    0.98791622
   797    0.20323204    1.13911020
   798    0.20683431    1.10203738
   799    0.21805590    0.93425528
   800    0.21736258    0.95023544
   801    0.21121107    1.05016668
   802    0.22043272    0.83858860
   803    0.19347976    1.22455635
   804    0.18515316    1.28677228
   805    0.18618758    1.27943384
   806    0.17957741    1.32476974
   807    0.17770289    1.33701500
   808    0.17770289    1.33701500
   809   -0.27978894    0.00982674
   810   -0.25290351   -0.04277454
   811   -0.24947039   -0.04743331
   812   -0.21539303   -0.08028477
   813   -0.16895977   -0.09970619
   814   -0.15920864   -0.10112771
   815   -0.11731062   -0.09863285
   816   -0.06278016   -0.07643421
   817   -0.05497240   -0.07156175
   818   -0.00227172   -0.02711315
   819    0.05447242    0.04624015
   820    0.05454086    0.04634745
   821    0.10118552    0.13283400
   822    0.14179717    0.23743740
   823    0.14112440    0.23539109
   824    0.17209269    0.34618739
   825    0.19479538    0.46272410
   826    0.19516708    0.46508016
   827    0.21086697    0.59283219
   828    0.21887665    0.72077338
   829    0.21887039    0.72059847
   830    0.22023265    0.85600311
   831    0.21569116    0.98291379
   832    0.21652799    0.96737587
   833    0.20832698    1.08535953
   834    0.19956809    1.17330735
   835    0.20131694    1.15736035
   836    0.19087611    1.24484128
   837    0.18379479    1.29626363
   838    0.18442669    1.29186833
   839    0.17922857    1.32706722
   840    0.17770289    1.33701500
   841    0.17770289    1.33701500
   842   -0.28135447    0.01434010
   843   -0.25780043   -0.03553677
   844   -0.25549123   -0.03904198
   845   -0.22481845   -0.07320330
   846   -0.18370168   -0.09595122
   847   -0.17672461   -0.09797862
   848   -0.13682327   -0.10145627
   849   -0.08632212   -0.08855623
   850   -0.07506146   -0.08323764
   851   -0.03544075   -0.05748073
   852    0.01408760   -0.00893445
   853    0.03378219    0.01602608
   854    0.07895393    0.08805643
   855    0.10082188    0.13204163
   856    0.12651337    0.19388129
   857    0.14935400    0.26135272
   858    0.14574400    0.24970876
   859    0.05366438    0.04497721
   860    0.08962817    0.10866022
   861    0.09513480    0.11992311
   862    0.12113365    0.17986443
   863    0.14849662    0.25854940
   864    0.14891341    0.25990915
   865    0.17209269    0.34618739
   866    0.19029385    0.43566966
   867    0.19252154    0.44873288
   868    0.17209269    0.34618739
   869    0.19083635    0.43879613
   870    0.19057370    0.43727818
   871    0.20223250    0.51437839
   872    0.21096421    0.59390434
   873    0.21570449    0.65601503
   874    0.22052987    0.81885234
   875    0.22019767    0.77224033
   876    0.21240096    0.61049554
   877    0.21364915    0.62625623
   878    0.21894951    0.72283587
   879    0.20440701    0.53171840
   880    0.21832537    0.92746773
   881    0.21281076    1.02840798
   882    0.21425190    1.00689591
   883    0.20517687    1.11959419
   884    0.19686209    1.19682554
   885    0.19815120    1.18578443
   886    0.18907731    1.25838655
   887    0.18290531    1.30239329
   888    0.18332283    1.29952427
   889    0.17900231    1.32855274
   890    0.17770289    1.33701500
   891    0.17770289    1.33701500
   892   -0.28246912    0.01772512
   893   -0.26128075   -0.02991330
   894   -0.25962956   -0.03263478
   895   -0.23154701   -0.06731167
   896   -0.19433361   -0.09193959
   897   -0.18927941   -0.09399032
   898   -0.15127266   -0.10169891
   899   -0.10430024   -0.09522303
   900   -0.09569763   -0.09231381
   901   -0.05536105   -0.07181442
   902   -0.00673384   -0.03169217
   903    0.00333668   -0.02113049
   904    0.03857449    0.02264324
   905    0.08023983    0.09045658
   906    0.08480829    0.09916253
   907    0.11614029    0.16739381
   908    0.14717192    0.25426490
   909    0.14781484    0.25633728
   910    0.17209269    0.34618739
   911    0.19165794    0.44359715
   912    0.19126169    0.44127150
   913    0.20624796    0.54746615
   914    0.21548078    0.65248284
   915    0.21463413    0.63981875
   916    0.21998750    0.76055970
   917    0.22007173    0.86590748
   918    0.22038790    0.84341799
   919    0.21648785    0.96815479
   920    0.21029462    1.06184163
   921    0.21152979    1.04598098
   922    0.20271187    1.14415553
   923    0.19487338    1.21333362
   924    0.19582206    1.20553438
   925    0.18779590    1.26782301
   926    0.18228359    1.30663917
   927    0.18257734    1.30463696
   928    0.17884625    1.32957531
   929    0.17770289    1.33701500
   930    0.17770289    1.33701500
   931   -0.28330532    0.02036860
   932   -0.26389359   -0.02539425
   933   -0.26264816   -0.02758205
   934   -0.23668201   -0.06228774
   935   -0.20261857   -0.08798110
   936   -0.19866927   -0.08996337
   937   -0.16247225   -0.10074205
   938   -0.11827754   -0.09883813
   939   -0.11158292   -0.09727968
   940   -0.07041727   -0.08078818
   941   -0.02227171   -0.04642319
   942   -0.01478141   -0.03955408
   943    0.02901266    0.00965722
   944    0.07604024    0.08269771
   945    0.07806166    0.08640374
   946    0.11399663    0.16219083
   947    0.14711262    0.25407441
   948    0.14714130    0.25416653
   949    0.17209269    0.34618739
   950    0.19169425    0.44381123
   951    0.19167669    0.44370769
   952    0.20698936    0.55412966
   953    0.21618852    0.66396723
   954    0.21585606    0.65845776
   955    0.22035418    0.78372973
   956    0.21927088    0.89967705
   957    0.21970196    0.88353451
   958    0.21481311    0.99789185
   959    0.20817626    1.08708511
   960    0.20920732    1.07507496
   961    0.20073568    1.16273191
   962    0.19330765    1.22592386
   963    0.19405547    1.21995286
   964    0.18682207    1.27488325
   965    0.18182376    1.30975954
   966    0.18204213    1.30827975
   967    0.17873224    1.33032121
   968    0.17770289    1.33701500
   969    0.17770289    1.33701500
   970   -0.28399272    0.02261446
   971   -0.26606398   -0.02142504
   972   -0.26502662   -0.02334780
   973   -0.24102479   -0.05764405
   974   -0.20973781   -0.08394447
   975   -0.20633850   -0.08594837
   976   -0.17287577   -0.09890283
   977   -0.13209925   -0.10103047
   978   -0.12548289   -0.10015523
   979   -0.08829400   -0.08939719
   980   -0.04362601   -0.06371412
   981   -0.03333145   -0.05579564
   982   -0.00018044   -0.02491216
   983    0.04114290    0.02628166
   984    0.05828659    0.05229763
   985    0.09542571    0.12053077
   986    0.11287471    0.15950259
   987    0.13396587    0.21438327
   988    0.15289100    0.27317913
   989    0.15011181    0.26385072
   990    0.07341244    0.07795786
   991    0.10271736    0.13619566
   992    0.10772955    0.14747021
   993    0.12889334    0.20028646
   994    0.15184526    0.26963772
   995    0.15235524    0.27135997
   996    0.17209269    0.34618739
   997    0.18796249    0.42260669
   998    0.18980715    0.43289349
   999    0.17209269    0.34618739
  1000    0.18866782    0.42649712
  1001    0.18832557    0.42460289
  1002    0.19885737    0.48966181
  1003    0.20736617    0.55759467
  1004    0.21233120    0.60965475
  1005    0.21985216    0.75424176
  1006    0.21850730    0.71097667
  1007    0.20899971    0.57329453
  1008    0.21044997    0.58830034
  1009    0.21659855    0.67107931
  1010    0.20120256    0.50657618
  1011    0.22029677    0.85132829
  1012    0.21762630    0.94437731
  1013    0.21849210    0.92306572
  1014    0.21254725    1.03212916
  1015    0.20595958    1.11141888
  1016    0.20703484    1.09984776
  1017    0.19885601    1.17962459
  1018    0.19195434    1.23654302
  1019    0.19260124    1.23149609
  1020    0.18600284    1.28075169
  1021    0.18144704    1.31230352
  1022    0.18162646    1.31109328
  1023    0.17864067    1.33091961
  1024    0.17770289    1.33701500
  1025    0.17770289    1.33701500
  1026   -0.28459716    0.02464760
  1027   -0.26800026   -0.01770280
  1028   -0.26707332   -0.01950703
  1029   -0.24486667   -0.05320484
  1030   -0.21607547   -0.07981446
  1031   -0.21304796   -0.08185316
  1032   -0.18192862   -0.09651039
  1033   -0.14400253   -0.10177940
  1034   -0.13830426   -0.10155514
  1035   -0.10301302   -0.09482067
  1036   -0.06076944   -0.07522026
  1037   -0.05251707   -0.06994093
  1038   -0.01864229   -0.04314809
  1039    0.02218188    0.00090160
  1040    0.03139774    0.01281540
  1041    0.05919796    0.05376879
  1042    0.09319718    0.11590854
  1043    0.09785125    0.12564810
  1044    0.12350865    0.18597562
  1045    0.14987347    0.26306302
  1046    0.15083332    0.26624699
  1047    0.17209269    0.34618739
  1048    0.18996096    0.43376792
  1049    0.18933738    0.43023898
  1050    0.20347248    0.52411263
  1051    0.21285566    0.61607449
  1052    0.21173412    0.60261168
  1053    0.21841272    0.70862067
  1054    0.22049153    0.79995690
  1055    0.22028233    0.77800091
  1056    0.21948988    0.89188638
  1057    0.21591270    0.97893434
  1058    0.21677782    0.96244161
  1059    0.21048292    1.05948426
  1060    0.20396491    1.13188129
  1061    0.20492903    1.12214240
  1062    0.19719100    1.19403512
  1063    0.19074588    1.24583419
  1064    0.19132346    1.24141529
  1065    0.18528258    1.28585942
  1066    0.18111552    1.31453321
  1067    0.18127366    1.31347070
  1068    0.17856190    1.33143397
  1069    0.17770289    1.33701500
  1070    0.17770289    1.33701500
  1071   -0.28522589    0.02682451
  1072   -0.27004734   -0.01356381
  1073   -0.26906841   -0.01557049
  1074   -0.24865220   -0.04849738
  1075   -0.22213286   -0.07535352
  1076   -0.21924232   -0.07754763
  1077   -0.19025055   -0.09361688
  1078   -0.15472096   -0.10151372
  1079   -0.14959719   -0.10175447
  1080   -0.11556675   -0.09824566
  1081   -0.07484221   -0.08312537
  1082   -0.06808251   -0.07950020
  1083   -0.03286432   -0.05541806
  1084    0.00834359   -0.01557131
  1085    0.01503533   -0.00781233
  1086    0.04825938    0.03670819
  1087    0.08525101    0.10002132
  1088    0.08911118    0.10762569
  1089    0.11877561    0.17391288
  1090    0.14784011    0.25641898
  1091    0.14882619    0.25962412
  1092    0.17209269    0.34618739
  1093    0.19124602    0.44117994
  1094    0.19062883    0.43759615
  1095    0.20529676    0.53919525
  1096    0.21454767    0.63858177
  1097    0.21375948    0.62772115
  1098    0.21939022    0.73651842
  1099    0.22048027    0.83205079
  1100    0.22053206    0.81665811
  1101    0.21852825    0.92208834
  1102    0.21427884    1.00647258
  1103    0.21508757    0.99333567
  1104    0.20859728    1.08223968
  1105    0.20210908    1.14991807
  1106    0.20300284    1.14134184
  1107    0.19564021    1.20703982
  1108    0.18958970    1.25456471
  1109    0.19014143    1.25041732
  1110    0.18457814    1.29080974
  1111    0.18077030    1.31684610
  1112    0.18093467    1.31574599
  1113    0.17848181    1.33195646
  1114    0.17770289    1.33701500
  1115    0.17770289    1.33701500
  1116   -0.21412234    0.40782787
  1117   -0.28367397    0.23705236
  1118   -0.29455460    0.07266850
  1119   -0.29455460    0.07266850
  1120   -0.29455460    0.07266850
  1121   -0.28501096    0.23131012
  1122   -0.21186581    0.41164770
  1123   -0.21283235    0.41001858
  1124    0.06839838    0.67230726
  1125   -0.08736972    0.56512608
  1126   -0.08902922    0.56359017
  1127    0.07056933    0.67336673
  1128    0.06961157    0.67290060
  1129    0.37285171    0.72960455
  1130    0.23062464    0.72491310
  1131    0.23062464    0.72491310
  1132    0.37117976    0.72977533
  1133    0.37191806    0.72970060
  1134    0.55338277    0.67501577
  1135    0.48017056    0.70639835
  1136    0.48119666    0.70605275
  1137    0.55214906    0.67566548
  1138    0.55267766    0.67538765
  1139    0.59200385    0.65230614
  1140    0.59282920    0.65176798
  1141   -0.29455460    0.07266850
  1142   -0.29455460    0.07266850
  1143   -0.28228597    0.24274219
  1144   -0.19761105    0.43454829
  1145   -0.20388635    0.42471574
  1146   -0.07741338    0.57413047
  1147    0.08201297    0.67878078
  1148    0.07693121    0.67641180
  1149    0.23062464    0.72491310
  1150    0.36227494    0.73059146
  1151    0.36624842    0.73024669
  1152    0.47396919    0.70843381
  1153    0.54431977    0.67968556
  1154    0.54777474    0.67793337
  1155    0.59115887    0.65285469
  1156   -0.29455460    0.07266850
  1157   -0.29455460    0.07266850
  1158   -0.29093127    0.20139152
  1159   -0.24459914    0.34940082
  1160   -0.22541392    0.38779023
  1161   -0.12998435    0.52218317
  1162   -0.05831731    0.59043975
  1163    0.02974367    0.65165236
  1164    0.12312027    0.69593455
  1165    0.10428655    0.68851297
  1166   -0.17406859    0.46846536
  1167   -0.08059775    0.57128926
  1168   -0.07023401    0.58040635
  1169    0.01971114    0.64571598
  1170    0.12585900    0.69695342
  1171    0.12458592    0.69648169
  1172    0.23062464    0.72491310
  1173    0.32896047    0.73226833
  1174    0.34448856    0.73175487
  1175    0.23062464    0.72491310
  1176    0.32666381    0.73230489
  1177    0.32773263    0.73228913
  1178    0.40173198    0.72576575
  1179    0.46185157    0.71215127
  1180    0.50587680    0.69696722
  1181    0.56997765    0.66583328
  1182    0.55953942    0.67170617
  1183    0.46944849    0.70986057
  1184    0.47596109    0.70778994
  1185    0.53121259    0.68602658
  1186    0.40896332    0.72453733
  1187    0.59668844    0.64922052
  1188   -0.29455460    0.07266850
  1189   -0.29455460    0.07266850
  1190   -0.29213036    0.19393423
  1191   -0.25145695    0.33393951
  1192   -0.24838569    0.34100011
  1193   -0.18311274    0.45594587
  1194   -0.08690100    0.56555805
  1195   -0.08398165    0.56823036
  1196    0.01589409    0.64339240
  1197    0.12588174    0.69696182
  1198    0.12587084    0.69695779
  1199    0.23062464    0.72491310
  1200    0.32664469    0.73230515
  1201    0.32665385    0.73230503
  1202    0.41168720    0.72404637
  1203    0.47988035    0.70649564
  1204    0.47806902    0.70709835
  1205    0.53627766    0.68363296
  1206    0.57372264    0.66364396
  1207    0.57204341    0.66463109
  1208    0.59753582    0.64865424
  1209   -0.29455460    0.07266850
  1210   -0.29455460    0.07266850
  1211   -0.29038223    0.20459355
  1212   -0.24241716    0.35410114
  1213   -0.24665979    0.34486897
  1214   -0.17222128    0.47095126
  1215   -0.07332823    0.57772333
  1216   -0.07968803    0.57210461
  1217    0.02554290    0.64919657
  1218    0.13099536    0.69882342
  1219    0.12860391    0.69795938
  1220    0.23062464    0.72491310
  1221    0.32232950    0.73234639
  1222    0.32435192    0.73233150
  1223    0.40477264    0.72526244
  1224    0.47140196    0.70924991
  1225    0.47539286    0.70797457
  1226    0.53017303    0.68650913
  1227    0.56878896    0.66651900
  1228    0.57110131    0.66518102
  1229    0.59631058    0.64947222
  1230   -0.29455460    0.07266850
  1231   -0.29455460    0.07266850
  1232   -0.29473681    0.17439683
  1233   -0.26873849    0.28881504
  1234   -0.25754980    0.31918790
  1235   -0.20174315    0.42811581
  1236   -0.15497176    0.49309990
  1237   -0.09660989    0.55644231
  1238   -0.03062438    0.61202631
  1239   -0.05107876    0.59630953
  1240   -0.22533212    0.38794137
  1241   -0.16506982    0.48036048
  1242   -0.16028268    0.48647668
  1243   -0.09687016    0.55619300
  1244   -0.01899706    0.62041564
  1245   -0.02454021    0.61646385
  1246    0.05465982    0.66535887
  1247    0.14278771    0.70291668
  1248    0.13723383    0.70102343
  1249    0.06359626    0.66992661
  1250    0.14807462    0.70466211
  1251    0.14556764    0.70384134
  1252    0.23062464    0.72491310
  1253    0.31224305    0.73230424
  1254    0.31701724    0.73234833
  1255    0.23062464    0.72491310
  1256    0.30765854    0.73222116
  1257    0.30983733    0.73226561
  1258    0.38330674    0.72840982
  1259    0.44372755    0.71708591
  1260    0.45717871    0.71349446
  1261    0.37653066    0.72920912
  1262    0.43591291    0.71898804
  1263    0.43965399    0.71809416
  1264    0.48585712    0.70445128
  1265    0.52037770    0.69091267
  1266    0.54659634    0.67853484
  1267    0.58329577    0.65784391
  1268    0.57706818    0.66165058
  1269    0.52341114    0.68957647
  1270    0.52613179    0.68835715
  1271    0.55949489    0.67173051
  1272    0.48601636    0.70439564
  1273    0.59953905    0.64730555
  1274   -0.29455460    0.07266850
  1275   -0.29455460    0.07266850
  1276   -0.29575209    0.16454149
  1277   -0.27556085    0.26735097
  1278   -0.27246728    0.27743349
  1279   -0.23059993    0.37801192
  1280   -0.16406863    0.48165140
  1281   -0.16454069    0.48104352
  1282   -0.09221738    0.56061060
  1283   -0.00845504    0.62769726
  1284   -0.01347952    0.62426451
  1285    0.07153526    0.67383478
  1286    0.15314314    0.70628370
  1287    0.15073090    0.70551825
  1288    0.23062464    0.72491310
  1289    0.30322645    0.73210299
  1290    0.30534033    0.73216399
  1291    0.37043409    0.72984970
  1292    0.42871829    0.72062149
  1293    0.43216052    0.71985396
  1294    0.48316201    0.70538376
  1295    0.52556384    0.68861333
  1296    0.52583170    0.68849262
  1297    0.56236077    0.67015160
  1298    0.58718851    0.65539978
  1299    0.58541081    0.65652219
  1300    0.60042966    0.64670140
  1301   -0.29455460    0.07266850
  1302   -0.29455460    0.07266850
  1303   -0.29673400    0.15218468
  1304   -0.28281910    0.24058704
  1305   -0.27956334    0.25322904
  1306   -0.25307990    0.33011160
  1307   -0.20833521    0.41751191
  1308   -0.18830705    0.44847810
  1309   -0.12560584    0.52695667
  1310   -0.08623748    0.56616816
  1311   -0.03418530    0.60937967
  1312    0.02088897    0.64642568
  1313    0.00676256    0.63768538
  1314   -0.15995068    0.48689564
  1315   -0.10471991    0.54854832
  1316   -0.09584886    0.55716980
  1317   -0.04266549    0.60292649
  1318    0.02301372    0.64769731
  1319    0.02199356    0.64708815
  1320    0.09032102    0.68253397
  1321    0.16015921    0.70844526
  1322    0.15680661    0.70742438
  1323    0.09292593    0.68368040
  1324    0.16307702    0.70931592
  1325    0.16167778    0.70890046
  1326    0.23062464    0.72491310
  1327    0.29703081    0.73187557
  1328    0.30000020    0.73199361
  1329    0.23062464    0.72491310
  1330    0.29443324    0.73175868
  1331    0.29568046    0.73181639
  1332    0.35571191    0.73109281
  1333    0.40811978    0.72468623
  1334    0.41814338    0.72282047
  1335    0.35363683    0.73123374
  1336    0.40659444    0.72495171
  1337    0.40732739    0.72482474
  1338    0.44609606    0.71648283
  1339    0.47946925    0.70663312
  1340    0.50329460    0.69798867
  1341    0.55021598    0.67667455
  1342    0.53916927    0.68223457
  1343    0.48539122    0.70461373
  1344    0.49079524    0.70269710
  1345    0.52322199    0.68966051
  1346    0.45169077    0.71500871
  1347    0.57461171    0.66311770
  1348    0.59148211    0.65264513
  1349    0.58953008    0.65390522
  1350    0.60143122    0.64601862
  1351   -0.29455460    0.07266850
  1352   -0.29455460    0.07266850
  1353   -0.29720304    0.14398207
  1354   -0.28685847    0.22287426
  1355   -0.28501514    0.23129170
  1356   -0.26319515    0.30447688
  1357   -0.22654444    0.38569187
  1358   -0.21809111    0.40096653
  1359   -0.17922491    0.46140040
  1360   -0.12283623    0.52993017
  1361   -0.11422699    0.53895352
  1362   -0.05235063    0.59529015
  1363    0.02281025    0.64757601
  1364    0.02290735    0.64763391
  1365    0.09374189    0.68403655
  1366    0.16579634    0.71011245
  1367    0.16449027    0.70973167
  1368    0.23062464    0.72491310
  1369    0.29200118    0.73163771
  1370    0.29317064    0.73169727
  1371    0.35298512    0.73127626
  1372    0.40674072    0.72492646
  1373    0.40667092    0.72493851
  1374    0.45800302    0.71326113
  1375    0.50165457    0.69862868
  1376    0.49652292    0.70058769
  1377    0.53410519    0.68466827
  1378    0.56015467    0.67136922
  1379    0.55554957    0.67386381
  1380    0.58019273    0.65975643
  1381    0.59399206    0.65100580
  1382    0.59283181    0.65176628
  1383    0.60202437    0.64561258
  1384   -0.29455460    0.07266850
  1385   -0.29455460    0.07266850
  1386   -0.29744408    0.13820302
  1387   -0.28933498    0.21039775
  1388   -0.28819084    0.21635454
  1389   -0.26976558    0.28575543
  1390   -0.23886062    0.36155951
  1391   -0.23310338    0.37314578
  1392   -0.19782270    0.43422263
  1393   -0.14797570    0.50157681
  1394   -0.13610300    0.51535881
  1395   -0.09207910    0.56074063
  1396   -0.03168982    0.61123829
  1397   -0.00577713    0.62949911
  1398    0.05873531    0.66746434
  1399    0.09314814    0.68377753
  1400    0.13718010    0.70100481
  1401    0.18080252    0.71425083
  1402    0.17355466    0.71230624
  1403    0.02166522    0.64689154
  1404    0.07522786    0.67560519
  1405    0.08395904    0.67967321
  1406    0.12757912    0.69758559
  1407    0.17906746    0.71379451
  1408    0.17990983    0.71401677
  1409    0.23062464    0.72491310
  1410    0.27838249    0.73075482
  1411    0.28500237    0.73122750
  1412    0.23062464    0.72491310
  1413    0.27997447    0.73087600
  1414    0.27920214    0.73081781
  1415    0.31706322    0.73234855
  1416    0.35345943    0.73124539
  1417    0.38022773    0.72878446
  1418    0.44443742    0.71690647
  1419    0.42687378    0.72102226
  1420    0.36074510    0.73071589
  1421    0.36757342    0.73012478
  1422    0.40756306    0.72478368
  1423    0.32521623    0.73232275
  1424    0.48307693    0.70541291
  1425    0.51635658    0.69264642
  1426    0.50946403    0.69552005
  1427    0.54443654    0.67962690
  1428    0.56685323    0.66762627
  1429    0.56372214    0.66939286
  1430    0.58387576    0.65748293
  1431    0.59560421    0.64994142
  1432    0.59485049    0.65044016
  1433    0.60240739    0.64534972
  1434   -0.29455460    0.07266850
  1435   -0.29455460    0.07266850
  1436   -0.29757358    0.13394688
  1437   -0.29097225    0.20114760
  1438   -0.29020913    0.20557908
  1439   -0.27423053    0.27176562
  1440   -0.24737189    0.34328099
  1441   -0.24336640    0.35206841
  1442   -0.21104011    0.41303126
  1443   -0.16635914    0.47868867
  1444   -0.15765008    0.48978064
  1445   -0.11465879    0.53850868
  1446   -0.05785887    0.59081644
  1447   -0.04535135    0.60083766
  1448    0.00071345    0.63378754
  1449    0.06069337    0.66846256
  1450    0.06771256    0.67197040
  1451    0.11886051    0.69431956
  1452    0.17640360    0.71308266
  1453    0.17769392    0.71342916
  1454    0.23062464    0.72491310
  1455    0.28240975    0.73105218
  1456    0.28123149    0.73096833
  1457    0.33251292    0.73219184
  1458    0.37874173    0.72895844
  1459    0.37337875    0.72954956
  1460    0.42237422    0.72196933
  1461    0.46155695    0.71223743
  1462    0.45344946    0.71453085
  1463    0.49678153    0.70049053
  1464    0.52686240    0.68802632
  1465    0.52190950    0.69024099
  1466    0.55169729    0.67590228
  1467    0.57148990    0.66495453
  1468    0.56930596    0.66622130
  1469    0.58642111    0.65588559
  1470    0.59671688    0.64920155
  1471    0.59619259    0.64955071
  1472    0.60267081    0.64516863
  1473   -0.29455460    0.07266850
  1474   -0.29455460    0.07266850
  1475   -0.29764523    0.13066803
  1476   -0.29212575    0.19396432
  1477   -0.29158450    0.19741547
  1478   -0.27749719    0.26068852
  1479   -0.25377051    0.32846130
  1480   -0.25074700    0.33559245
  1481   -0.22094659    0.39591131
  1482   -0.18016633    0.46008989
  1483   -0.17360632    0.46908962
  1484   -0.13112540    0.52092429
  1485   -0.07663590    0.57481874
  1486   -0.06766111    0.58261255
  1487   -0.01216275    0.62517074
  1488    0.05432650    0.66518501
  1489    0.05738110    0.66676890
  1490    0.11517135    0.69289101
  1491    0.17628483    0.71305060
  1492    0.17634227    0.71306611
  1493    0.23062464    0.72491310
  1494    0.28251808    0.73105975
  1495    0.28246569    0.73105609
  1496    0.33557029    0.73210659
  1497    0.38355774    0.72837844
  1498    0.38125290    0.72866184
  1499    0.43126074    0.72005706
  1500    0.47348163    0.70858999
  1501    0.46781821    0.71036340
  1502    0.50654763    0.69669909
  1503    0.53463190    0.68441846
  1504    0.53095262    0.68614753
  1505    0.55710648    0.67302751
  1506    0.57499044    0.66289276
  1507    0.57333412    0.66387314
  1508    0.58831459    0.65468333
  1509    0.59753250    0.64865647
  1510    0.59714592    0.64891511
  1511    0.60286284    0.64503647
  1512   -0.29455460    0.07266850
  1513   -0.29455460    0.07266850
  1514   -0.29768633    0.12791248
  1515   -0.29302933    0.18782368
  1516   -0.29260394    0.19077937
  1517   -0.28015531    0.25101718
  1518   -0.25909239    0.31527688
  1519   -0.25657242    0.32162694
  1520   -0.22987184    0.37940880
  1521   -0.19339802    0.44094767
  1522   -0.18711689    0.45020793
  1523   -0.15002629    0.49912053
  1524   -0.10146865    0.55174435
  1525   -0.08963376    0.56302812
  1526   -0.04975071    0.59736853
  1527    0.00422355    0.63606083
  1528    0.02824833    0.65078307
  1529    0.08442477    0.67988557
  1530    0.11325297    0.69213714
  1531    0.15086893    0.70556236
  1532    0.18805500    0.71609581
  1533    0.18234341    0.71465125
  1534    0.05038284    0.66310868
  1535    0.09625151    0.68512312
  1536    0.10456055    0.68862619
  1537    0.14150065    0.70248339
  1538    0.18589452    0.71555672
  1539    0.18694639    0.71582030
  1540    0.23062464    0.72491310
  1541    0.27167807    0.73019234
  1542    0.27696482    0.73064291
  1543    0.23062464    0.72491310
  1544    0.27368378    0.73036944
  1545    0.27270817    0.73028424
  1546    0.30521959    0.73216073
  1547    0.33715314    0.73205538
  1548    0.36037831    0.73074504
  1549    0.41992363    0.72246696
  1550    0.40281648    0.72558843
  1551    0.34426591    0.73176553
  1552    0.35097551    0.73140216
  1553    0.38651793    0.72799873
  1554    0.31335322    0.73231836
  1555    0.45631652    0.71373687
  1556    0.48882143    0.70340538
  1557    0.48156992    0.70592640
  1558    0.51753822    0.69214135
  1559    0.54199191    0.68084692
  1560    0.53850779    0.68255652
  1561    0.56196479    0.67037124
  1562    0.57791915    0.66113783
  1563    0.57652994    0.66197369
  1564    0.58988137    0.65367941
  1565    0.59819614    0.64821123
  1566    0.59788057    0.64842314
  1567    0.60301682    0.64493039
  1568   -0.29455460    0.07266850
  1569   -0.29455460    0.07266850
  1570   -0.29770822    0.12544125
  1571   -0.29378972    0.18219876
  1572   -0.29343133    0.18490961
  1573   -0.28241975    0.24220478
  1574   -0.26368240    0.30315269
  1575   -0.26150776    0.30899232
  1576   -0.23741010    0.36453321
  1577   -0.20445008    0.42381396
  1578   -0.19919947    0.43209432
  1579   -0.16506621    0.48036513
  1580   -0.12063222    0.53227151
  1581   -0.11149113    0.54175344
  1582   -0.07230481    0.57861437
  1583   -0.02118347    0.61886719
  1584   -0.00897861    0.62734273
  1585    0.02955595    0.65154353
  1586    0.08086864    0.67825221
  1587    0.08832580    0.68164610
  1588    0.13179019    0.69910806
  1589    0.18185805    0.71452561
  1590    0.18381698    0.71502991
  1591    0.23062464    0.72491310
  1592    0.27741176    0.73067860
  1593    0.27560567    0.73053207
  1594    0.32165562    0.73234962
  1595    0.36317239    0.73051631
  1596    0.35729570    0.73097957
  1597    0.40186825    0.72574360
  1598    0.43739194    0.71863830
  1599    0.42907812    0.72054246
  1600    0.47075671    0.70945260
  1601    0.50034573    0.69913458
  1602    0.49488130    0.70120054
  1603    0.52612975    0.68835807
  1604    0.54808443    0.67777463
  1605    0.54519565    0.67924459
  1606    0.56606419    0.66807429
  1607    0.58046389    0.65959056
  1608    0.57925567    0.66032781
  1609    0.59123984    0.65280223
  1610    0.59877683    0.64782038
  1611    0.59850023    0.64800671
  1612    0.60314913    0.64483918
  1613   -0.29455460    0.07266850
  1614   -0.29455460    0.07266850
  1615   -0.29771584    0.12281936
  1616   -0.29454236    0.17608659
  1617   -0.29418931    0.17903175
  1618   -0.28456385    0.23326131
  1619   -0.26792936    0.29118802
  1620   -0.26592050    0.29694578
  1621   -0.24414184    0.35039411
  1622   -0.21412239    0.40782779
  1623   -0.20953233    0.41553854
  1624   -0.17752185    0.46375478
  1625   -0.13586908    0.51562309
  1626   -0.12860505    0.52369664
  1627   -0.08909077    0.56353301
  1628   -0.03902956    0.60571953
  1629   -0.03046967    0.61214047
  1630    0.01406786    0.64226786
  1631    0.06839808    0.67230711
  1632    0.07441620    0.67521860
  1633    0.12343958    0.69605412
  1634    0.17774472    0.71344274
  1635    0.17973337    0.71397032
  1636    0.23062464    0.72491310
  1637    0.28118505    0.73096497
  1638    0.27936402    0.73083010
  1639    0.32869321    0.73227310
  1640    0.37285194    0.72960452
  1641    0.36820359    0.73006558
  1642    0.41298514    0.72380696
  1643    0.44929985    0.71564724
  1644    0.44362439    0.71711190
  1645    0.48123467    0.70603990
  1646    0.50932733    0.69557580
  1647    0.50506474    0.69729027
  1648    0.53315126    0.68511876
  1649    0.55338279    0.67501575
  1650    0.55087184    0.67633342
  1651    0.56972844    0.66597741
  1652    0.58284011    0.65812673
  1653    0.58171310    0.65882331
  1654    0.59255183    0.65194910
  1655    0.59937824    0.64741434
  1656    0.59909231    0.64760755
  1657    0.60328348    0.64474649
  1658   -0.24706159   -0.05051769
  1659   -0.15472090   -0.10151372
  1660   -0.15327388   -0.10160311
  1661   -0.15219333   -0.10165884
  1662   -0.24946277   -0.04744331
  1663   -0.03138669   -0.05421315
  1664    0.08525121    0.10002170
  1665    0.08603319    0.10154525
  1666    0.08664918    0.10275139
  1667   -0.03281140   -0.05537518
  1668    0.17209269    0.34618739
  1669    0.21454763    0.63858122
  1670    0.21439296    0.63639202
  1671    0.21426935    0.63466365
  1672    0.17209269    0.34618739
  1673    0.21864078    0.91899066
  1674    0.20210909    1.14991798
  1675    0.20236268    1.14750447
  1676    0.20255145    1.14569781
  1677    0.21853233    0.92197756
  1678    0.18487343    1.28874006
  1679    0.18442810    1.29185849
  1680   -0.14338684   -0.10176721
  1681   -0.13659606   -0.10143963
  1682   -0.24463554   -0.05348123
  1683    0.09071031    0.11083820
  1684    0.09391611    0.11739149
  1685   -0.02292616   -0.04700317
  1686    0.21341447    0.62318182
  1687    0.21268895    0.61400875
  1688    0.17209269    0.34618739
  1689    0.20406987    1.13083404
  1690    0.20521479    1.11920264
  1691    0.21922942    0.90107569
  1692    0.18532578    1.28555447
  1693   -0.16763965   -0.09994648
  1694   -0.19082487   -0.09339147
  1695   -0.26119064   -0.03006442
  1696    0.10756573    0.14709487
  1697    0.11859276    0.17345609
  1698    0.05932861    0.05398044
  1699   -0.00710714   -0.03206808
  1700   -0.06935886   -0.08020900
  1701   -0.01691670   -0.04155587
  1702   -0.02561598   -0.04935316
  1703   -0.11205142   -0.09739914
  1704    0.11943092    0.17555547
  1705    0.12015661    0.17738463
  1706    0.05228142    0.04283198
  1707    0.20904926    0.57378940
  1708    0.20536421    0.53977200
  1709    0.17209269    0.34618739
  1710    0.20505322    0.53712471
  1711    0.20478020    0.53482527
  1712    0.17209269    0.34618739
  1713    0.21493818    0.99582888
  1714    0.22005681    0.86673180
  1715    0.21839896    0.70828244
  1716    0.19980693    1.17116647
  1717    0.19553257    1.20792860
  1718    0.20913613    1.07592024
  1719    0.21905275    0.90680463
  1720    0.21958737    0.88816184
  1721    0.21906995    0.72635548
  1722    0.18229956    1.30653049
  1723   -0.19562824   -0.09137090
  1724   -0.19959085   -0.08951661
  1725   -0.26390437   -0.02537505
  1726   -0.02849093   -0.05180522
  1727   -0.03098504   -0.05388285
  1728   -0.12131750   -0.09943968
  1729    0.12016335    0.17740167
  1730    0.12016956    0.17741736
  1731    0.04956554    0.03867827
  1732    0.20477764    0.53480388
  1733    0.20477529    0.53478419
  1734    0.17209269    0.34618739
  1735    0.21885305    0.91289339
  1736    0.21867088    0.91814707
  1737    0.21929104    0.73322981
  1738    0.19462952    1.21531708
  1739    0.19388118    1.22135124
  1740    0.20769858    1.09249032
  1741    0.18182188    1.30977228
  1742   -0.19342808   -0.09232671
  1743   -0.18809521   -0.09443268
  1744   -0.25999935   -0.03203391
  1745   -0.02484600   -0.04868599
  1746   -0.01949742   -0.04392873
  1747   -0.11018208   -0.09691320
  1748    0.12171383    0.18134635
  1749    0.12306222    0.18481776
  1750    0.05639389    0.04927180
  1751    0.20418233    0.52986745
  1752    0.20365116    0.52554817
  1753    0.17209269    0.34618739
  1754    0.21910434    0.90516789
  1755    0.21943997    0.89372719
  1756    0.21869587    0.71585076
  1757    0.19504375    1.21194280
  1758    0.19604351    1.20369429
  1759    0.20941931    1.07254318
  1760    0.18251136    1.30508732
  1761   -0.20765066   -0.08519174
  1762   -0.22331092   -0.07442382
  1763   -0.27060270   -0.01240211
  1764   -0.00124749   -0.02603959
  1765    0.01491527   -0.00795491
  1766   -0.03937327   -0.06053591
  1767   -0.09308345   -0.09132747
  1768   -0.14105473   -0.10169450
  1769   -0.09828139   -0.09324191
  1770   -0.10301661   -0.09482181
  1771   -0.16754432   -0.09996324
  1772    0.01961206   -0.00228358
  1773    0.02384754    0.00299761
  1774   -0.03960013   -0.06070875
  1775    0.12654312    0.19396057
  1776    0.12959738    0.20220624
  1777    0.07626141    0.08310064
  1778    0.13111027    0.20637113
  1779    0.13246551    0.21014865
  1780    0.08213699    0.09403772
  1781    0.20221989    0.51428136
  1782    0.20088949    0.50425210
  1783    0.17209269    0.34618739
  1784    0.20020342    0.49923264
  1785    0.19957307    0.49470638
  1786    0.17209269    0.34618739
  1787    0.22026497    0.85371620
  1788    0.22053188    0.81693634
  1789    0.21615287    0.66336606
  1790    0.22051789    0.80599435
  1791    0.22046716    0.79602416
  1792    0.21513914    0.64724581
  1793    0.20446571    1.12685622
  1794    0.21189401    1.04111149
  1795    0.21799968    0.93562574
  1796    0.19235167    1.23344940
  1797    0.18936490    1.25624499
  1798    0.19982416    1.17101166
  1799    0.21048239    1.05949083
  1800    0.21116463    1.05077095
  1801    0.21798031    0.93609445
  1802    0.18067767    1.31746518
  1803   -0.22885358   -0.06975988
  1804   -0.23361401   -0.06534729
  1805   -0.27374915   -0.00547483
  1806   -0.10249084   -0.09465414
  1807   -0.10202229   -0.09450307
  1808   -0.17373893   -0.09870729
  1809    0.02802236    0.00836145
  1810    0.03178863    0.01333806
  1811   -0.03556030   -0.05757527
  1812    0.13389201    0.21417349
  1813    0.13517899    0.21784849
  1814    0.08726919    0.10397081
  1815    0.19889305    0.48991098
  1816    0.19826460    0.48555659
  1817    0.17209269    0.34618739
  1818    0.22038031    0.78609868
  1819    0.22026934    0.77705885
  1820    0.21414334    0.63292052
  1821    0.21055896    1.05852636
  1822    0.21062702    1.05766606
  1823    0.21831575    0.92771667
  1824    0.18830830    1.26407003
  1825    0.18740335    1.27068023
  1826    0.19869837    1.18101025
  1827    0.18016217    1.32089864
  1828   -0.24004321   -0.05872717
  1829   -0.24555992   -0.05236842
  1830   -0.27746600    0.00358200
  1831   -0.12672873   -0.10034467
  1832   -0.14827211   -0.10178261
  1833   -0.20171078   -0.08845251
  1834    0.04299059    0.02893955
  1835    0.05311560    0.04412350
  1836    0.01214295   -0.01121279
  1837   -0.03041704   -0.05341374
  1838   -0.06531864   -0.07792649
  1839   -0.03871051   -0.06002887
  1840   -0.04649258   -0.06578319
  1841   -0.09795476   -0.09312716
  1842    0.05389626    0.04533892
  1843    0.05461583    0.04646504
  1844    0.00547067   -0.01878654
  1845    0.13711811    0.22346609
  1846    0.13887631    0.22864549
  1847    0.09908406    0.12828433
  1848    0.13966753    0.23100364
  1849    0.14039372    0.23318320
  1850    0.10068567    0.13174538
  1851    0.19729018    0.47894441
  1852    0.19637712    0.47289435
  1853    0.17209269    0.34618739
  1854    0.19595678    0.47015430
  1855    0.19556572    0.46762976
  1856    0.17209269    0.34618739
  1857    0.21974468    0.74967122
  1858    0.21899795    0.72423406
  1859    0.21141986    0.59900917
  1860    0.21892879    0.72224445
  1861    0.21886352    0.72040685
  1862    0.21100047    0.59430559
  1863    0.21540566    0.98791622
  1864    0.21871308    0.91695293
  1865    0.22052000    0.82333989
  1866    0.20683431    1.10203738
  1867    0.20323204    1.13911020
  1868    0.21121107    1.05016668
  1869    0.21736258    0.95023544
  1870    0.21805590    0.93425528
  1871    0.22043272    0.83858860
  1872    0.18618758    1.27943384
  1873    0.18515316    1.28677228
  1874    0.19347976    1.22455635
  1875    0.17957741    1.32476974
  1876   -0.24947039   -0.04743331
  1877   -0.25290351   -0.04277454
  1878   -0.27978894    0.00982674
  1879   -0.15920864   -0.10112771
  1880   -0.16895977   -0.09970619
  1881   -0.21539303   -0.08028477
  1882   -0.05497240   -0.07156175
  1883   -0.06278016   -0.07643421
  1884   -0.11731062   -0.09863285
  1885    0.05454086    0.04634745
  1886    0.05447242    0.04624015
  1887   -0.00227172   -0.02711315
  1888    0.14112440    0.23539109
  1889    0.14179717    0.23743740
  1890    0.10118552    0.13283400
  1891    0.19516708    0.46508016
  1892    0.19479538    0.46272410
  1893    0.17209269    0.34618739
  1894    0.21887039    0.72059847
  1895    0.21887665    0.72077338
  1896    0.21086697    0.59283219
  1897    0.21652799    0.96737587
  1898    0.21569116    0.98291379
  1899    0.22023265    0.85600311
  1900    0.20131694    1.15736035
  1901    0.19956809    1.17330735
  1902    0.20832698    1.08535953
  1903    0.18442669    1.29186833
  1904    0.18379479    1.29626363
  1905    0.19087611    1.24484128
  1906    0.17922857    1.32706722
  1907   -0.25549123   -0.03904198
  1908   -0.25780043   -0.03553677
  1909   -0.28135447    0.01434010
  1910   -0.17672461   -0.09797862
  1911   -0.18370168   -0.09595122
  1912   -0.22481845   -0.07320330
  1913   -0.07506146   -0.08323764
  1914   -0.08632212   -0.08855623
  1915   -0.13682327   -0.10145627
  1916    0.03378219    0.01602608
  1917    0.01408760   -0.00893445
  1918   -0.03544075   -0.05748073
  1919    0.14574400    0.24970876
  1920    0.14935400    0.26135272
  1921    0.12651337    0.19388129
  1922    0.10082188    0.13204163
  1923    0.07895393    0.08805643
  1924    0.09513480    0.11992311
  1925    0.08962817    0.10866022
  1926    0.05366438    0.04497721
  1927    0.14891341    0.25990915
  1928    0.14849662    0.25854940
  1929    0.12113365    0.17986443
  1930    0.19252154    0.44873288
  1931    0.19029385    0.43566966
  1932    0.17209269    0.34618739
  1933    0.19057370    0.43727818
  1934    0.19083635    0.43879613
  1935    0.17209269    0.34618739
  1936    0.21570449    0.65601503
  1937    0.21096421    0.59390434
  1938    0.20223250    0.51437839
  1939    0.22019767    0.77224033
  1940    0.22052987    0.81885234
  1941    0.21894951    0.72283587
  1942    0.21364915    0.62625623
  1943    0.21240096    0.61049554
  1944    0.20440701    0.53171840
  1945    0.21425190    1.00689591
  1946    0.21281076    1.02840798
  1947    0.21832537    0.92746773
  1948    0.19815120    1.18578443
  1949    0.19686209    1.19682554
  1950    0.20517687    1.11959419
  1951    0.18332283    1.29952427
  1952    0.18290531    1.30239329
  1953    0.18907731    1.25838655
  1954    0.17900231    1.32855274
  1955   -0.25962956   -0.03263478
  1956   -0.26128075   -0.02991330
  1957   -0.28246912    0.01772512
  1958   -0.18927941   -0.09399032
  1959   -0.19433361   -0.09193959
  1960   -0.23154701   -0.06731167
  1961   -0.09569763   -0.09231381
  1962   -0.10430024   -0.09522303
  1963   -0.15127266   -0.10169891
  1964    0.00333668   -0.02113049
  1965   -0.00673384   -0.03169217
  1966   -0.05536105   -0.07181442
  1967    0.08480829    0.09916253
  1968    0.08023983    0.09045658
  1969    0.03857449    0.02264324
  1970    0.14781484    0.25633728
  1971    0.14717192    0.25426490
  1972    0.11614029    0.16739381
  1973    0.19126169    0.44127150
  1974    0.19165794    0.44359715
  1975    0.17209269    0.34618739
  1976    0.21463413    0.63981875
  1977    0.21548078    0.65248284
  1978    0.20624796    0.54746615
  1979    0.22038790    0.84341799
  1980    0.22007173    0.86590748
  1981    0.21998750    0.76055970
  1982    0.21152979    1.04598098
  1983    0.21029462    1.06184163
  1984    0.21648785    0.96815479
  1985    0.19582206    1.20553438
  1986    0.19487338    1.21333362
  1987    0.20271187    1.14415553
  1988    0.18257734    1.30463696
  1989    0.18228359    1.30663917
  1990    0.18779590    1.26782301
  1991    0.17884625    1.32957531
  1992   -0.26264816   -0.02758205
  1993   -0.26389359   -0.02539425
  1994   -0.28330532    0.02036860
  1995   -0.19866927   -0.08996337
  1996   -0.20261857   -0.08798110
  1997   -0.23668201   -0.06228774
  1998   -0.11158292   -0.09727968
  1999   -0.11827754   -0.09883813
  2000   -0.16247225   -0.10074205
  2001   -0.01478141   -0.03955408
  2002   -0.02227171   -0.04642319
  2003   -0.07041727   -0.08078818
  2004    0.07806166    0.08640374
  2005    0.07604024    0.08269771
  2006    0.02901266    0.00965722
  2007    0.14714130    0.25416653
  2008    0.14711262    0.25407441
  2009    0.11399663    0.16219083
  2010    0.19167669    0.44370769
  2011    0.19169425    0.44381123
  2012    0.17209269    0.34618739
  2013    0.21585606    0.65845776
  2014    0.21618852    0.66396723
  2015    0.20698936    0.55412966
  2016    0.21970196    0.88353451
  2017    0.21927088    0.89967705
  2018    0.22035418    0.78372973
  2019    0.20920732    1.07507496
  2020    0.20817626    1.08708511
  2021    0.21481311    0.99789185
  2022    0.19405547    1.21995286
  2023    0.19330765    1.22592386
  2024    0.20073568    1.16273191
  2025    0.18204213    1.30827975
  2026    0.18182376    1.30975954
  2027    0.18682207    1.27488325
  2028    0.17873224    1.33032121
  2029   -0.26502662   -0.02334780
  2030   -0.26606398   -0.02142504
  2031   -0.28399272    0.02261446
  2032   -0.20633850   -0.08594837
  2033   -0.20973781   -0.08394447
  2034   -0.24102479   -0.05764405
  2035   -0.12548289   -0.10015523
  2036   -0.13209925   -0.10103047
  2037   -0.17287577   -0.09890283
  2038   -0.03333145   -0.05579564
  2039   -0.04362601   -0.06371412
  2040   -0.08829400   -0.08939719
  2041    0.05828659    0.05229763
  2042    0.04114290    0.02628166
  2043   -0.00018044   -0.02491216
  2044    0.15011181    0.26385072
  2045    0.15289100    0.27317913
  2046    0.13396587    0.21438327
  2047    0.11287471    0.15950259
  2048    0.09542571    0.12053077
  2049    0.10772955    0.14747021
  2050    0.10271736    0.13619566
  2051    0.07341244    0.07795786
  2052    0.15235524    0.27135997
  2053    0.15184526    0.26963772
  2054    0.12889334    0.20028646
  2055    0.18980715    0.43289349
  2056    0.18796249    0.42260669
  2057    0.17209269    0.34618739
  2058    0.18832557    0.42460289
  2059    0.18866782    0.42649712
  2060    0.17209269    0.34618739
  2061    0.21233120    0.60965475
  2062    0.20736617    0.55759467
  2063    0.19885737    0.48966181
  2064    0.21850730    0.71097667
  2065    0.21985216    0.75424176
  2066    0.21659855    0.67107931
  2067    0.21044997    0.58830034
  2068    0.20899971    0.57329453
  2069    0.20120256    0.50657618
  2070    0.21849210    0.92306572
  2071    0.21762630    0.94437731
  2072    0.22029677    0.85132829
  2073    0.20703484    1.09984776
  2074    0.20595958    1.11141888
  2075    0.21254725    1.03212916
  2076    0.19260124    1.23149609
  2077    0.19195434    1.23654302
  2078    0.19885601    1.17962459
  2079    0.18162646    1.31109328
  2080    0.18144704    1.31230352
  2081    0.18600284    1.28075169
  2082    0.17864067    1.33091961
  2083   -0.26707332   -0.01950703
  2084   -0.26800026   -0.01770280
  2085   -0.28459716    0.02464760
  2086   -0.21304796   -0.08185316
  2087   -0.21607547   -0.07981446
  2088   -0.24486667   -0.05320484
  2089   -0.13830426   -0.10155514
  2090   -0.14400253   -0.10177940
  2091   -0.18192862   -0.09651039
  2092   -0.05251707   -0.06994093
  2093   -0.06076944   -0.07522026
  2094   -0.10301302   -0.09482067
  2095    0.03139774    0.01281540
  2096    0.02218188    0.00090160
  2097   -0.01864229   -0.04314809
  2098    0.09785125    0.12564810
  2099    0.09319718    0.11590854
  2100    0.05919796    0.05376879
  2101    0.15083332    0.26624699
  2102    0.14987347    0.26306302
  2103    0.12350865    0.18597562
  2104    0.18933738    0.43023898
  2105    0.18996096    0.43376792
  2106    0.17209269    0.34618739
  2107    0.21173412    0.60261168
  2108    0.21285566    0.61607449
  2109    0.20347248    0.52411263
  2110    0.22028233    0.77800091
  2111    0.22049153    0.79995690
  2112    0.21841272    0.70862067
  2113    0.21677782    0.96244161
  2114    0.21591270    0.97893434
  2115    0.21948988    0.89188638
  2116    0.20492903    1.12214240
  2117    0.20396491    1.13188129
  2118    0.21048292    1.05948426
  2119    0.19132346    1.24141529
  2120    0.19074588    1.24583419
  2121    0.19719100    1.19403512
  2122    0.18127366    1.31347070
  2123    0.18111552    1.31453321
  2124    0.18528258    1.28585942
  2125    0.17856190    1.33143397
  2126   -0.26906841   -0.01557049
  2127   -0.27004734   -0.01356381
  2128   -0.28522589    0.02682451
  2129   -0.21924232   -0.07754763
  2130   -0.22213286   -0.07535352
  2131   -0.24865220   -0.04849738
  2132   -0.14959719   -0.10175447
  2133   -0.15472096   -0.10151372
  2134   -0.19025055   -0.09361688
  2135   -0.06808251   -0.07950020
  2136   -0.07484221   -0.08312537
  2137   -0.11556675   -0.09824566
  2138    0.01503533   -0.00781233
  2139    0.00834359   -0.01557131
  2140   -0.03286432   -0.05541806
  2141    0.08911118    0.10762569
  2142    0.08525101    0.10002132
  2143    0.04825938    0.03670819
  2144    0.14882619    0.25962412
  2145    0.14784011    0.25641898
  2146    0.11877561    0.17391288
  2147    0.19062883    0.43759615
  2148    0.19124602    0.44117994
  2149    0.17209269    0.34618739
  2150    0.21375948    0.62772115
  2151    0.21454767    0.63858177
  2152    0.20529676    0.53919525
  2153    0.22053206    0.81665811
  2154    0.22048027    0.83205079
  2155    0.21939022    0.73651842
  2156    0.21508757    0.99333567
  2157    0.21427884    1.00647258
  2158    0.21852825    0.92208834
  2159    0.20300284    1.14134184
  2160    0.20210908    1.14991807
  2161    0.20859728    1.08223968
  2162    0.19014143    1.25041732
  2163    0.18958970    1.25456471
  2164    0.19564021    1.20703982
  2165    0.18093467    1.31574599
  2166    0.18077030    1.31684610
  2167    0.18457814    1.29080974
  2168    0.17848181    1.33195646
