     1   -1.00000000    0.00000000
     2   -0.95618714    0.29275614
     3   -0.83226025    0.55438514
     4   -0.76941470    0.63874957
     5   -0.69805267    0.71604641
     6   -0.92142664    0.38855237
     7   -1.00000000    0.00000000
     8   -1.00000000    0.00000000
     9   -0.63222554    0.77478440
    10   -0.39730508    0.91768659
    11   -0.24820839    0.96870666
    12   -0.09294598    0.99567115
    13   -0.41948537    0.90776210
    14   -0.15594326    0.98776601
    15    0.05682505    0.99838415
    16    0.26966745    0.96295351
    17    0.46995489    0.88269043
    18    0.22006556    0.97548509
    19    0.22024114    0.97544546
    20    0.33436340    0.94244422
    21    0.61891428    0.78545854
    22    0.83809933    0.54551766
    23    0.67540641    0.73744571
    24    0.39586690    0.91830790
    25    0.41614684    0.90929743
    26    0.78075278    0.62484005
    27    0.97839243    0.20675649
    28    0.92390495    0.38262206
    29   -0.57450424    0.81850161
    30   -0.43615584    0.89987115
    31   -0.84739425    0.53096420
    32   -1.00000000    0.00000000
    33   -1.00000000    0.00000000
    34    0.10762481    0.99419158
    35    0.30386576    0.95271486
    36   -0.07122796    0.99746006
    37    0.67296325    0.73967592
    38    0.83447297    0.55104888
    39    0.62391444    0.78149266
    40    0.98261049    0.18567882
    41    0.97936941   -0.20207811
    42    0.98199089    0.18892828
    43    0.96679819   -0.25554110
    44    0.74845078   -0.66319034
    45    0.89414539   -0.44777676
    46   -0.45274214    0.89164150
    47   -0.46917322    0.88310616
    48   -0.85708080    0.51518201
    49   -1.00000000    0.00000000
    50   -1.00000000    0.00000000
    51    0.51279363    0.85851191
    52    0.69478698    0.71921558
    53    0.48560899    0.87417613
    54    0.24352020    0.96989582
    55   -0.10248408    0.99473465
    56    0.31648117    0.94859879
    57    0.38761386    0.92182184
    58   -0.04514098    0.99898063
    59    0.81293690    0.58235179
    60    0.90451101    0.42645027
    61    0.69191323    0.72198067
    62    0.92066852    0.39034533
    63    0.97624653    0.21666269
    64    0.88027129    0.47447071
    65    0.99999873    0.00159665
    66    0.97693342   -0.21354413
    67    0.99549216    0.09484388
    68    0.97333817   -0.22937484
    69    0.96654679   -0.25649037
    70    0.99978994   -0.02049591
    71    0.77369138   -0.63356267
    72    0.39123850   -0.92028932
    73    0.56689764   -0.82378824
    74    0.71978668   -0.69419531
    75    0.87110651   -0.49109414
    76    0.88174325   -0.47172962
    77    0.37004270   -0.92901475
    78   -0.08749898   -0.99616461
    79    0.15653654   -0.98767217
    80   -0.40603977    0.91385541
    81   -0.34090400    0.94009812
    82   -0.81881076    0.57406354
    83   -1.00000000    0.00000000
    84   -1.00000000    0.00000000
    85    0.50918336    0.86065806
    86    0.62132428    0.78355353
    87    0.16057943    0.98702292
    88    0.97060686    0.24067056
    89    0.99896293    0.04553091
    90    0.89022537    0.45552036
    91    0.89579781   -0.44446178
    92    0.76099989   -0.64875200
    93    0.93921098   -0.34334054
    94    0.47436008   -0.88033091
    95    0.18392391   -0.98294048
    96    0.50113943   -0.86536655
    97   -0.02476849   -0.99969321
    98   -0.43633283   -0.89978534
    99   -0.13287686   -0.99113255
   100   -0.52632870   -0.85028119
   101   -0.85260223   -0.52256046
   102   -0.67149986   -0.74100469
   103   -0.18439505    0.98285221
   104   -0.02303029    0.99973477
   105   -0.71520287    0.69891692
   106   -1.00000000    0.00000000
   107   -1.00000000    0.00000000
   108    0.76442802    0.64470908
   109    0.87714177    0.48023153
   110    0.49984662    0.86611394
   111    0.98410841   -0.17756871
   112    0.92005427   -0.39179094
   113    0.99879137    0.04915084
   114    0.57240753   -0.81996928
   115    0.34667598   -0.93798495
   116    0.67444075   -0.73832898
   117   -0.12155765   -0.99258437
   118   -0.41568427   -0.90950898
   119   -0.03732635   -0.99930313
   120   -0.78228338   -0.62292272
   121   -0.97464456   -0.22375875
   122   -0.77512380   -0.63180938
   123   -0.99654210   -0.08308940
   124   -0.92736795    0.37415061
   125   -0.99688848    0.07882484
   126   -0.09803063    0.99518340
   127   -0.17247948    0.98501311
   128   -0.76566230    0.64324276
   129   -1.00000000    0.00000000
   130   -1.00000000    0.00000000
   131    0.97427283    0.22537182
   132    0.99892967   -0.04625484
   133    0.94876103    0.31599447
   134    0.77170243    0.63598377
   135    0.41617957    0.90928244
   136    0.81560132    0.57861428
   137    0.85524409    0.51822538
   138    0.41353908    0.91048637
   139    0.96989006   -0.24354316
   140    0.90228181   -0.43114676
   141    0.99877480    0.04948643
   142    0.79842752   -0.60209093
   143    0.62967670   -0.77685729
   144    0.89248791   -0.45107132
   145    0.43444949   -0.90069620
   146    0.21600106   -0.97639313
   147    0.62206314   -0.78296708
   148    0.11361512   -0.99352484
   149   -0.12596946   -0.99203412
   150    0.25619038   -0.96662634
   151   -0.36654889   -0.93039879
   152   -0.58451892   -0.81138008
   153   -0.21947959   -0.97561709
   154   -0.60006873   -0.79994845
   155   -0.75684934   -0.65358938
   156   -0.47273422   -0.88120506
   157   -0.90090015   -0.43402641
   158   -0.98282620   -0.18453362
   159   -0.84402417   -0.53630513
   160   -0.98289110   -0.18418765
   161   -0.98953142   -0.14431759
   162   -0.90956123   -0.41556993
   163   -0.95225584    0.30530118
   164   -0.66285069    0.74875160
   165   -0.79196317    0.61056887
   166   -0.89275238    0.45054766
   167   -0.98702276    0.16058044
   168   -0.99009131    0.14042504
   169   -0.65987143    0.75137853
   170   -0.25125984    0.96791967
   171   -0.47000782    0.88266225
   172   -0.15646281    0.98768385
   173   -0.14040487    0.99009417
   174   -0.75511684    0.65559023
   175   -1.00000000    0.00000000
   176   -1.00000000    0.00000000
   177    0.92847882    0.37138536
   178    0.97671438    0.21454373
   179    0.57028411    0.82144753
   180    0.78711214   -0.61680992
   181    0.63436823   -0.77303102
   182    0.94483975   -0.32753298
   183   -0.02197525   -0.99975852
   184   -0.25869312   -0.96595956
   185    0.21115943   -0.97745163
   186   -0.76965398   -0.63846123
   187   -0.90539579   -0.42456856
   188   -0.65522394   -0.75543470
   189   -0.99467108    0.10309917
   190   -0.92408467    0.38218782
   191   -0.99973179   -0.02315924
   192   -0.63728163    0.77063099
   193   -0.27492494    0.96146569
   194   -0.66580457    0.74612618
   195   -0.24614187    0.96923381
   196    0.22527411    0.97429543
   197   -0.02564082    0.99967122
   198    0.21108454    0.97746781
   199    0.62828931    0.77797978
   200    0.43792418    0.89901191
   201   -0.16123937    0.98691533
   202   -0.18200225    0.98329811
   203   -0.76876534    0.63953097
   204   -1.00000000    0.00000000
   205   -1.00000000    0.00000000
   206    0.95244435    0.30471259
   207    0.91986873    0.39222636
   208    0.47270836    0.88121893
   209    0.39813694   -0.91732599
   210    0.13139791   -0.99132971
   211    0.49575935   -0.86845994
   212    0.78682092   -0.61718137
   213    0.97491325   -0.22258515
   214    0.75774141   -0.65255494
   215    0.72707300   -0.68656016
   216    0.98440322   -0.17592697
   217   -0.06666754   -0.99777525
   218   -0.26211485   -0.96503669
   219    0.27098770   -0.96258281
   220   -0.48898085   -0.87229452
   221   -0.68904685   -0.72471680
   222   -0.30905290   -0.95104485
   223   -0.84236620   -0.53890555
   224   -0.94680017   -0.32182207
   225   -0.68468908   -0.72883528
   226   -0.98169446   -0.19046256
   227   -0.99847595    0.05518864
   228   -0.93524164   -0.35401000
   229   -0.95102084    0.30912677
   230   -0.84009896    0.54243316
   231   -0.99040200    0.13821679
   232   -0.82044998    0.57171832
   233   -0.67853148    0.73457132
   234   -0.90469769    0.42605409
   235   -0.44023612    0.89788204
   236   -0.16519886    0.98626028
   237   -0.54945652    0.83552231
   238   -0.22640148    0.97403407
   239   -0.17730721    0.98415555
   240   -0.44574437    0.89516030
   241    0.24877411    0.96856153
   242    0.70423309    0.70996884
   243    0.56998399    0.82165580
   244    0.41835219    0.90828489
   245    0.12635173    0.99198550
   246    0.13244407    0.99119048
   247    0.65335250    0.75705384
   248    0.93086979    0.36535111
   249    0.83551224    0.54947183
   250    0.91113026    0.41211849
   251    0.99912282   -0.04187579
   252    0.98624337    0.16529978
   253   -0.18734081    0.98229498
   254   -0.19267385    0.98126285
   255   -0.77222791    0.63534562
   256   -1.00000000    0.00000000
   257   -1.00000000    0.00000000
   258    0.91863340    0.39511098
   259    0.91738981    0.39798986
   260    0.46514081    0.88523670
   261    0.67346113   -0.73922264
   262    0.61604742   -0.78770907
   263    0.96918907   -0.24631799
   264   -0.48104037   -0.87669844
   265   -0.67315654   -0.73950001
   266   -0.03736832   -0.99930156
   267   -0.99720159   -0.07475949
   268   -0.98420072    0.17705631
   269   -0.94695646   -0.32136188
   270   -0.66473992    0.74707485
   271   -0.44110327    0.89745635
   272   -0.78890781    0.61451157
   273    0.20005334    0.97978501
   274    0.53860821    0.84255635
   275    0.05594914    0.99843362
   276    0.74119339    0.67129156
   277    0.94515289    0.32662826
   278    0.78544969    0.61892550
   279    0.94811783    0.31791915
   280    0.98988022   -0.14190541
   281    0.99547438    0.09503034
   282    0.99513606   -0.09851001
   283    0.84117060   -0.54076984
   284    0.93699554   -0.34934132
   285    0.87344851   -0.48691653
   286    0.56098426   -0.82782647
   287    0.71561927   -0.69849056
   288   -0.18827194    0.98211694
   289   -0.18386625    0.98295127
   290   -0.76937127    0.63880189
   291   -1.00000000    0.00000000
   292   -1.00000000    0.00000000
   293    0.92244123    0.38613751
   294    0.92733878    0.37422291
   295    0.48044292    0.87702599
   296    0.59428069   -0.80425771
   297    0.57207130   -0.82020390
   298    0.95849932   -0.28509481
   299   -0.65515595   -0.75549367
   300   -0.63677548   -0.77104928
   301   -0.04062983   -0.99917427
   302   -0.89960564    0.43670321
   303   -0.74792441    0.66378391
   304   -0.92729535    0.37433051
   305   -0.99913972    0.04147080
   306   -0.92283436   -0.38519702
   307   -0.99178510    0.12791527
   308   -0.97696558    0.21339695
   309   -0.94515833   -0.32661252
   310   -0.59717750    0.80210911
   311   -0.42143546    0.90685840
   312   -0.78045024    0.62521789
   313   -0.26236441    0.96496887
   314   -0.07404580    0.99725484
   315   -0.43450232    0.90067071
   316    0.16737289    0.98589366
   317    0.39901683    0.91694360
   318   -0.00090563    0.99999959
   319    0.53318962    0.84599576
   320    0.52774738    0.84940138
   321    0.23859263    0.97111974
   322    0.88673251    0.46228288
   323    0.99916469   -0.04086466
   324    0.97871885    0.20520578
   325    0.89860268    0.43876330
   326    0.74214185    0.67024284
   327    0.69146019    0.72241457
   328    0.99158728   -0.12943983
   329    0.82963427   -0.55830725
   330    0.95029633   -0.31134689
   331    0.81858909   -0.57437959
   332    0.47017609   -0.88257263
   333    0.66982293   -0.74252087
   334    0.50627369   -0.86237286
   335    0.06223005   -0.99806183
   336    0.27239404   -0.96218579
   337    0.12855157   -0.99170283
   338   -0.33137422   -0.94349941
   339   -0.13730855   -0.99052832
   340   -0.17266663    0.98498032
   341   -0.16144465    0.98688177
   342   -0.76205074    0.64751731
   343   -1.00000000    0.00000000
   344   -1.00000000    0.00000000
   345    0.93676806    0.34995087
   346    0.94556216    0.32544154
   347    0.51291896    0.85843703
   348    0.53396654   -0.84550561
   349    0.49474292   -0.86903938
   350    0.93558316   -0.35310643
   351   -0.69119477   -0.72266852
   352   -0.74194789   -0.67045755
   353   -0.15854320   -0.98735204
   354   -0.93134733    0.36413204
   355   -0.86262872    0.50583762
   356   -0.99477832   -0.10205929
   357   -0.20381352    0.97900973
   358    0.02452191    0.99969929
   359   -0.48639551    0.87373875
   360    0.63700781    0.77085735
   361    0.82532321    0.56466060
   362    0.48908496    0.87223615
   363    0.99596280    0.08976696
   364    0.96257548   -0.27101375
   365    0.98677927    0.16206993
   366    0.87990123   -0.47515664
   367    0.58216450   -0.81307103
   368    0.81854313   -0.57444507
   369    0.48591546   -0.87400582
   370    0.03636027   -0.99933875
   371    0.32298164   -0.94640523
   372    0.01783534   -0.99984094
   373   -0.43840000   -0.89877997
   374   -0.20721148   -0.97829617
   375   -0.39842196   -0.91720223
   376   -0.77192501   -0.63571360
   377   -0.61929126   -0.78516134
   378   -0.72043248   -0.69352508
   379   -0.95542374   -0.29523800
   380   -0.88029219   -0.47443194
   381   -0.14578097    0.98931689
   382   -0.13008066    0.99150342
   383   -0.75169230    0.65951397
   384   -1.00000000    0.00000000
   385   -1.00000000    0.00000000
   386    0.95626420    0.29250432
   387    0.96581878    0.25921821
   388    0.55558607    0.83145903
   389    0.44041331   -0.89779514
   390    0.38441956   -0.92315849
   391    0.89737971   -0.44125916
   392   -0.81099044   -0.58505941
   393   -0.87025267   -0.49260561
   394   -0.32457940   -0.94585845
   395   -0.70929081    0.70491599
   396   -0.51116321    0.85948366
   397   -0.96649564    0.25668305
   398    0.28773824    0.95770909
   399    0.53051023    0.84767853
   400    0.01133212    0.99993579
   401    0.95550833    0.29496411
   402    0.99999930   -0.00118404
   403    0.88193630    0.47136861
   404    0.76208698   -0.64747466
   405    0.42296261   -0.90614714
   406    0.84317537   -0.53763864
   407    0.14310924   -0.98970690
   408   -0.32800004   -0.94467771
   409    0.05123984   -0.99868638
   410   -0.43345371   -0.90117583
   411   -0.80341681   -0.59541703
   412   -0.59204960   -0.80590153
   413   -0.80761337   -0.58971234
   414   -0.98958859   -0.14392504
   415   -0.92448853   -0.38120985
   416   -0.97764809   -0.21024799
   417   -0.96502086    0.26217310
   418   -0.99817506    0.06038662
   419   -0.98609396    0.16618873
   420   -0.80588396    0.59207351
   421   -0.90068560    0.43447147
   422   -0.11275403    0.99362293
   423   -0.09539106    0.99543988
   424   -0.74006455    0.67253585
   425   -1.00000000    0.00000000
   426   -1.00000000    0.00000000
   427    0.97467110    0.22364310
   428    0.98221352    0.18776743
   429    0.59974762    0.80018922
   430    0.33335980   -0.94279968
   431    0.28130426   -0.95961863
   432    0.85337154   -0.52130319
   433   -0.89817518   -0.43963774
   434   -0.92287750   -0.38509366
   435   -0.43060863   -0.90253876
   436   -0.52061033    0.85379441
   437   -0.52999412    0.84800132
   438   -0.95280627    0.30357900
   439    0.75761832    0.65269785
   440    0.91684798    0.39923651
   441    0.70902341    0.70518495
   442    0.40420945    0.91466645
   443   -0.06017526    0.99818783
   444    0.49465200    0.86909113
   445    0.58002254    0.81460042
   446    0.03007783    0.99954756
   447    0.98461911    0.17471466
   448    0.99823325   -0.05941702
   449    0.90205291    0.43162546
   450    0.97668275   -0.21468768
   451    0.90831431   -0.41828832
   452    0.99980339   -0.01982874
   453    0.75715205   -0.65323868
   454    0.54689111   -0.83720375
   455    0.85938939   -0.51132170
   456    0.42773211   -0.90390555
   457    0.43249153   -0.90163800
   458    0.71263441   -0.70153560
   459   -0.15923302   -0.98724103
   460   -0.68640773   -0.72721691
   461   -0.45945163   -0.88820279
   462   -0.19692029   -0.98041950
   463    0.12419676   -0.99225761
   464    0.18907129   -0.98196336
   465   -0.76254741   -0.64693233
   466   -0.98550029   -0.16967375
   467   -0.88121093   -0.47272328
   468   -0.99306859   -0.11753630
   469   -0.92021559    0.39141188
   470   -0.99329881    0.11557453
   471   -0.93536192    0.35369207
   472   -0.64676785    0.76268692
   473   -0.80518356    0.59302566
   474   -0.72802110    0.68555472
   475   -0.31962997    0.94754245
   476   -0.49195943    0.87061813
   477   -0.45333285    0.89134131
   478   -0.00383293    0.99999265
   479   -0.16384487    0.98648612
   480   -0.07805485    0.99694907
   481   -0.06069500    0.99815636
   482   -0.72824961    0.68531197
   483   -1.00000000    0.00000000
   484   -1.00000000    0.00000000
   485    0.98881189    0.14916785
   486    0.99389395    0.11033952
   487    0.64402621    0.76500343
   488    0.22009805   -0.97547775
   489    0.15801392   -0.98743688
   490    0.79561433   -0.60580346
   491   -0.95195661   -0.30623292
   492   -0.97431053   -0.22520877
   493   -0.55841923   -0.82955890
   494   -0.43998111    0.89800703
   495   -0.34530301    0.93849125
   496   -0.87971269    0.47550562
   497    0.71360331    0.70055001
   498    0.82516960    0.56488507
   499    0.30407792    0.95264716
   500    0.94628380   -0.32333723
   501    0.82586712   -0.56386479
   502    0.99999981    0.00061796
   503    0.23394789   -0.97224914
   504   -0.10617322   -0.99434765
   505    0.40679079   -0.91352135
   506   -0.58150688   -0.81354149
   507   -0.86389166   -0.50367767
   508   -0.54354919   -0.83937731
   509   -0.96048895   -0.27831814
   510   -0.96887001    0.24757001
   511   -0.99037711   -0.13839498
   512   -0.92688577    0.37534354
   513   -0.58976106    0.80757779
   514   -0.82809167    0.56059271
   515   -0.57778230    0.81619091
   516   -0.06334650    0.99799159
   517   -0.34015050    0.94037101
   518   -0.16319967    0.98659306
   519    0.36671267    0.93033425
   520    0.15540859    0.98785028
   521    0.18312381    0.98308986
   522    0.63935956    0.76890789
   523    0.50947027    0.86048826
   524    0.44648489    0.89479117
   525    0.80132036    0.59823547
   526    0.72537778    0.68835098
   527   -0.04825158    0.99883521
   528   -0.03580067    0.99935895
   529   -0.71903747    0.69497131
   530   -1.00000000    0.00000000
   531   -1.00000000    0.00000000
   532    0.99746303    0.07118639
   533    0.99949032    0.03192323
   534    0.68485717    0.72867733
   535    0.08493652   -0.99638636
   536    0.01139673   -0.99993506
   537    0.71868895   -0.69533171
   538   -0.99351025   -0.11374261
   539   -0.99999966   -0.00082131
   540   -0.70817431   -0.70603764
   541   -0.18978154    0.98182634
   542   -0.02931144    0.99957033
   543   -0.71054162    0.70365518
   544    0.93459840    0.35570469
   545    0.99194127    0.12669852
   546    0.65936540    0.75182263
   547    0.60327748   -0.79753137
   548    0.31785878   -0.94813807
   549    0.83903453   -0.54407817
   550   -0.49324285   -0.86989165
   551   -0.79877463   -0.60163036
   552   -0.31279447   -0.94982084
   553   -0.99933385   -0.03649451
   554   -0.89832896    0.43932342
   555   -0.99708075   -0.07635423
   556   -0.68223335    0.73113449
   557   -0.18001425    0.98366400
   558   -0.58783574    0.80898031
   559   -0.02644986    0.99965014
   560    0.54623019    0.83763511
   561    0.21740497    0.97608149
   562    0.51980875    0.85428266
   563    0.91545819    0.40241310
   564    0.77585494    0.63091133
   565    0.82296180    0.56809671
   566    0.99991473    0.01305890
   567    0.98139692    0.19198980
   568    0.94622131    0.32352007
   569    0.97628116   -0.21650656
   570    0.99254522   -0.12187697
   571    0.98479102    0.17374306
   572    0.95765948   -0.28790332
   573    0.96281071   -0.27017687
   574   -0.83226025   -0.55438514
   575   -0.95618714   -0.29275614
   576   -0.92142664   -0.38855237
   577   -0.69805267   -0.71604641
   578   -0.76941470   -0.63874957
   579   -0.39730508   -0.91768659
   580   -0.63222554   -0.77478440
   581   -0.41948537   -0.90776210
   582   -0.09294598   -0.99567115
   583   -0.24820839   -0.96870666
   584    0.05682505   -0.99838415
   585   -0.15594326   -0.98776601
   586    0.22006556   -0.97548509
   587    0.46995489   -0.88269043
   588    0.26966745   -0.96295351
   589    0.33436340   -0.94244422
   590    0.22024114   -0.97544546
   591    0.67540641   -0.73744571
   592    0.83809933   -0.54551766
   593    0.61891428   -0.78545854
   594    0.41614684   -0.90929743
   595    0.39586690   -0.91830790
   596    0.92390495   -0.38262206
   597    0.97839243   -0.20675649
   598    0.78075278   -0.62484005
   599   -0.84739425   -0.53096420
   600   -0.43615584   -0.89987115
   601   -0.57450424   -0.81850161
   602   -0.07122796   -0.99746006
   603    0.30386576   -0.95271486
   604    0.10762481   -0.99419158
   605    0.62391444   -0.78149266
   606    0.83447297   -0.55104888
   607    0.67296325   -0.73967592
   608    0.98199089   -0.18892828
   609    0.97936941    0.20207811
   610    0.98261049   -0.18567882
   611    0.89414539    0.44777676
   612    0.74845078    0.66319034
   613    0.96679819    0.25554110
   614   -0.85708080   -0.51518201
   615   -0.46917322   -0.88310616
   616   -0.45274214   -0.89164150
   617   -0.10248408   -0.99473465
   618    0.24352020   -0.96989582
   619    0.48560899   -0.87417613
   620    0.69478698   -0.71921558
   621    0.51279363   -0.85851191
   622   -0.04514098   -0.99898063
   623    0.38761386   -0.92182184
   624    0.31648117   -0.94859879
   625    0.69191323   -0.72198067
   626    0.90451101   -0.42645027
   627    0.81293690   -0.58235179
   628    0.88027129   -0.47447071
   629    0.97624653   -0.21666269
   630    0.92066852   -0.39034533
   631    0.99549216   -0.09484388
   632    0.97693342    0.21354413
   633    0.99999873   -0.00159665
   634    0.99978994    0.02049591
   635    0.96654679    0.25649037
   636    0.97333817    0.22937484
   637    0.39123850    0.92028932
   638    0.77369138    0.63356267
   639    0.87110651    0.49109414
   640    0.71978668    0.69419531
   641    0.56689764    0.82378824
   642    0.88174325    0.47172962
   643    0.15653654    0.98767217
   644   -0.08749898    0.99616461
   645    0.37004270    0.92901475
   646   -0.81881076   -0.57406354
   647   -0.34090400   -0.94009812
   648   -0.40603977   -0.91385541
   649    0.16057943   -0.98702292
   650    0.62132428   -0.78355353
   651    0.50918336   -0.86065806
   652    0.89022537   -0.45552036
   653    0.99896293   -0.04553091
   654    0.97060686   -0.24067056
   655    0.93921098    0.34334054
   656    0.76099989    0.64875200
   657    0.89579781    0.44446178
   658    0.50113943    0.86536655
   659    0.18392391    0.98294048
   660    0.47436008    0.88033091
   661   -0.13287686    0.99113255
   662   -0.43633283    0.89978534
   663   -0.02476849    0.99969321
   664   -0.67149986    0.74100469
   665   -0.85260223    0.52256046
   666   -0.52632870    0.85028119
   667   -0.71520287   -0.69891692
   668   -0.02303029   -0.99973477
   669   -0.18439505   -0.98285221
   670    0.49984662   -0.86611394
   671    0.87714177   -0.48023153
   672    0.76442802   -0.64470908
   673    0.99879137   -0.04915084
   674    0.92005427    0.39179094
   675    0.98410841    0.17756871
   676    0.67444075    0.73832898
   677    0.34667598    0.93798495
   678    0.57240753    0.81996928
   679   -0.03732635    0.99930313
   680   -0.41568427    0.90950898
   681   -0.12155765    0.99258437
   682   -0.77512380    0.63180938
   683   -0.97464456    0.22375875
   684   -0.78228338    0.62292272
   685   -0.99688848   -0.07882484
   686   -0.92736795   -0.37415061
   687   -0.99654210    0.08308940
   688   -0.76566230   -0.64324276
   689   -0.17247948   -0.98501311
   690   -0.09803063   -0.99518340
   691    0.41617957   -0.90928244
   692    0.77170243   -0.63598377
   693    0.94876103   -0.31599447
   694    0.99892967    0.04625484
   695    0.97427283   -0.22537182
   696    0.41353908   -0.91048637
   697    0.85524409   -0.51822538
   698    0.81560132   -0.57861428
   699    0.99877480   -0.04948643
   700    0.90228181    0.43114676
   701    0.96989006    0.24354316
   702    0.89248791    0.45107132
   703    0.62967670    0.77685729
   704    0.79842752    0.60209093
   705    0.62206314    0.78296708
   706    0.21600106    0.97639313
   707    0.43444949    0.90069620
   708    0.25619038    0.96662634
   709   -0.12596946    0.99203412
   710    0.11361512    0.99352484
   711   -0.21947959    0.97561709
   712   -0.58451892    0.81138008
   713   -0.36654889    0.93039879
   714   -0.47273422    0.88120506
   715   -0.75684934    0.65358938
   716   -0.60006873    0.79994845
   717   -0.84402417    0.53630513
   718   -0.98282620    0.18453362
   719   -0.90090015    0.43402641
   720   -0.90956123    0.41556993
   721   -0.98953142    0.14431759
   722   -0.98289110    0.18418765
   723   -0.66285069   -0.74875160
   724   -0.95225584   -0.30530118
   725   -0.98702276   -0.16058044
   726   -0.89275238   -0.45054766
   727   -0.79196317   -0.61056887
   728   -0.99009131   -0.14042504
   729   -0.47000782   -0.88266225
   730   -0.25125984   -0.96791967
   731   -0.65987143   -0.75137853
   732   -0.75511684   -0.65559023
   733   -0.14040487   -0.99009417
   734   -0.15646281   -0.98768385
   735    0.57028411   -0.82144753
   736    0.97671438   -0.21454373
   737    0.92847882   -0.37138536
   738    0.94483975    0.32753298
   739    0.63436823    0.77303102
   740    0.78711214    0.61680992
   741    0.21115943    0.97745163
   742   -0.25869312    0.96595956
   743   -0.02197525    0.99975852
   744   -0.65522394    0.75543470
   745   -0.90539579    0.42456856
   746   -0.76965398    0.63846123
   747   -0.99973179    0.02315924
   748   -0.92408467   -0.38218782
   749   -0.99467108   -0.10309917
   750   -0.66580457   -0.74612618
   751   -0.27492494   -0.96146569
   752   -0.63728163   -0.77063099
   753   -0.02564082   -0.99967122
   754    0.22527411   -0.97429543
   755   -0.24614187   -0.96923381
   756    0.43792418   -0.89901191
   757    0.62828931   -0.77797978
   758    0.21108454   -0.97746781
   759   -0.76876534   -0.63953097
   760   -0.18200225   -0.98329811
   761   -0.16123937   -0.98691533
   762    0.47270836   -0.88121893
   763    0.91986873   -0.39222636
   764    0.95244435   -0.30471259
   765    0.97491325    0.22258515
   766    0.78682092    0.61718137
   767    0.49575935    0.86845994
   768    0.13139791    0.99132971
   769    0.39813694    0.91732599
   770    0.98440322    0.17592697
   771    0.72707300    0.68656016
   772    0.75774141    0.65255494
   773    0.27098770    0.96258281
   774   -0.26211485    0.96503669
   775   -0.06666754    0.99777525
   776   -0.30905290    0.95104485
   777   -0.68904685    0.72471680
   778   -0.48898085    0.87229452
   779   -0.68468908    0.72883528
   780   -0.94680017    0.32182207
   781   -0.84236620    0.53890555
   782   -0.93524164    0.35401000
   783   -0.99847595   -0.05518864
   784   -0.98169446    0.19046256
   785   -0.99040200   -0.13821679
   786   -0.84009896   -0.54243316
   787   -0.95102084   -0.30912677
   788   -0.90469769   -0.42605409
   789   -0.67853148   -0.73457132
   790   -0.82044998   -0.57171832
   791   -0.54945652   -0.83552231
   792   -0.16519886   -0.98626028
   793   -0.44023612   -0.89788204
   794   -0.44574437   -0.89516030
   795   -0.17730721   -0.98415555
   796   -0.22640148   -0.97403407
   797    0.70423309   -0.70996884
   798    0.24877411   -0.96856153
   799    0.12635173   -0.99198550
   800    0.41835219   -0.90828489
   801    0.56998399   -0.82165580
   802    0.13244407   -0.99119048
   803    0.83551224   -0.54947183
   804    0.93086979   -0.36535111
   805    0.65335250   -0.75705384
   806    0.98624337   -0.16529978
   807    0.99912282    0.04187579
   808    0.91113026   -0.41211849
   809   -0.77222791   -0.63534562
   810   -0.19267385   -0.98126285
   811   -0.18734081   -0.98229498
   812    0.46514081   -0.88523670
   813    0.91738981   -0.39798986
   814    0.91863340   -0.39511098
   815    0.96918907    0.24631799
   816    0.61604742    0.78770907
   817    0.67346113    0.73922264
   818   -0.03736832    0.99930156
   819   -0.67315654    0.73950001
   820   -0.48104037    0.87669844
   821   -0.94695646    0.32136188
   822   -0.98420072   -0.17705631
   823   -0.99720159    0.07475949
   824   -0.78890781   -0.61451157
   825   -0.44110327   -0.89745635
   826   -0.66473992   -0.74707485
   827    0.05594914   -0.99843362
   828    0.53860821   -0.84255635
   829    0.20005334   -0.97978501
   830    0.78544969   -0.61892550
   831    0.94515289   -0.32662826
   832    0.74119339   -0.67129156
   833    0.99547438   -0.09503034
   834    0.98988022    0.14190541
   835    0.94811783   -0.31791915
   836    0.93699554    0.34934132
   837    0.84117060    0.54076984
   838    0.99513606    0.09851001
   839    0.71561927    0.69849056
   840    0.56098426    0.82782647
   841    0.87344851    0.48691653
   842   -0.76937127   -0.63880189
   843   -0.18386625   -0.98295127
   844   -0.18827194   -0.98211694
   845    0.48044292   -0.87702599
   846    0.92733878   -0.37422291
   847    0.92244123   -0.38613751
   848    0.95849932    0.28509481
   849    0.57207130    0.82020390
   850    0.59428069    0.80425771
   851   -0.04062983    0.99917427
   852   -0.63677548    0.77104928
   853   -0.65515595    0.75549367
   854   -0.92283436    0.38519702
   855   -0.99913972   -0.04147080
   856   -0.92729535   -0.37433051
   857   -0.74792441   -0.66378391
   858   -0.89960564   -0.43670321
   859   -0.94515833    0.32661252
   860   -0.97696558   -0.21339695
   861   -0.99178510   -0.12791527
   862   -0.78045024   -0.62521789
   863   -0.42143546   -0.90685840
   864   -0.59717750   -0.80210911
   865   -0.43450232   -0.90067071
   866   -0.07404580   -0.99725484
   867   -0.26236441   -0.96496887
   868   -0.00090563   -0.99999959
   869    0.39901683   -0.91694360
   870    0.16737289   -0.98589366
   871    0.23859263   -0.97111974
   872    0.52774738   -0.84940138
   873    0.53318962   -0.84599576
   874    0.99916469    0.04086466
   875    0.88673251   -0.46228288
   876    0.74214185   -0.67024284
   877    0.89860268   -0.43876330
   878    0.97871885   -0.20520578
   879    0.69146019   -0.72241457
   880    0.95029633    0.31134689
   881    0.82963427    0.55830725
   882    0.99158728    0.12943983
   883    0.66982293    0.74252087
   884    0.47017609    0.88257263
   885    0.81858909    0.57437959
   886    0.27239404    0.96218579
   887    0.06223005    0.99806183
   888    0.50627369    0.86237286
   889   -0.13730855    0.99052832
   890   -0.33137422    0.94349941
   891    0.12855157    0.99170283
   892   -0.76205074   -0.64751731
   893   -0.16144465   -0.98688177
   894   -0.17266663   -0.98498032
   895    0.51291896   -0.85843703
   896    0.94556216   -0.32544154
   897    0.93676806   -0.34995087
   898    0.93558316    0.35310643
   899    0.49474292    0.86903938
   900    0.53396654    0.84550561
   901   -0.15854320    0.98735204
   902   -0.74194789    0.67045755
   903   -0.69119477    0.72266852
   904   -0.99477832    0.10205929
   905   -0.86262872   -0.50583762
   906   -0.93134733   -0.36413204
   907   -0.48639551   -0.87373875
   908    0.02452191   -0.99969929
   909   -0.20381352   -0.97900973
   910    0.48908496   -0.87223615
   911    0.82532321   -0.56466060
   912    0.63700781   -0.77085735
   913    0.98677927   -0.16206993
   914    0.96257548    0.27101375
   915    0.99596280   -0.08976696
   916    0.81854313    0.57444507
   917    0.58216450    0.81307103
   918    0.87990123    0.47515664
   919    0.32298164    0.94640523
   920    0.03636027    0.99933875
   921    0.48591546    0.87400582
   922   -0.20721148    0.97829617
   923   -0.43840000    0.89877997
   924    0.01783534    0.99984094
   925   -0.61929126    0.78516134
   926   -0.77192501    0.63571360
   927   -0.39842196    0.91720223
   928   -0.88029219    0.47443194
   929   -0.95542374    0.29523800
   930   -0.72043248    0.69352508
   931   -0.75169230   -0.65951397
   932   -0.13008066   -0.99150342
   933   -0.14578097   -0.98931689
   934    0.55558607   -0.83145903
   935    0.96581878   -0.25921821
   936    0.95626420   -0.29250432
   937    0.89737971    0.44125916
   938    0.38441956    0.92315849
   939    0.44041331    0.89779514
   940   -0.32457940    0.94585845
   941   -0.87025267    0.49260561
   942   -0.81099044    0.58505941
   943   -0.96649564   -0.25668305
   944   -0.51116321   -0.85948366
   945   -0.70929081   -0.70491599
   946    0.01133212   -0.99993579
   947    0.53051023   -0.84767853
   948    0.28773824   -0.95770909
   949    0.88193630   -0.47136861
   950    0.99999930    0.00118404
   951    0.95550833   -0.29496411
   952    0.84317537    0.53763864
   953    0.42296261    0.90614714
   954    0.76208698    0.64747466
   955    0.05123984    0.99868638
   956   -0.32800004    0.94467771
   957    0.14310924    0.98970690
   958   -0.59204960    0.80590153
   959   -0.80341681    0.59541703
   960   -0.43345371    0.90117583
   961   -0.92448853    0.38120985
   962   -0.98958859    0.14392504
   963   -0.80761337    0.58971234
   964   -0.99817506   -0.06038662
   965   -0.96502086   -0.26217310
   966   -0.97764809    0.21024799
   967   -0.90068560   -0.43447147
   968   -0.80588396   -0.59207351
   969   -0.98609396   -0.16618873
   970   -0.74006455   -0.67253585
   971   -0.09539106   -0.99543988
   972   -0.11275403   -0.99362293
   973    0.59974762   -0.80018922
   974    0.98221352   -0.18776743
   975    0.97467110   -0.22364310
   976    0.85337154    0.52130319
   977    0.28130426    0.95961863
   978    0.33335980    0.94279968
   979   -0.43060863    0.90253876
   980   -0.92287750    0.38509366
   981   -0.89817518    0.43963774
   982   -0.95280627   -0.30357900
   983   -0.52999412   -0.84800132
   984   -0.52061033   -0.85379441
   985   -0.06017526   -0.99818783
   986    0.40420945   -0.91466645
   987    0.70902341   -0.70518495
   988    0.91684798   -0.39923651
   989    0.75761832   -0.65269785
   990    0.03007783   -0.99954756
   991    0.58002254   -0.81460042
   992    0.49465200   -0.86909113
   993    0.90205291   -0.43162546
   994    0.99823325    0.05941702
   995    0.98461911   -0.17471466
   996    0.99980339    0.01982874
   997    0.90831431    0.41828832
   998    0.97668275    0.21468768
   999    0.85938939    0.51132170
  1000    0.54689111    0.83720375
  1001    0.75715205    0.65323868
  1002    0.71263441    0.70153560
  1003    0.43249153    0.90163800
  1004    0.42773211    0.90390555
  1005   -0.68640773    0.72721691
  1006   -0.15923302    0.98724103
  1007    0.12419676    0.99225761
  1008   -0.19692029    0.98041950
  1009   -0.45945163    0.88820279
  1010    0.18907129    0.98196336
  1011   -0.88121093    0.47272328
  1012   -0.98550029    0.16967375
  1013   -0.76254741    0.64693233
  1014   -0.99329881   -0.11557453
  1015   -0.92021559   -0.39141188
  1016   -0.99306859    0.11753630
  1017   -0.80518356   -0.59302566
  1018   -0.64676785   -0.76268692
  1019   -0.93536192   -0.35369207
  1020   -0.49195943   -0.87061813
  1021   -0.31962997   -0.94754245
  1022   -0.72802110   -0.68555472
  1023   -0.16384487   -0.98648612
  1024   -0.00383293   -0.99999265
  1025   -0.45333285   -0.89134131
  1026   -0.72824961   -0.68531197
  1027   -0.06069500   -0.99815636
  1028   -0.07805485   -0.99694907
  1029    0.64402621   -0.76500343
  1030    0.99389395   -0.11033952
  1031    0.98881189   -0.14916785
  1032    0.79561433    0.60580346
  1033    0.15801392    0.98743688
  1034    0.22009805    0.97547775
  1035   -0.55841923    0.82955890
  1036   -0.97431053    0.22520877
  1037   -0.95195661    0.30623292
  1038   -0.87971269   -0.47550562
  1039   -0.34530301   -0.93849125
  1040   -0.43998111   -0.89800703
  1041    0.30407792   -0.95264716
  1042    0.82516960   -0.56488507
  1043    0.71360331   -0.70055001
  1044    0.99999981   -0.00061796
  1045    0.82586712    0.56386479
  1046    0.94628380    0.32333723
  1047    0.40679079    0.91352135
  1048   -0.10617322    0.99434765
  1049    0.23394789    0.97224914
  1050   -0.54354919    0.83937731
  1051   -0.86389166    0.50367767
  1052   -0.58150688    0.81354149
  1053   -0.99037711    0.13839498
  1054   -0.96887001   -0.24757001
  1055   -0.96048895    0.27831814
  1056   -0.82809167   -0.56059271
  1057   -0.58976106   -0.80757779
  1058   -0.92688577   -0.37534354
  1059   -0.34015050   -0.94037101
  1060   -0.06334650   -0.99799159
  1061   -0.57778230   -0.81619091
  1062    0.15540859   -0.98785028
  1063    0.36671267   -0.93033425
  1064   -0.16319967   -0.98659306
  1065    0.50947027   -0.86048826
  1066    0.63935956   -0.76890789
  1067    0.18312381   -0.98308986
  1068    0.72537778   -0.68835098
  1069    0.80132036   -0.59823547
  1070    0.44648489   -0.89479117
  1071   -0.71903747   -0.69497131
  1072   -0.03580067   -0.99935895
  1073   -0.04825158   -0.99883521
  1074    0.68485717   -0.72867733
  1075    0.99949032   -0.03192323
  1076    0.99746303   -0.07118639
  1077    0.71868895    0.69533171
  1078    0.01139673    0.99993506
  1079    0.08493652    0.99638636
  1080   -0.70817431    0.70603764
  1081   -0.99999966    0.00082131
  1082   -0.99351025    0.11374261
  1083   -0.71054162   -0.70365518
  1084   -0.02931144   -0.99957033
  1085   -0.18978154   -0.98182634
  1086    0.65936540   -0.75182263
  1087    0.99194127   -0.12669852
  1088    0.93459840   -0.35570469
  1089    0.83903453    0.54407817
  1090    0.31785878    0.94813807
  1091    0.60327748    0.79753137
  1092   -0.31279447    0.94982084
  1093   -0.79877463    0.60163036
  1094   -0.49324285    0.86989165
  1095   -0.99708075    0.07635423
  1096   -0.89832896   -0.43932342
  1097   -0.99933385    0.03649451
  1098   -0.58783574   -0.80898031
  1099   -0.18001425   -0.98366400
  1100   -0.68223335   -0.73113449
  1101    0.21740497   -0.97608149
  1102    0.54623019   -0.83763511
  1103   -0.02644986   -0.99965014
  1104    0.77585494   -0.63091133
  1105    0.91545819   -0.40241310
  1106    0.51980875   -0.85428266
  1107    0.98139692   -0.19198980
  1108    0.99991473   -0.01305890
  1109    0.82296180   -0.56809671
  1110    0.99254522    0.12187697
  1111    0.97628116    0.21650656
  1112    0.94622131   -0.32352007
  1113    0.96281071    0.27017687
  1114    0.95765948    0.28790332
  1115    0.98479102   -0.17374306
  1116   -0.83226025    0.55438514
  1117   -0.95618714    0.29275614
  1118   -1.00000000    0.00000000
  1119   -1.00000000    0.00000000
  1120   -1.00000000    0.00000000
  1121   -0.92142664    0.38855237
  1122   -0.69805267    0.71604641
  1123   -0.76941470    0.63874957
  1124   -0.39730508    0.91768659
  1125   -0.63222554    0.77478440
  1126   -0.41948537    0.90776210
  1127   -0.09294598    0.99567115
  1128   -0.24820839    0.96870666
  1129    0.05682505    0.99838415
  1130   -0.15594326    0.98776601
  1131    0.22006556    0.97548509
  1132    0.46995489    0.88269043
  1133    0.26966745    0.96295351
  1134    0.33436340    0.94244422
  1135    0.22024114    0.97544546
  1136    0.67540641    0.73744571
  1137    0.83809933    0.54551766
  1138    0.61891428    0.78545854
  1139    0.39586690    0.91830790
  1140    0.92390495    0.38262206
  1141   -1.00000000    0.00000000
  1142   -1.00000000    0.00000000
  1143   -0.84739425    0.53096420
  1144   -0.43615584    0.89987115
  1145   -0.57450424    0.81850161
  1146   -0.07122796    0.99746006
  1147    0.30386576    0.95271486
  1148    0.10762481    0.99419158
  1149    0.62391444    0.78149266
  1150    0.83447297    0.55104888
  1151    0.67296325    0.73967592
  1152    0.98199089    0.18892828
  1153    0.97936941   -0.20207811
  1154    0.98261049    0.18567882
  1155    0.89414539   -0.44777676
  1156   -1.00000000    0.00000000
  1157   -1.00000000    0.00000000
  1158   -0.85708080    0.51518201
  1159   -0.46917322    0.88310616
  1160   -0.45274214    0.89164150
  1161   -0.10248408    0.99473465
  1162    0.24352020    0.96989582
  1163    0.48560899    0.87417613
  1164    0.69478698    0.71921558
  1165    0.51279363    0.85851191
  1166   -0.04514098    0.99898063
  1167    0.38761386    0.92182184
  1168    0.31648117    0.94859879
  1169    0.69191323    0.72198067
  1170    0.90451101    0.42645027
  1171    0.81293690    0.58235179
  1172    0.88027129    0.47447071
  1173    0.97624653    0.21666269
  1174    0.92066852    0.39034533
  1175    0.99549216    0.09484388
  1176    0.97693342   -0.21354413
  1177    0.99999873    0.00159665
  1178    0.99978994   -0.02049591
  1179    0.96654679   -0.25649037
  1180    0.97333817   -0.22937484
  1181    0.39123850   -0.92028932
  1182    0.77369138   -0.63356267
  1183    0.87110651   -0.49109414
  1184    0.71978668   -0.69419531
  1185    0.56689764   -0.82378824
  1186    0.88174325   -0.47172962
  1187    0.15653654   -0.98767217
  1188   -1.00000000    0.00000000
  1189   -1.00000000    0.00000000
  1190   -0.81881076    0.57406354
  1191   -0.34090400    0.94009812
  1192   -0.40603977    0.91385541
  1193    0.16057943    0.98702292
  1194    0.62132428    0.78355353
  1195    0.50918336    0.86065806
  1196    0.89022537    0.45552036
  1197    0.99896293    0.04553091
  1198    0.97060686    0.24067056
  1199    0.93921098   -0.34334054
  1200    0.76099989   -0.64875200
  1201    0.89579781   -0.44446178
  1202    0.50113943   -0.86536655
  1203    0.18392391   -0.98294048
  1204    0.47436008   -0.88033091
  1205   -0.13287686   -0.99113255
  1206   -0.43633283   -0.89978534
  1207   -0.02476849   -0.99969321
  1208   -0.67149986   -0.74100469
  1209   -1.00000000    0.00000000
  1210   -1.00000000    0.00000000
  1211   -0.71520287    0.69891692
  1212   -0.02303029    0.99973477
  1213   -0.18439505    0.98285221
  1214    0.49984662    0.86611394
  1215    0.87714177    0.48023153
  1216    0.76442802    0.64470908
  1217    0.99879137    0.04915084
  1218    0.92005427   -0.39179094
  1219    0.98410841   -0.17756871
  1220    0.67444075   -0.73832898
  1221    0.34667598   -0.93798495
  1222    0.57240753   -0.81996928
  1223   -0.03732635   -0.99930313
  1224   -0.41568427   -0.90950898
  1225   -0.12155765   -0.99258437
  1226   -0.77512380   -0.63180938
  1227   -0.97464456   -0.22375875
  1228   -0.78228338   -0.62292272
  1229   -0.99688848    0.07882484
  1230   -1.00000000    0.00000000
  1231   -1.00000000    0.00000000
  1232   -0.76566230    0.64324276
  1233   -0.17247948    0.98501311
  1234   -0.09803063    0.99518340
  1235    0.41617957    0.90928244
  1236    0.77170243    0.63598377
  1237    0.94876103    0.31599447
  1238    0.99892967   -0.04625484
  1239    0.97427283    0.22537182
  1240    0.41353908    0.91048637
  1241    0.85524409    0.51822538
  1242    0.81560132    0.57861428
  1243    0.99877480    0.04948643
  1244    0.90228181   -0.43114676
  1245    0.96989006   -0.24354316
  1246    0.89248791   -0.45107132
  1247    0.62967670   -0.77685729
  1248    0.79842752   -0.60209093
  1249    0.62206314   -0.78296708
  1250    0.21600106   -0.97639313
  1251    0.43444949   -0.90069620
  1252    0.25619038   -0.96662634
  1253   -0.12596946   -0.99203412
  1254    0.11361512   -0.99352484
  1255   -0.21947959   -0.97561709
  1256   -0.58451892   -0.81138008
  1257   -0.36654889   -0.93039879
  1258   -0.47273422   -0.88120506
  1259   -0.75684934   -0.65358938
  1260   -0.60006873   -0.79994845
  1261   -0.84402417   -0.53630513
  1262   -0.98282620   -0.18453362
  1263   -0.90090015   -0.43402641
  1264   -0.90956123   -0.41556993
  1265   -0.98953142   -0.14431759
  1266   -0.98289110   -0.18418765
  1267   -0.66285069    0.74875160
  1268   -0.95225584    0.30530118
  1269   -0.98702276    0.16058044
  1270   -0.89275238    0.45054766
  1271   -0.79196317    0.61056887
  1272   -0.99009131    0.14042504
  1273   -0.47000782    0.88266225
  1274   -1.00000000    0.00000000
  1275   -1.00000000    0.00000000
  1276   -0.75511684    0.65559023
  1277   -0.14040487    0.99009417
  1278   -0.15646281    0.98768385
  1279    0.57028411    0.82144753
  1280    0.97671438    0.21454373
  1281    0.92847882    0.37138536
  1282    0.94483975   -0.32753298
  1283    0.63436823   -0.77303102
  1284    0.78711214   -0.61680992
  1285    0.21115943   -0.97745163
  1286   -0.25869312   -0.96595956
  1287   -0.02197525   -0.99975852
  1288   -0.65522394   -0.75543470
  1289   -0.90539579   -0.42456856
  1290   -0.76965398   -0.63846123
  1291   -0.99973179   -0.02315924
  1292   -0.92408467    0.38218782
  1293   -0.99467108    0.10309917
  1294   -0.66580457    0.74612618
  1295   -0.27492494    0.96146569
  1296   -0.63728163    0.77063099
  1297   -0.02564082    0.99967122
  1298    0.22527411    0.97429543
  1299   -0.24614187    0.96923381
  1300    0.43792418    0.89901191
  1301   -1.00000000    0.00000000
  1302   -1.00000000    0.00000000
  1303   -0.76876534    0.63953097
  1304   -0.18200225    0.98329811
  1305   -0.16123937    0.98691533
  1306    0.47270836    0.88121893
  1307    0.91986873    0.39222636
  1308    0.95244435    0.30471259
  1309    0.97491325   -0.22258515
  1310    0.78682092   -0.61718137
  1311    0.49575935   -0.86845994
  1312    0.13139791   -0.99132971
  1313    0.39813694   -0.91732599
  1314    0.98440322   -0.17592697
  1315    0.72707300   -0.68656016
  1316    0.75774141   -0.65255494
  1317    0.27098770   -0.96258281
  1318   -0.26211485   -0.96503669
  1319   -0.06666754   -0.99777525
  1320   -0.30905290   -0.95104485
  1321   -0.68904685   -0.72471680
  1322   -0.48898085   -0.87229452
  1323   -0.68468908   -0.72883528
  1324   -0.94680017   -0.32182207
  1325   -0.84236620   -0.53890555
  1326   -0.93524164   -0.35401000
  1327   -0.99847595    0.05518864
  1328   -0.98169446   -0.19046256
  1329   -0.99040200    0.13821679
  1330   -0.84009896    0.54243316
  1331   -0.95102084    0.30912677
  1332   -0.90469769    0.42605409
  1333   -0.67853148    0.73457132
  1334   -0.82044998    0.57171832
  1335   -0.54945652    0.83552231
  1336   -0.16519886    0.98626028
  1337   -0.44023612    0.89788204
  1338   -0.44574437    0.89516030
  1339   -0.17730721    0.98415555
  1340   -0.22640148    0.97403407
  1341    0.70423309    0.70996884
  1342    0.24877411    0.96856153
  1343    0.12635173    0.99198550
  1344    0.41835219    0.90828489
  1345    0.56998399    0.82165580
  1346    0.13244407    0.99119048
  1347    0.83551224    0.54947183
  1348    0.93086979    0.36535111
  1349    0.65335250    0.75705384
  1350    0.98624337    0.16529978
  1351   -1.00000000    0.00000000
  1352   -1.00000000    0.00000000
  1353   -0.77222791    0.63534562
  1354   -0.19267385    0.98126285
  1355   -0.18734081    0.98229498
  1356    0.46514081    0.88523670
  1357    0.91738981    0.39798986
  1358    0.91863340    0.39511098
  1359    0.96918907   -0.24631799
  1360    0.61604742   -0.78770907
  1361    0.67346113   -0.73922264
  1362   -0.03736832   -0.99930156
  1363   -0.67315654   -0.73950001
  1364   -0.48104037   -0.87669844
  1365   -0.94695646   -0.32136188
  1366   -0.98420072    0.17705631
  1367   -0.99720159   -0.07475949
  1368   -0.78890781    0.61451157
  1369   -0.44110327    0.89745635
  1370   -0.66473992    0.74707485
  1371    0.05594914    0.99843362
  1372    0.53860821    0.84255635
  1373    0.20005334    0.97978501
  1374    0.78544969    0.61892550
  1375    0.94515289    0.32662826
  1376    0.74119339    0.67129156
  1377    0.99547438    0.09503034
  1378    0.98988022   -0.14190541
  1379    0.94811783    0.31791915
  1380    0.93699554   -0.34934132
  1381    0.84117060   -0.54076984
  1382    0.99513606   -0.09851001
  1383    0.71561927   -0.69849056
  1384   -1.00000000    0.00000000
  1385   -1.00000000    0.00000000
  1386   -0.76937127    0.63880189
  1387   -0.18386625    0.98295127
  1388   -0.18827194    0.98211694
  1389    0.48044292    0.87702599
  1390    0.92733878    0.37422291
  1391    0.92244123    0.38613751
  1392    0.95849932   -0.28509481
  1393    0.57207130   -0.82020390
  1394    0.59428069   -0.80425771
  1395   -0.04062983   -0.99917427
  1396   -0.63677548   -0.77104928
  1397   -0.65515595   -0.75549367
  1398   -0.92283436   -0.38519702
  1399   -0.99913972    0.04147080
  1400   -0.92729535    0.37433051
  1401   -0.74792441    0.66378391
  1402   -0.89960564    0.43670321
  1403   -0.94515833   -0.32661252
  1404   -0.97696558    0.21339695
  1405   -0.99178510    0.12791527
  1406   -0.78045024    0.62521789
  1407   -0.42143546    0.90685840
  1408   -0.59717750    0.80210911
  1409   -0.43450232    0.90067071
  1410   -0.07404580    0.99725484
  1411   -0.26236441    0.96496887
  1412   -0.00090563    0.99999959
  1413    0.39901683    0.91694360
  1414    0.16737289    0.98589366
  1415    0.23859263    0.97111974
  1416    0.52774738    0.84940138
  1417    0.53318962    0.84599576
  1418    0.99916469   -0.04086466
  1419    0.88673251    0.46228288
  1420    0.74214185    0.67024284
  1421    0.89860268    0.43876330
  1422    0.97871885    0.20520578
  1423    0.69146019    0.72241457
  1424    0.95029633   -0.31134689
  1425    0.82963427   -0.55830725
  1426    0.99158728   -0.12943983
  1427    0.66982293   -0.74252087
  1428    0.47017609   -0.88257263
  1429    0.81858909   -0.57437959
  1430    0.27239404   -0.96218579
  1431    0.06223005   -0.99806183
  1432    0.50627369   -0.86237286
  1433   -0.13730855   -0.99052832
  1434   -1.00000000    0.00000000
  1435   -1.00000000    0.00000000
  1436   -0.76205074    0.64751731
  1437   -0.16144465    0.98688177
  1438   -0.17266663    0.98498032
  1439    0.51291896    0.85843703
  1440    0.94556216    0.32544154
  1441    0.93676806    0.34995087
  1442    0.93558316   -0.35310643
  1443    0.49474292   -0.86903938
  1444    0.53396654   -0.84550561
  1445   -0.15854320   -0.98735204
  1446   -0.74194789   -0.67045755
  1447   -0.69119477   -0.72266852
  1448   -0.99477832   -0.10205929
  1449   -0.86262872    0.50583762
  1450   -0.93134733    0.36413204
  1451   -0.48639551    0.87373875
  1452    0.02452191    0.99969929
  1453   -0.20381352    0.97900973
  1454    0.48908496    0.87223615
  1455    0.82532321    0.56466060
  1456    0.63700781    0.77085735
  1457    0.98677927    0.16206993
  1458    0.96257548   -0.27101375
  1459    0.99596280    0.08976696
  1460    0.81854313   -0.57444507
  1461    0.58216450   -0.81307103
  1462    0.87990123   -0.47515664
  1463    0.32298164   -0.94640523
  1464    0.03636027   -0.99933875
  1465    0.48591546   -0.87400582
  1466   -0.20721148   -0.97829617
  1467   -0.43840000   -0.89877997
  1468    0.01783534   -0.99984094
  1469   -0.61929126   -0.78516134
  1470   -0.77192501   -0.63571360
  1471   -0.39842196   -0.91720223
  1472   -0.88029219   -0.47443194
  1473   -1.00000000    0.00000000
  1474   -1.00000000    0.00000000
  1475   -0.75169230    0.65951397
  1476   -0.13008066    0.99150342
  1477   -0.14578097    0.98931689
  1478    0.55558607    0.83145903
  1479    0.96581878    0.25921821
  1480    0.95626420    0.29250432
  1481    0.89737971   -0.44125916
  1482    0.38441956   -0.92315849
  1483    0.44041331   -0.89779514
  1484   -0.32457940   -0.94585845
  1485   -0.87025267   -0.49260561
  1486   -0.81099044   -0.58505941
  1487   -0.96649564    0.25668305
  1488   -0.51116321    0.85948366
  1489   -0.70929081    0.70491599
  1490    0.01133212    0.99993579
  1491    0.53051023    0.84767853
  1492    0.28773824    0.95770909
  1493    0.88193630    0.47136861
  1494    0.99999930   -0.00118404
  1495    0.95550833    0.29496411
  1496    0.84317537   -0.53763864
  1497    0.42296261   -0.90614714
  1498    0.76208698   -0.64747466
  1499    0.05123984   -0.99868638
  1500   -0.32800004   -0.94467771
  1501    0.14310924   -0.98970690
  1502   -0.59204960   -0.80590153
  1503   -0.80341681   -0.59541703
  1504   -0.43345371   -0.90117583
  1505   -0.92448853   -0.38120985
  1506   -0.98958859   -0.14392504
  1507   -0.80761337   -0.58971234
  1508   -0.99817506    0.06038662
  1509   -0.96502086    0.26217310
  1510   -0.97764809   -0.21024799
  1511   -0.90068560    0.43447147
  1512   -1.00000000    0.00000000
  1513   -1.00000000    0.00000000
  1514   -0.74006455    0.67253585
  1515   -0.09539106    0.99543988
  1516   -0.11275403    0.99362293
  1517    0.59974762    0.80018922
  1518    0.98221352    0.18776743
  1519    0.97467110    0.22364310
  1520    0.85337154   -0.52130319
  1521    0.28130426   -0.95961863
  1522    0.33335980   -0.94279968
  1523   -0.43060863   -0.90253876
  1524   -0.92287750   -0.38509366
  1525   -0.89817518   -0.43963774
  1526   -0.95280627    0.30357900
  1527   -0.52999412    0.84800132
  1528   -0.52061033    0.85379441
  1529   -0.06017526    0.99818783
  1530    0.40420945    0.91466645
  1531    0.70902341    0.70518495
  1532    0.91684798    0.39923651
  1533    0.75761832    0.65269785
  1534    0.03007783    0.99954756
  1535    0.58002254    0.81460042
  1536    0.49465200    0.86909113
  1537    0.90205291    0.43162546
  1538    0.99823325   -0.05941702
  1539    0.98461911    0.17471466
  1540    0.99980339   -0.01982874
  1541    0.90831431   -0.41828832
  1542    0.97668275   -0.21468768
  1543    0.85938939   -0.51132170
  1544    0.54689111   -0.83720375
  1545    0.75715205   -0.65323868
  1546    0.71263441   -0.70153560
  1547    0.43249153   -0.90163800
  1548    0.42773211   -0.90390555
  1549   -0.68640773   -0.72721691
  1550   -0.15923302   -0.98724103
  1551    0.12419676   -0.99225761
  1552   -0.19692029   -0.98041950
  1553   -0.45945163   -0.88820279
  1554    0.18907129   -0.98196336
  1555   -0.88121093   -0.47272328
  1556   -0.98550029   -0.16967375
  1557   -0.76254741   -0.64693233
  1558   -0.99329881    0.11557453
  1559   -0.92021559    0.39141188
  1560   -0.99306859   -0.11753630
  1561   -0.80518356    0.59302566
  1562   -0.64676785    0.76268692
  1563   -0.93536192    0.35369207
  1564   -0.49195943    0.87061813
  1565   -0.31962997    0.94754245
  1566   -0.72802110    0.68555472
  1567   -0.16384487    0.98648612
  1568   -1.00000000    0.00000000
  1569   -1.00000000    0.00000000
  1570   -0.72824961    0.68531197
  1571   -0.06069500    0.99815636
  1572   -0.07805485    0.99694907
  1573    0.64402621    0.76500343
  1574    0.99389395    0.11033952
  1575    0.98881189    0.14916785
  1576    0.79561433   -0.60580346
  1577    0.15801392   -0.98743688
  1578    0.22009805   -0.97547775
  1579   -0.55841923   -0.82955890
  1580   -0.97431053   -0.22520877
  1581   -0.95195661   -0.30623292
  1582   -0.87971269    0.47550562
  1583   -0.34530301    0.93849125
  1584   -0.43998111    0.89800703
  1585    0.30407792    0.95264716
  1586    0.82516960    0.56488507
  1587    0.71360331    0.70055001
  1588    0.99999981    0.00061796
  1589    0.82586712   -0.56386479
  1590    0.94628380   -0.32333723
  1591    0.40679079   -0.91352135
  1592   -0.10617322   -0.99434765
  1593    0.23394789   -0.97224914
  1594   -0.54354919   -0.83937731
  1595   -0.86389166   -0.50367767
  1596   -0.58150688   -0.81354149
  1597   -0.99037711   -0.13839498
  1598   -0.96887001    0.24757001
  1599   -0.96048895   -0.27831814
  1600   -0.82809167    0.56059271
  1601   -0.58976106    0.80757779
  1602   -0.92688577    0.37534354
  1603   -0.34015050    0.94037101
  1604   -0.06334650    0.99799159
  1605   -0.57778230    0.81619091
  1606    0.15540859    0.98785028
  1607    0.36671267    0.93033425
  1608   -0.16319967    0.98659306
  1609    0.50947027    0.86048826
  1610    0.63935956    0.76890789
  1611    0.18312381    0.98308986
  1612    0.72537778    0.68835098
  1613   -1.00000000    0.00000000
  1614   -1.00000000    0.00000000
  1615   -0.71903747    0.69497131
  1616   -0.03580067    0.99935895
  1617   -0.04825158    0.99883521
  1618    0.68485717    0.72867733
  1619    0.99949032    0.03192323
  1620    0.99746303    0.07118639
  1621    0.71868895   -0.69533171
  1622    0.01139673   -0.99993506
  1623    0.08493652   -0.99638636
  1624   -0.70817431   -0.70603764
  1625   -0.99999966   -0.00082131
  1626   -0.99351025   -0.11374261
  1627   -0.71054162    0.70365518
  1628   -0.02931144    0.99957033
  1629   -0.18978154    0.98182634
  1630    0.65936540    0.75182263
  1631    0.99194127    0.12669852
  1632    0.93459840    0.35570469
  1633    0.83903453   -0.54407817
  1634    0.31785878   -0.94813807
  1635    0.60327748   -0.79753137
  1636   -0.31279447   -0.94982084
  1637   -0.79877463   -0.60163036
  1638   -0.49324285   -0.86989165
  1639   -0.99708075   -0.07635423
  1640   -0.89832896    0.43932342
  1641   -0.99933385   -0.03649451
  1642   -0.58783574    0.80898031
  1643   -0.18001425    0.98366400
  1644   -0.68223335    0.73113449
  1645    0.21740497    0.97608149
  1646    0.54623019    0.83763511
  1647   -0.02644986    0.99965014
  1648    0.77585494    0.63091133
  1649    0.91545819    0.40241310
  1650    0.51980875    0.85428266
  1651    0.98139692    0.19198980
  1652    0.99991473    0.01305890
  1653    0.82296180    0.56809671
  1654    0.99254522   -0.12187697
  1655    0.97628116   -0.21650656
  1656    0.94622131    0.32352007
  1657    0.96281071   -0.27017687
  1658   -0.95618714   -0.29275614
  1659   -0.83226025   -0.55438514
  1660   -0.76941470   -0.63874957
  1661   -0.69805267   -0.71604641
  1662   -0.92142664   -0.38855237
  1663   -0.63222554   -0.77478440
  1664   -0.39730508   -0.91768659
  1665   -0.24820839   -0.96870666
  1666   -0.09294598   -0.99567115
  1667   -0.41948537   -0.90776210
  1668   -0.15594326   -0.98776601
  1669    0.05682505   -0.99838415
  1670    0.26966745   -0.96295351
  1671    0.46995489   -0.88269043
  1672    0.22006556   -0.97548509
  1673    0.22024114   -0.97544546
  1674    0.33436340   -0.94244422
  1675    0.61891428   -0.78545854
  1676    0.83809933   -0.54551766
  1677    0.67540641   -0.73744571
  1678    0.39586690   -0.91830790
  1679    0.92390495   -0.38262206
  1680   -0.57450424   -0.81850161
  1681   -0.43615584   -0.89987115
  1682   -0.84739425   -0.53096420
  1683    0.10762481   -0.99419158
  1684    0.30386576   -0.95271486
  1685   -0.07122796   -0.99746006
  1686    0.67296325   -0.73967592
  1687    0.83447297   -0.55104888
  1688    0.62391444   -0.78149266
  1689    0.98261049   -0.18567882
  1690    0.97936941    0.20207811
  1691    0.98199089   -0.18892828
  1692    0.89414539    0.44777676
  1693   -0.45274214   -0.89164150
  1694   -0.46917322   -0.88310616
  1695   -0.85708080   -0.51518201
  1696    0.51279363   -0.85851191
  1697    0.69478698   -0.71921558
  1698    0.48560899   -0.87417613
  1699    0.24352020   -0.96989582
  1700   -0.10248408   -0.99473465
  1701    0.31648117   -0.94859879
  1702    0.38761386   -0.92182184
  1703   -0.04514098   -0.99898063
  1704    0.81293690   -0.58235179
  1705    0.90451101   -0.42645027
  1706    0.69191323   -0.72198067
  1707    0.92066852   -0.39034533
  1708    0.97624653   -0.21666269
  1709    0.88027129   -0.47447071
  1710    0.99999873   -0.00159665
  1711    0.97693342    0.21354413
  1712    0.99549216   -0.09484388
  1713    0.97333817    0.22937484
  1714    0.96654679    0.25649037
  1715    0.99978994    0.02049591
  1716    0.77369138    0.63356267
  1717    0.39123850    0.92028932
  1718    0.56689764    0.82378824
  1719    0.71978668    0.69419531
  1720    0.87110651    0.49109414
  1721    0.88174325    0.47172962
  1722    0.15653654    0.98767217
  1723   -0.40603977   -0.91385541
  1724   -0.34090400   -0.94009812
  1725   -0.81881076   -0.57406354
  1726    0.50918336   -0.86065806
  1727    0.62132428   -0.78355353
  1728    0.16057943   -0.98702292
  1729    0.97060686   -0.24067056
  1730    0.99896293   -0.04553091
  1731    0.89022537   -0.45552036
  1732    0.89579781    0.44446178
  1733    0.76099989    0.64875200
  1734    0.93921098    0.34334054
  1735    0.47436008    0.88033091
  1736    0.18392391    0.98294048
  1737    0.50113943    0.86536655
  1738   -0.02476849    0.99969321
  1739   -0.43633283    0.89978534
  1740   -0.13287686    0.99113255
  1741   -0.67149986    0.74100469
  1742   -0.18439505   -0.98285221
  1743   -0.02303029   -0.99973477
  1744   -0.71520287   -0.69891692
  1745    0.76442802   -0.64470908
  1746    0.87714177   -0.48023153
  1747    0.49984662   -0.86611394
  1748    0.98410841    0.17756871
  1749    0.92005427    0.39179094
  1750    0.99879137   -0.04915084
  1751    0.57240753    0.81996928
  1752    0.34667598    0.93798495
  1753    0.67444075    0.73832898
  1754   -0.12155765    0.99258437
  1755   -0.41568427    0.90950898
  1756   -0.03732635    0.99930313
  1757   -0.78228338    0.62292272
  1758   -0.97464456    0.22375875
  1759   -0.77512380    0.63180938
  1760   -0.99688848   -0.07882484
  1761   -0.09803063   -0.99518340
  1762   -0.17247948   -0.98501311
  1763   -0.76566230   -0.64324276
  1764    0.97427283   -0.22537182
  1765    0.99892967    0.04625484
  1766    0.94876103   -0.31599447
  1767    0.77170243   -0.63598377
  1768    0.41617957   -0.90928244
  1769    0.81560132   -0.57861428
  1770    0.85524409   -0.51822538
  1771    0.41353908   -0.91048637
  1772    0.96989006    0.24354316
  1773    0.90228181    0.43114676
  1774    0.99877480   -0.04948643
  1775    0.79842752    0.60209093
  1776    0.62967670    0.77685729
  1777    0.89248791    0.45107132
  1778    0.43444949    0.90069620
  1779    0.21600106    0.97639313
  1780    0.62206314    0.78296708
  1781    0.11361512    0.99352484
  1782   -0.12596946    0.99203412
  1783    0.25619038    0.96662634
  1784   -0.36654889    0.93039879
  1785   -0.58451892    0.81138008
  1786   -0.21947959    0.97561709
  1787   -0.60006873    0.79994845
  1788   -0.75684934    0.65358938
  1789   -0.47273422    0.88120506
  1790   -0.90090015    0.43402641
  1791   -0.98282620    0.18453362
  1792   -0.84402417    0.53630513
  1793   -0.98289110    0.18418765
  1794   -0.98953142    0.14431759
  1795   -0.90956123    0.41556993
  1796   -0.95225584   -0.30530118
  1797   -0.66285069   -0.74875160
  1798   -0.79196317   -0.61056887
  1799   -0.89275238   -0.45054766
  1800   -0.98702276   -0.16058044
  1801   -0.99009131   -0.14042504
  1802   -0.47000782   -0.88266225
  1803   -0.15646281   -0.98768385
  1804   -0.14040487   -0.99009417
  1805   -0.75511684   -0.65559023
  1806    0.92847882   -0.37138536
  1807    0.97671438   -0.21454373
  1808    0.57028411   -0.82144753
  1809    0.78711214    0.61680992
  1810    0.63436823    0.77303102
  1811    0.94483975    0.32753298
  1812   -0.02197525    0.99975852
  1813   -0.25869312    0.96595956
  1814    0.21115943    0.97745163
  1815   -0.76965398    0.63846123
  1816   -0.90539579    0.42456856
  1817   -0.65522394    0.75543470
  1818   -0.99467108   -0.10309917
  1819   -0.92408467   -0.38218782
  1820   -0.99973179    0.02315924
  1821   -0.63728163   -0.77063099
  1822   -0.27492494   -0.96146569
  1823   -0.66580457   -0.74612618
  1824   -0.24614187   -0.96923381
  1825    0.22527411   -0.97429543
  1826   -0.02564082   -0.99967122
  1827    0.43792418   -0.89901191
  1828   -0.16123937   -0.98691533
  1829   -0.18200225   -0.98329811
  1830   -0.76876534   -0.63953097
  1831    0.95244435   -0.30471259
  1832    0.91986873   -0.39222636
  1833    0.47270836   -0.88121893
  1834    0.39813694    0.91732599
  1835    0.13139791    0.99132971
  1836    0.49575935    0.86845994
  1837    0.78682092    0.61718137
  1838    0.97491325    0.22258515
  1839    0.75774141    0.65255494
  1840    0.72707300    0.68656016
  1841    0.98440322    0.17592697
  1842   -0.06666754    0.99777525
  1843   -0.26211485    0.96503669
  1844    0.27098770    0.96258281
  1845   -0.48898085    0.87229452
  1846   -0.68904685    0.72471680
  1847   -0.30905290    0.95104485
  1848   -0.84236620    0.53890555
  1849   -0.94680017    0.32182207
  1850   -0.68468908    0.72883528
  1851   -0.98169446    0.19046256
  1852   -0.99847595   -0.05518864
  1853   -0.93524164    0.35401000
  1854   -0.95102084   -0.30912677
  1855   -0.84009896   -0.54243316
  1856   -0.99040200   -0.13821679
  1857   -0.82044998   -0.57171832
  1858   -0.67853148   -0.73457132
  1859   -0.90469769   -0.42605409
  1860   -0.44023612   -0.89788204
  1861   -0.16519886   -0.98626028
  1862   -0.54945652   -0.83552231
  1863   -0.22640148   -0.97403407
  1864   -0.17730721   -0.98415555
  1865   -0.44574437   -0.89516030
  1866    0.24877411   -0.96856153
  1867    0.70423309   -0.70996884
  1868    0.56998399   -0.82165580
  1869    0.41835219   -0.90828489
  1870    0.12635173   -0.99198550
  1871    0.13244407   -0.99119048
  1872    0.65335250   -0.75705384
  1873    0.93086979   -0.36535111
  1874    0.83551224   -0.54947183
  1875    0.98624337   -0.16529978
  1876   -0.18734081   -0.98229498
  1877   -0.19267385   -0.98126285
  1878   -0.77222791   -0.63534562
  1879    0.91863340   -0.39511098
  1880    0.91738981   -0.39798986
  1881    0.46514081   -0.88523670
  1882    0.67346113    0.73922264
  1883    0.61604742    0.78770907
  1884    0.96918907    0.24631799
  1885   -0.48104037    0.87669844
  1886   -0.67315654    0.73950001
  1887   -0.03736832    0.99930156
  1888   -0.99720159    0.07475949
  1889   -0.98420072   -0.17705631
  1890   -0.94695646    0.32136188
  1891   -0.66473992   -0.74707485
  1892   -0.44110327   -0.89745635
  1893   -0.78890781   -0.61451157
  1894    0.20005334   -0.97978501
  1895    0.53860821   -0.84255635
  1896    0.05594914   -0.99843362
  1897    0.74119339   -0.67129156
  1898    0.94515289   -0.32662826
  1899    0.78544969   -0.61892550
  1900    0.94811783   -0.31791915
  1901    0.98988022    0.14190541
  1902    0.99547438   -0.09503034
  1903    0.99513606    0.09851001
  1904    0.84117060    0.54076984
  1905    0.93699554    0.34934132
  1906    0.71561927    0.69849056
  1907   -0.18827194   -0.98211694
  1908   -0.18386625   -0.98295127
  1909   -0.76937127   -0.63880189
  1910    0.92244123   -0.38613751
  1911    0.92733878   -0.37422291
  1912    0.48044292   -0.87702599
  1913    0.59428069    0.80425771
  1914    0.57207130    0.82020390
  1915    0.95849932    0.28509481
  1916   -0.65515595    0.75549367
  1917   -0.63677548    0.77104928
  1918   -0.04062983    0.99917427
  1919   -0.89960564   -0.43670321
  1920   -0.74792441   -0.66378391
  1921   -0.92729535   -0.37433051
  1922   -0.99913972   -0.04147080
  1923   -0.92283436    0.38519702
  1924   -0.99178510   -0.12791527
  1925   -0.97696558   -0.21339695
  1926   -0.94515833    0.32661252
  1927   -0.59717750   -0.80210911
  1928   -0.42143546   -0.90685840
  1929   -0.78045024   -0.62521789
  1930   -0.26236441   -0.96496887
  1931   -0.07404580   -0.99725484
  1932   -0.43450232   -0.90067071
  1933    0.16737289   -0.98589366
  1934    0.39901683   -0.91694360
  1935   -0.00090563   -0.99999959
  1936    0.53318962   -0.84599576
  1937    0.52774738   -0.84940138
  1938    0.23859263   -0.97111974
  1939    0.88673251   -0.46228288
  1940    0.99916469    0.04086466
  1941    0.97871885   -0.20520578
  1942    0.89860268   -0.43876330
  1943    0.74214185   -0.67024284
  1944    0.69146019   -0.72241457
  1945    0.99158728    0.12943983
  1946    0.82963427    0.55830725
  1947    0.95029633    0.31134689
  1948    0.81858909    0.57437959
  1949    0.47017609    0.88257263
  1950    0.66982293    0.74252087
  1951    0.50627369    0.86237286
  1952    0.06223005    0.99806183
  1953    0.27239404    0.96218579
  1954   -0.13730855    0.99052832
  1955   -0.17266663   -0.98498032
  1956   -0.16144465   -0.98688177
  1957   -0.76205074   -0.64751731
  1958    0.93676806   -0.34995087
  1959    0.94556216   -0.32544154
  1960    0.51291896   -0.85843703
  1961    0.53396654    0.84550561
  1962    0.49474292    0.86903938
  1963    0.93558316    0.35310643
  1964   -0.69119477    0.72266852
  1965   -0.74194789    0.67045755
  1966   -0.15854320    0.98735204
  1967   -0.93134733   -0.36413204
  1968   -0.86262872   -0.50583762
  1969   -0.99477832    0.10205929
  1970   -0.20381352   -0.97900973
  1971    0.02452191   -0.99969929
  1972   -0.48639551   -0.87373875
  1973    0.63700781   -0.77085735
  1974    0.82532321   -0.56466060
  1975    0.48908496   -0.87223615
  1976    0.99596280   -0.08976696
  1977    0.96257548    0.27101375
  1978    0.98677927   -0.16206993
  1979    0.87990123    0.47515664
  1980    0.58216450    0.81307103
  1981    0.81854313    0.57444507
  1982    0.48591546    0.87400582
  1983    0.03636027    0.99933875
  1984    0.32298164    0.94640523
  1985    0.01783534    0.99984094
  1986   -0.43840000    0.89877997
  1987   -0.20721148    0.97829617
  1988   -0.39842196    0.91720223
  1989   -0.77192501    0.63571360
  1990   -0.61929126    0.78516134
  1991   -0.88029219    0.47443194
  1992   -0.14578097   -0.98931689
  1993   -0.13008066   -0.99150342
  1994   -0.75169230   -0.65951397
  1995    0.95626420   -0.29250432
  1996    0.96581878   -0.25921821
  1997    0.55558607   -0.83145903
  1998    0.44041331    0.89779514
  1999    0.38441956    0.92315849
  2000    0.89737971    0.44125916
  2001   -0.81099044    0.58505941
  2002   -0.87025267    0.49260561
  2003   -0.32457940    0.94585845
  2004   -0.70929081   -0.70491599
  2005   -0.51116321   -0.85948366
  2006   -0.96649564   -0.25668305
  2007    0.28773824   -0.95770909
  2008    0.53051023   -0.84767853
  2009    0.01133212   -0.99993579
  2010    0.95550833   -0.29496411
  2011    0.99999930    0.00118404
  2012    0.88193630   -0.47136861
  2013    0.76208698    0.64747466
  2014    0.42296261    0.90614714
  2015    0.84317537    0.53763864
  2016    0.14310924    0.98970690
  2017   -0.32800004    0.94467771
  2018    0.05123984    0.99868638
  2019   -0.43345371    0.90117583
  2020   -0.80341681    0.59541703
  2021   -0.59204960    0.80590153
  2022   -0.80761337    0.58971234
  2023   -0.98958859    0.14392504
  2024   -0.92448853    0.38120985
  2025   -0.97764809    0.21024799
  2026   -0.96502086   -0.26217310
  2027   -0.99817506   -0.06038662
  2028   -0.90068560   -0.43447147
  2029   -0.11275403   -0.99362293
  2030   -0.09539106   -0.99543988
  2031   -0.74006455   -0.67253585
  2032    0.97467110   -0.22364310
  2033    0.98221352   -0.18776743
  2034    0.59974762   -0.80018922
  2035    0.33335980    0.94279968
  2036    0.28130426    0.95961863
  2037    0.85337154    0.52130319
  2038   -0.89817518    0.43963774
  2039   -0.92287750    0.38509366
  2040   -0.43060863    0.90253876
  2041   -0.52061033   -0.85379441
  2042   -0.52999412   -0.84800132
  2043   -0.95280627   -0.30357900
  2044    0.75761832   -0.65269785
  2045    0.91684798   -0.39923651
  2046    0.70902341   -0.70518495
  2047    0.40420945   -0.91466645
  2048   -0.06017526   -0.99818783
  2049    0.49465200   -0.86909113
  2050    0.58002254   -0.81460042
  2051    0.03007783   -0.99954756
  2052    0.98461911   -0.17471466
  2053    0.99823325    0.05941702
  2054    0.90205291   -0.43162546
  2055    0.97668275    0.21468768
  2056    0.90831431    0.41828832
  2057    0.99980339    0.01982874
  2058    0.75715205    0.65323868
  2059    0.54689111    0.83720375
  2060    0.85938939    0.51132170
  2061    0.42773211    0.90390555
  2062    0.43249153    0.90163800
  2063    0.71263441    0.70153560
  2064   -0.15923302    0.98724103
  2065   -0.68640773    0.72721691
  2066   -0.45945163    0.88820279
  2067   -0.19692029    0.98041950
  2068    0.12419676    0.99225761
  2069    0.18907129    0.98196336
  2070   -0.76254741    0.64693233
  2071   -0.98550029    0.16967375
  2072   -0.88121093    0.47272328
  2073   -0.99306859    0.11753630
  2074   -0.92021559   -0.39141188
  2075   -0.99329881   -0.11557453
  2076   -0.93536192   -0.35369207
  2077   -0.64676785   -0.76268692
  2078   -0.80518356   -0.59302566
  2079   -0.72802110   -0.68555472
  2080   -0.31962997   -0.94754245
  2081   -0.49195943   -0.87061813
  2082   -0.16384487   -0.98648612
  2083   -0.07805485   -0.99694907
  2084   -0.06069500   -0.99815636
  2085   -0.72824961   -0.68531197
  2086    0.98881189   -0.14916785
  2087    0.99389395   -0.11033952
  2088    0.64402621   -0.76500343
  2089    0.22009805    0.97547775
  2090    0.15801392    0.98743688
  2091    0.79561433    0.60580346
  2092   -0.95195661    0.30623292
  2093   -0.97431053    0.22520877
  2094   -0.55841923    0.82955890
  2095   -0.43998111   -0.89800703
  2096   -0.34530301   -0.93849125
  2097   -0.87971269   -0.47550562
  2098    0.71360331   -0.70055001
  2099    0.82516960   -0.56488507
  2100    0.30407792   -0.95264716
  2101    0.94628380    0.32333723
  2102    0.82586712    0.56386479
  2103    0.99999981   -0.00061796
  2104    0.23394789    0.97224914
  2105   -0.10617322    0.99434765
  2106    0.40679079    0.91352135
  2107   -0.58150688    0.81354149
  2108   -0.86389166    0.50367767
  2109   -0.54354919    0.83937731
  2110   -0.96048895    0.27831814
  2111   -0.96887001   -0.24757001
  2112   -0.99037711    0.13839498
  2113   -0.92688577   -0.37534354
  2114   -0.58976106   -0.80757779
  2115   -0.82809167   -0.56059271
  2116   -0.57778230   -0.81619091
  2117   -0.06334650   -0.99799159
  2118   -0.34015050   -0.94037101
  2119   -0.16319967   -0.98659306
  2120    0.36671267   -0.93033425
  2121    0.15540859   -0.98785028
  2122    0.18312381   -0.98308986
  2123    0.63935956   -0.76890789
  2124    0.50947027   -0.86048826
  2125    0.72537778   -0.68835098
  2126   -0.04825158   -0.99883521
  2127   -0.03580067   -0.99935895
  2128   -0.71903747   -0.69497131
  2129    0.99746303   -0.07118639
  2130    0.99949032   -0.03192323
  2131    0.68485717   -0.72867733
  2132    0.08493652    0.99638636
  2133    0.01139673    0.99993506
  2134    0.71868895    0.69533171
  2135   -0.99351025    0.11374261
  2136   -0.99999966    0.00082131
  2137   -0.70817431    0.70603764
  2138   -0.18978154   -0.98182634
  2139   -0.02931144   -0.99957033
  2140   -0.71054162   -0.70365518
  2141    0.93459840   -0.35570469
  2142    0.99194127   -0.12669852
  2143    0.65936540   -0.75182263
  2144    0.60327748    0.79753137
  2145    0.31785878    0.94813807
  2146    0.83903453    0.54407817
  2147   -0.49324285    0.86989165
  2148   -0.79877463    0.60163036
  2149   -0.31279447    0.94982084
  2150   -0.99933385    0.03649451
  2151   -0.89832896   -0.43932342
  2152   -0.99708075    0.07635423
  2153   -0.68223335   -0.73113449
  2154   -0.18001425   -0.98366400
  2155   -0.58783574   -0.80898031
  2156   -0.02644986   -0.99965014
  2157    0.54623019   -0.83763511
  2158    0.21740497   -0.97608149
  2159    0.51980875   -0.85428266
  2160    0.91545819   -0.40241310
  2161    0.77585494   -0.63091133
  2162    0.82296180   -0.56809671
  2163    0.99991473   -0.01305890
  2164    0.98139692   -0.19198980
  2165    0.94622131   -0.32352007
  2166    0.97628116    0.21650656
  2167    0.99254522    0.12187697
  2168    0.96281071    0.27017687
