     1   -1.29455460    0.07266850
     2   -1.23986111    0.52980850
     3   -1.04638259    0.96221301
     4   -0.98224705    1.04876815
     5   -0.90991849    1.12769412
     6   -1.20643760    0.61986249
     7   -1.29455460    0.07266850
     8   -1.29455460    0.07266850
     9   -0.71959527    1.33991048
    10   -0.32890670    1.58999385
    11   -0.17859682    1.64160726
    12   -0.02237664    1.66903788
    13   -0.50851459    1.47135227
    14    0.07468138    1.71267911
    15    0.42967675    1.72798870
    16    0.64158551    1.69265411
    17    0.84113465    1.61246576
    18    0.45069019    1.70039818
    19    0.70041170    1.68184381
    20    0.88774617    1.61745999
    21    1.17159194    1.46084619
    22    1.39024839    1.22118314
    23    1.15660307    1.44349846
    24    0.98787075    1.57061404
    25    1.02072851    1.55314499
    26    1.38533445    1.26868761
    27    1.58297410    0.85060405
    28    1.51673415    1.03439004
    29   -0.77839059    1.24321735
    30   -0.63376688    1.33441944
    31   -1.12968022    0.77370639
    32   -1.29455460    0.07266850
    33   -1.29455460    0.07266850
    34    0.18455602    1.67060338
    35    0.38587873    1.63149564
    36   -0.14864134    1.57159054
    37    1.03921167    1.46992260
    38    1.19674791    1.28164034
    39    0.85453908    1.50640576
    40    1.53038523    0.86361219
    41    1.52368918    0.47760745
    42    1.45596008    0.89736209
    43    1.57137986    0.38830646
    44    1.35303245   -0.01934278
    45    1.48530425    0.20507793
    46   -0.67815606    1.27943173
    47   -0.71377236    1.23250698
    48   -1.14801206    0.71657354
    49   -1.29455460    0.07266850
    50   -1.29455460    0.07266850
    51    0.61708017    1.54702487
    52    0.81790725    1.41515013
    53    0.51535265    1.52582849
    54    0.18520290    1.56033557
    55   -0.23246843    1.51691782
    56    0.24624716    1.52900514
    57    0.30701610    1.49311109
    58   -0.21920957    1.46744599
    59    0.93752281    1.27883348
    60    1.03037001    1.12340369
    61    0.71162437    1.36769665
    62    1.26515707    1.12210021
    63    1.30520699    0.94893102
    64    1.11089593    1.19938381
    65    1.32773136    0.73388578
    66    1.30359723    0.51876076
    67    1.22611680    0.81975698
    68    1.47921496    0.46759239
    69    1.42839835    0.45566090
    70    1.40152191    0.70526984
    71    1.33323079    0.03814351
    72    0.96121615   -0.25445604
    73    1.09811022   -0.13776167
    74    1.19574777    0.01359462
    75    1.34055500    0.21876643
    76    1.29070657    0.25280770
    77    0.97462437   -0.28516719
    78    0.51708269   -0.35231705
    79    0.75322498   -0.33845165
    80   -0.65442546    1.25485552
    81   -0.59236094    1.27403763
    82   -1.11094112    0.76799777
    83   -1.29455460    0.07266850
    84   -1.29455460    0.07266850
    85    0.42520171    1.42888843
    86    0.53442328    1.34911158
    87   -0.02253331    1.44296879
    88    1.09647770    0.93762835
    89    1.12484467    0.74249272
    90    0.90611946    1.09891276
    91    1.22245167    0.28784324
    92    1.08764459    0.08355315
    93    1.16983562    0.38157256
    94    0.95242909   -0.17323257
    95    0.66380426   -0.27644484
    96    0.91282663   -0.14132018
    97    0.54727492   -0.33506212
    98    0.13738981   -0.23614139
    99    0.40340080   -0.30749960
   100    0.07825297   -0.20643363
   101   -0.24802056    0.12128710
   102   -0.07396403   -0.09235044
   103   -0.43105485    1.32772117
   104   -0.26544745    1.35383591
   105   -1.00558510    0.90351046
   106   -1.29455460    0.07266850
   107   -1.29455460    0.07266850
   108    0.68473999    1.21681370
   109    0.80381354    1.05795486
   110    0.32762534    1.33706520
   111    1.11271232    0.52039067
   112    1.05104963    0.30703248
   113    1.02433427    0.69834741
   114    0.89675946   -0.08763778
   115    0.66900548   -0.20563856
   116    0.90506538   -0.01341588
   117    0.35383521   -0.28460980
   118    0.05571770   -0.20025907
   119    0.36744630   -0.27404069
   120   -0.21118207    0.04225830
   121   -0.40585560    0.44276025
   122   -0.24495077    0.05469975
   123   -0.39196043    0.56075816
   124   -0.32278628    1.01799817
   125   -0.40057790    0.72829705
   126   -0.35558044    1.31437130
   127   -0.44121797    1.27382815
   128   -1.06039911    0.81763958
   129   -1.29455460    0.07266850
   130   -1.29455460    0.07266850
   131    0.92319407    0.82168134
   132    0.96830529    0.56577147
   133    0.85215114    0.87243678
   134    0.61673067    1.12908366
   135    0.21443643    1.33739826
   136    0.65531864    1.06509097
   137    0.69017428    0.99858585
   138    0.18820697    1.29842774
   139    0.94534985    0.37292069
   140    0.88328476    0.18926888
   141    0.90190464    0.60567943
   142    0.93566135    0.09893249
   143    0.77246442   -0.07394061
   144    0.94714773    0.21428756
   145    0.58001713   -0.19685486
   146    0.36407568   -0.27173101
   147    0.68565939   -0.11304047
   148    0.43063236   -0.26117651
   149    0.18627358   -0.25972988
   150    0.48681502   -0.24171325
   151   -0.05671156   -0.19813318
   152   -0.27686039   -0.07915892
   153    0.01114505   -0.25070399
   154   -0.14289001   -0.08645399
   155   -0.31312179    0.06349654
   156   -0.08942747   -0.15279524
   157   -0.46124616    0.28406776
   158   -0.54691329    0.53445442
   159   -0.46749352    0.19290399
   160   -0.43629475    0.49434720
   161   -0.46915372    0.54659508
   162   -0.42370411    0.28888135
   163   -0.37518766    0.96695176
   164   -0.07955492    1.40659551
   165   -0.23246827    1.28229938
   166   -0.36662058    1.13890480
   167   -0.46361161    0.85015690
   168   -0.50407496    0.84482067
   169   -0.05528976    1.39522609
   170    0.35332183    1.61176723
   171    0.12953123    1.52996780
   172   -0.42893009    1.26511735
   173   -0.41596572    1.25744514
   174   -1.05086894    0.82013173
   175   -1.29455460    0.07266850
   176   -1.29455460    0.07266850
   177    0.76393813    0.85242888
   178    0.81264575    0.69619513
   179    0.33968418    1.19945945
   180    0.77363262    0.00745459
   181    0.62591319   -0.14533375
   182    0.85262237    0.23307762
   183    0.12875565   -0.29424027
   184   -0.10554998   -0.25967586
   185    0.28269469   -0.30361686
   186   -0.46431365    0.09370275
   187   -0.60216934    0.30753443
   188   -0.42459930   -0.03052160
   189   -0.56251056    0.82295313
   190   -0.49536637    1.10280931
   191   -0.62929770    0.70669047
   192   -0.11144993    1.45912361
   193    0.25063890    1.65007902
   194   -0.18264256    1.45150994
   195    0.33926894    1.62575600
   196    0.81246262    1.62969521
   197    0.53671995    1.66982282
   198    0.81566621    1.62131537
   199    1.23287098    1.42182734
   200    1.03835383    1.54571331
   201   -0.44080271    1.24014437
   202   -0.46482135    1.22388516
   203   -1.06549934    0.79171565
   204   -1.29455460    0.07266850
   205   -1.29455460    0.07266850
   206    0.76413730    0.75319069
   207    0.71153352    0.80973827
   208    0.21962845    1.21133054
   209    0.40489950   -0.27964062
   210    0.15228687   -0.34490403
   211    0.46157406   -0.25908027
   212    0.70058343   -0.05101321
   213    0.84930741    0.30437151
   214    0.66189255   -0.09538514
   215    0.62235308   -0.13801185
   216    0.82445254    0.31096867
   217   -0.04467397   -0.35068710
   218   -0.23910112   -0.31733938
   219    0.22832221   -0.35965632
   220   -0.33217424   -0.16487014
   221   -0.52888764   -0.01627154
   222   -0.21873188   -0.26851088
   223   -0.68068842    0.16999492
   224   -0.78372314    0.38749385
   225   -0.59176315   -0.04515488
   226   -0.68169426    0.54153105
   227   -0.70144513    0.78706421
   228   -0.70461700    0.37090310
   229   -0.65534038    1.04094316
   230   -0.54566572    1.27419184
   231   -0.75977736    0.86312988
   232   -0.40230660    1.29453879
   233   -0.27041170    1.45925755
   234   -0.54898578    1.15714689
   235   -0.03290874    1.62270678
   236    0.24139558    1.71121199
   237   -0.19581969    1.56675605
   238    0.27689312    1.67202274
   239    0.30216203    1.69078867
   240    0.00035169    1.61164313
   241    0.78794338    1.65079610
   242    1.25444907    1.38664339
   243    1.09320597    1.51131631
   244    0.90914744    1.61098199
   245    0.61174296    1.69659923
   246    0.58413483    1.70619919
   247    1.24288258    1.41095906
   248    1.52235190    1.01799624
   249    1.41012395    1.21258954
   250    1.51571193    1.05596604
   251    1.60370450    0.60197177
   252    1.58767459    0.81131840
   253   -0.47235595    1.21358667
   254   -0.47953232    1.20413711
   255   -1.06943095    0.77932769
   256   -1.29455460    0.07266850
   257   -1.29455460    0.07266850
   258    0.70054229    0.79607750
   259    0.69084537    0.78368173
   260    0.20194567    1.18971359
   261    0.55923414   -0.20026912
   262    0.49321119   -0.25777890
   263    0.78996416    0.21508241
   264   -0.45813302   -0.22906453
   265   -0.65034629   -0.09192400
   266   -0.08971895   -0.40401141
   267   -0.83271133    0.63497218
   268   -0.81840438    0.88716875
   269   -0.85321457    0.36267466
   270   -0.37156928    1.47877212
   271   -0.14910209    1.62909406
   272   -0.55828317    1.33942467
   273    0.60672426    1.70472352
   274    0.94534892    1.56748281
   275    0.40893425    1.72970988
   276    1.23771631    1.37187925
   277    1.44680746    1.02525693
   278    1.24345271    1.33218663
   279    1.50366740    0.99178296
   280    1.55003489    0.52946381
   281    1.52957957    0.77969862
   282    1.58796787    0.55325627
   283    1.43516266    0.11023596
   284    1.51718827    0.31041511
   285    1.47803018    0.15693103
   286    1.16556593   -0.18397891
   287    1.31764364   -0.05287798
   288   -0.47646278    1.19847148
   289   -0.47320123    1.19334902
   290   -1.06681534    0.77700492
   291   -1.29455460    0.07266850
   292   -1.29455460    0.07266850
   293    0.68933785    0.75928328
   294    0.68847816    0.73578241
   295    0.21067734    1.16278143
   296    0.45817769   -0.28889890
   297    0.42409560   -0.31862709
   298    0.76067662    0.14912781
   299   -0.66093308   -0.12599456
   300   -0.66846530   -0.15981099
   301   -0.13270893   -0.43843364
   302   -0.72605098    1.14900945
   303   -0.56712188    1.37803474
   304   -0.79011525    1.07533533
   305   -0.90599158    0.72524833
   306   -0.86409905    0.28226732
   307   -0.90782606    0.80758848
   308   -0.90173772    0.88900214
   309   -0.92349311    0.32027902
   310   -0.41726767    1.51612589
   311   -0.24236800    1.62065290
   312   -0.65287112    1.32280348
   313    0.02263796    1.69619637
   314    0.20433669    1.72800966
   315   -0.20387768    1.62558381
   316    0.44657504    1.71671147
   317    0.67899130    1.64781961
   318    0.22971900    1.72491269
   319    0.91341735    1.57478022
   320    0.88120681    1.58064677
   321    0.55565584    1.70346829
   322    1.31360629    1.18330514
   323    1.44360211    0.67604181
   324    1.38628191    0.92998947
   325    1.26617610    1.16888808
   326    1.10288696    1.40095874
   327    1.01667642    1.45473731
   328    1.50105131    0.56608022
   329    1.34599085    0.13433917
   330    1.43337326    0.39406602
   331    1.38231123    0.09501327
   332    1.03702932   -0.21494636
   333    1.21425946   -0.06289397
   334    1.10112418   -0.21193270
   335    0.65783426   -0.34812041
   336    0.85626981   -0.30470285
   337    0.73313324   -0.34785527
   338    0.27320746   -0.29965185
   339    0.46509884   -0.34517860
   340   -0.46287576    1.19055940
   341   -0.45241690    1.18802937
   342   -1.05962432    0.78146419
   343   -1.29455460    0.07266850
   344   -1.29455460    0.07266850
   345    0.69340166    0.70201928
   346    0.69819027    0.66872253
   347    0.23868843    1.13020265
   348    0.37631646   -0.35572497
   349    0.32838378   -0.39035071
   350    0.72454305    0.05992483
   351   -0.73654612   -0.12183086
   352   -0.79980676   -0.07964111
   353   -0.27320199   -0.44884336
   354   -0.86363477    1.03610244
   355   -0.80193535    1.17430017
   356   -0.99406487    0.53172824
   357   -0.02611960    1.69243889
   358    0.20092551    1.71278195
   359   -0.36753501    1.56805832
   360    0.91823930    1.50182568
   361    1.10773296    1.29571277
   362    0.71970959    1.59714925
   363    1.36934155    0.81931652
   364    1.34131721    0.45794469
   365    1.31929220    0.89426177
   366    1.33335068    0.23937421
   367    1.04372144   -0.10083360
   368    1.24091736    0.14752426
   369    1.00782495   -0.18376483
   370    0.56322267   -0.31131242
   371    0.81976317   -0.24591470
   372    0.58714130   -0.33361964
   373    0.13308989   -0.23382544
   374    0.34448581   -0.30239389
   375    0.19777063   -0.26765152
   376   -0.17520813    0.01348795
   377   -0.03287015   -0.12927575
   378   -0.11585081   -0.04967753
   379   -0.35084207    0.34860956
   380   -0.27762138    0.17073669
   381   -0.43736546    1.18673236
   382   -0.42220641    1.18546773
   383   -1.04933753    0.79018200
   384   -1.29455460    0.07266850
   385   -1.29455460    0.07266850
   386    0.70551720    0.62809677
   387    0.71204828    0.58767950
   388    0.27808889    1.09214755
   389    0.26680698   -0.42870553
   390    0.20425323   -0.46306860
   391    0.67643312   -0.04534785
   392   -0.87865155   -0.00244685
   393   -0.94688857    0.08221313
   394   -0.45570480   -0.42493416
   395   -0.65190971    1.37168489
   396   -0.45683671    1.52466867
   397   -0.97865838    0.88185379
   398    0.46408051    1.67077520
   399    0.70679506    1.56072913
   400    0.12650347    1.69282680
   401    1.23797402    1.02602021
   402    1.28251738    0.72987572
   403    1.11256094    1.19628171
   404    1.14333988    0.08118718
   405    0.80652034   -0.17776869
   406    1.17874566    0.19446795
   407    0.61092745   -0.27934350
   408    0.14548159   -0.23608771
   409    0.48250058   -0.27862931
   410    0.09749890   -0.21502830
   411   -0.26878490    0.08900143
   412   -0.08550197   -0.10920244
   413   -0.23427925    0.07416080
   414   -0.41459815    0.51896772
   415   -0.36738205    0.29181766
   416   -0.38050216    0.43866712
   417   -0.36748837    0.91082957
   418   -0.40986047    0.71506996
   419   -0.38151229    0.81003629
   420   -0.20130229    1.23592107
   421   -0.29782276    1.07950794
   422   -0.40535798    1.18440230
   423   -0.38842039    1.18326355
   424   -1.03775087    0.80044833
   425   -1.29455460    0.07266850
   426   -1.29455460    0.07266850
   427    0.71809868    0.54527004
   428    0.72312113    0.50304431
   429    0.31959231    1.05120641
   430    0.14624291   -0.49259176
   431    0.08790624   -0.51867096
   432    0.62349970   -0.14189439
   433   -0.98780894    0.12339037
   434   -1.02434615    0.16665069
   435   -0.58063492   -0.40341823
   436   -0.49236200    1.50457748
   437   -0.52577057    1.48406215
   438   -1.00255698    0.90094753
   439    0.93996173    1.36734910
   440    1.10490298    1.11533232
   441    0.85989234    1.41074731
   442    0.51746243    1.60680359
   443    0.02424951    1.67807340
   444    0.59921255    1.55771732
   445    0.67627405    1.49972354
   446    0.08046067    1.66265624
   447    1.17156550    0.89053496
   448    1.18412777    0.65613970
   449    1.04355356    1.13410886
   450    1.25364757    0.51595523
   451    1.17999238    0.31190402
   452    1.23042803    0.70508436
   453    1.02986022    0.07704556
   454    0.82057489   -0.10683431
   455    1.09001403    0.21359140
   456    0.78811042   -0.17316051
   457    0.76964467   -0.16958262
   458    1.01785400    0.03062513
   459    0.24358346   -0.26165259
   460   -0.26648410   -0.00474995
   461   -0.07293370   -0.16020406
   462    0.15405522   -0.24901734
   463    0.46846267   -0.26049208
   464    0.50242451   -0.24964501
   465   -0.28097749    0.05899407
   466   -0.49667886    0.53373163
   467   -0.42489441    0.24101358
   468   -0.45456079    0.56502022
   469   -0.37822368    1.07225880
   470   -0.47576059    0.80771588
   471   -0.35883198    1.01566577
   472   -0.06884870    1.42382475
   473   -0.24321877    1.26339690
   474   -0.13014053    1.33397786
   475    0.27856618    1.59575368
   476    0.09792194    1.52429753
   477    0.15124882    1.53518887
   478    0.60074874    1.64384021
   479    0.43917196    1.63141651
   480   -0.37148618    1.18185868
   481   -0.35448472    1.18035512
   482   -1.02595783    0.81075323
   483   -1.29455460    0.07266850
   484   -1.29455460    0.07266850
   485    0.72730413    0.45816017
   486    0.73021156    0.41349221
   487    0.36160645    1.00720820
   488    0.02089858   -0.54338343
   489   -0.04643616   -0.56362292
   490    0.55820423   -0.24127025
   491   -1.06344775    0.23552052
   492   -1.09494275    0.30706274
   493   -0.72348544   -0.34919376
   494   -0.44895972    1.52534976
   495   -0.36648648    1.55735844
   496   -0.95201749    1.05411998
   497    0.80192911    1.38219611
   498    0.90603823    1.24313727
   499    0.33363387    1.60419069
   500    1.13010079    0.39169268
   501    1.00772517    0.15066082
   502    1.13179000    0.69972602
   503    0.50955356   -0.24171706
   504    0.17123855   -0.26366905
   505    0.63741542   -0.18860825
   506   -0.22421118   -0.08256192
   507   -0.50071927    0.22683864
   508   -0.22189358   -0.10702770
   509   -0.53141083    0.44222432
   510   -0.53147807    0.96620832
   511   -0.58850887    0.58734862
   512   -0.43200447    1.07654408
   513   -0.08941533    1.50671237
   514   -0.35733496    1.27004532
   515   -0.03258665    1.49543551
   516    0.48473793    1.67576623
   517    0.18597924    1.62872908
   518    0.41605599    1.64692087
   519    0.94717657    1.58992481
   520    0.72147278    1.65592457
   521    0.78162404    1.63109656
   522    1.23813640    1.41672828
   523    1.10071010    1.51329049
   524    1.05106656    1.53863873
   525    1.40590203    1.24208303
   526    1.32852691    1.33319016
   527   -0.34244090    1.17786696
   528   -0.33034303    1.17544554
   529   -1.01675330    0.81779067
   530   -1.29455460    0.07266850
   531   -1.29455460    0.07266850
   532    0.73154253    0.36813217
   533    0.73156097    0.32311125
   534    0.40029332    0.96193864
   535   -0.12459581   -0.58084783
   536   -0.20272565   -0.59210727
   537    0.47454712   -0.34493760
   538   -1.12211530    0.40995402
   539   -1.13586874    0.51480178
   540   -0.88569616   -0.24228286
   541   -0.22025120    1.59396681
   542   -0.06834100    1.60528985
   543   -0.79963239    1.26718819
   544    1.00901460    1.03092329
   545    1.06033935    0.79900563
   546    0.67343326    1.39409050
   547    0.78301085   -0.08356104
   548    0.49560350   -0.23469533
   549    0.96247411    0.15197596
   550   -0.21387883   -0.13906156
   551   -0.51758958    0.12933461
   552   -0.08216983   -0.22490774
   553   -0.63113026    0.69357107
   554   -0.52547702    1.16892795
   555   -0.66838755    0.65591887
   556   -0.23860897    1.44824640
   557    0.26928559    1.69931124
   558   -0.17485060    1.53278727
   559    0.47861489    1.69694041
   560    1.05555752    1.53321091
   561    0.69863964    1.68212139
   562    1.07068058    1.53061608
   563    1.46884098    1.07742885
   564    1.30900620    1.31603009
   565    1.40467490    1.22692001
   566    1.58275483    0.67118563
   567    1.55112536    0.85796721
   568    1.54531361    0.97112762
   569    1.57565940    0.43090778
   570    1.58509705    0.53007213
   571    1.58937269    0.81759062
   572    1.56224115    0.35594424
   573    1.56609419    0.37456962
   574   -0.98698115   -0.65589886
   575   -1.20324872   -0.34327383
   576   -1.17088941   -0.43599568
   577   -0.85024600   -0.81770525
   578   -0.92268858   -0.74035269
   579   -0.31205387   -0.81766489
   580   -0.66361224   -0.82899754
   581   -0.45229678   -0.96313728
   582   -0.00629680   -0.89291976
   583   -0.16217520   -0.86716141
   584    0.27137267   -0.35980294
   585    0.01614943   -0.64157863
   586    0.39215824   -0.62929770
   587    0.68422424   -0.24802678
   588    0.48406041   -0.32656149
   589    0.53647249    0.20747376
   590    0.43888192   -0.05645479
   591    0.89393875    0.18453185
   592    1.04065077    0.60018015
   593    0.82127696    0.36204593
   594    0.59384973    0.42771757
   595    0.58074032    0.37043216
   596    1.10833305    0.90923643
   597    1.15609532    1.13025850
   598    0.95845568    0.71217495
   599   -1.09202979   -0.58444543
   600   -0.57275190   -1.00131078
   601   -0.71789108   -0.92026882
   602   -0.09415412   -1.04446323
   603    0.39778188   -0.83532337
   604    0.19833512   -0.88335338
   605    0.79600713   -0.43530527
   606    1.04716192    0.06295987
   607    0.88637773   -0.11649409
   608    1.20122031    0.71214742
   609    1.18458420    1.32128075
   610    1.18668036    0.94515521
   611    1.07947116    1.73333123
   612    0.92615367    2.00020534
   613    1.14450108    1.59255610
   614   -1.11827144   -0.54524643
   615   -0.65999809   -0.97649763
   616   -0.62038178   -0.99158797
   617   -0.17184293   -1.07494364
   618    0.23641306   -1.00196390
   619    0.54493760   -0.82019569
   620    0.81337974   -0.54575949
   621    0.62035936   -0.71141704
   622   -0.15719240   -1.09637976
   623    0.36199788   -0.97117500
   624    0.29956447   -0.99015466
   625    0.74419465   -0.67914868
   626    1.02466762   -0.24906564
   627    0.93236782   -0.40679632
   628    1.05236398   -0.12828332
   629    1.18161073    0.32310931
   630    1.12971778    0.18344407
   631    1.16758485    0.25134351
   632    1.18171361    0.74836940
   633    1.20505194    0.53552806
   634    1.21818890    0.72877835
   635    1.18660359    1.12322218
   636    1.18827634    1.22520372
   637    0.58677107    2.12821792
   638    0.97349831    1.80472914
   639    1.09069387    1.37925598
   640    0.93883944    1.60099994
   641    0.77603376    1.89970848
   642    1.10081320    1.19808510
   643    0.33883610    2.29420266
   644    0.09020391    2.33317961
   645    0.54774559    2.26602975
   646   -1.08271513   -0.59943858
   647   -0.54049484   -1.02961473
   648   -0.60166800   -1.00522631
   649    0.03926193   -1.08646260
   650    0.59033924   -0.83743638
   651    0.48069243   -0.91246328
   652    0.93979091   -0.41684209
   653    1.11913249    0.13188645
   654    1.09077022   -0.06326888
   655    1.11130367    0.68952793
   656    0.96577519    1.18353620
   657    1.10057546    0.97926566
   658    0.72043047    1.59859636
   659    0.40259478    1.90108756
   660    0.69321313    1.79322430
   661    0.07482172    2.08362287
   662   -0.24245165    2.12113658
   663    0.16986103    2.21501029
   664   -0.48967798    2.05077697
   665   -0.67489934    1.85957546
   666   -0.34862581    2.18729619
   667   -0.97520222   -0.73095082
   668   -0.21112550   -1.09416745
   669   -0.37782313   -1.07517892
   670    0.38966453   -0.96302714
   671    0.85764435   -0.52416026
   672    0.73958202   -0.69339508
   673    1.05518526    0.00012096
   674    1.04311649    0.57660870
   675    1.10582224    0.35891506
   676    0.84653343    1.08451637
   677    0.55032713    1.46353312
   678    0.77658986    1.34983673
   679    0.18136953    1.71515389
   680   -0.19624429    1.80323617
   681    0.09754669    1.89775226
   682   -0.56570449    1.70435256
   683   -0.77860105    1.42745303
   684   -0.58723963    1.83486551
   685   -0.81437712    1.22626248
   686   -0.74966506    0.96286439
   687   -0.81883920    1.42010440
   688   -1.03626500   -0.65564486
   689   -0.39579041   -1.05943693
   690   -0.30568129   -1.08037513
   691    0.27512484   -1.01097695
   692    0.67861898   -0.72731124
   693    0.90938776   -0.37653039
   694    1.01384494    0.03829993
   695    0.97302534   -0.25141141
   696    0.24599476   -1.01044961
   697    0.75222749   -0.61304719
   698    0.71731993   -0.67185620
   699    0.95917466   -0.11019518
   700    0.92612936    0.43414437
   701    0.98950212    0.24125959
   702    0.96874931    0.53417196
   703    0.75927408    0.97906353
   704    0.92497064    0.79605151
   705    0.70420013    0.87700481
   706    0.34846658    1.18654178
   707    0.56555976    1.10706732
   708    0.42828307    1.31281373
   709    0.07492002    1.49628622
   710    0.31583501    1.50780619
   711   -0.04738690    1.32180448
   712   -0.38494585    1.30608646
   713   -0.16634547    1.42963143
   714   -0.25658134    1.54457113
   715   -0.53631747    1.47052572
   716   -0.37980376    1.65366465
   717   -0.62888503    1.18355094
   718   -0.76235904    0.98055777
   719   -0.68038225    1.24002076
   720   -0.69156156    1.35119566
   721   -0.77763741    1.18542908
   722   -0.77842538    1.31104387
   723   -0.47348579    0.50749339
   724   -0.75990417    0.92814822
   725   -0.77585813    0.89019051
   726   -0.68226998    0.60894317
   727   -0.59213901    0.56044279
   728   -0.77211101    0.79566941
   729   -0.28933015    0.43480293
   730   -0.07355695    0.36909533
   731   -0.48216854    0.58563647
   732   -1.02886599   -0.66106507
   733   -0.37401888   -1.05544146
   734   -0.38531638   -1.05744373
   735    0.39654518   -0.92015482
   736    0.87469210   -0.30904680
   737    0.82598797   -0.46603950
   738    0.90927944    0.26995772
   739    0.66615686    0.78636908
   740    0.81513450    0.62517137
   741    0.29842862    1.08142245
   742   -0.12351412    1.18380805
   743    0.11191676    1.21393201
   744   -0.48313125    1.10162209
   745   -0.70713119    0.91012515
   746   -0.57076094    1.12837221
   747   -0.78558844    0.65607975
   748   -0.70381533    0.39487103
   749   -0.77429077    0.68299952
   750   -0.44748882    0.18159050
   751   -0.06429792    0.09620037
   752   -0.42672267    0.28789537
   753    0.17305754    0.18133903
   754    0.41267746    0.29638481
   755   -0.05783357    0.29483622
   756    0.61808635    0.42188673
   757    0.80599220    0.55903522
   758    0.38878743    0.35954719
   759   -1.04623133   -0.63594897
   760   -0.42756217   -1.03566653
   761   -0.40128258   -1.04564249
   762    0.27099758   -0.96967145
   763    0.77159662   -0.49400898
   764    0.82571562   -0.40505726
   765    0.90959461    0.14465866
   766    0.75640387    0.56376763
   767    0.50790231    0.85724715
   768    0.18451351    1.03545321
   769    0.44112753    0.94626554
   770    0.88644846    0.08279981
   771    0.68058042    0.62077697
   772    0.71903091    0.59252607
   773    0.27645838    0.94379627
   774   -0.20749902    1.01150172
   775   -0.01277127    1.04311417
   776   -0.20996884    1.07932918
   777   -0.55017053    0.95336229
   778   -0.35186274    1.09576061
   779   -0.58400341    0.86058065
   780   -0.80640644    0.55500526
   781   -0.70269867    0.76990918
   782   -0.76314895    0.70019739
   783   -0.80209883    0.41770571
   784   -0.78440429    0.66940697
   785   -0.81830931    0.20797060
   786   -0.64453324   -0.07480341
   787   -0.75506406    0.16102753
   788   -0.69327784    0.17295508
   789   -0.45953353   -0.01033726
   790   -0.60070530    0.17795290
   791   -0.33845606   -0.24121672
   792    0.05366467   -0.26585343
   793   -0.22130733   -0.17563759
   794   -0.22522437   -0.07182041
   795    0.04140587   -0.06720262
   796   -0.01099582    0.01388215
   797    0.90746513    0.42914136
   798    0.45560842    0.13347584
   799    0.34440763   -0.05773023
   800    0.63571477    0.04195055
   801    0.78119506    0.22851088
   802    0.35287679   -0.15260188
   803    1.02899200    0.67508451
   804    1.11602295    0.92142117
   805    0.83954008    0.52238000
   806    1.16582078    1.15946997
   807    1.17682572    1.37889079
   808    1.08883315    0.92489651
   809   -1.05201685   -0.62551888
   810   -0.44557735   -1.02403739
   811   -0.43681120   -1.02972829
   812    0.24974778   -0.96552148
   813    0.74843005   -0.49769605
   814    0.75942476   -0.49623868
   815    0.85187845    0.14768514
   816    0.55326727    0.71127485
   817    0.61848873    0.66766088
   818   -0.03964004    0.97218841
   819   -0.61868412    0.78574016
   820   -0.42649951    0.92304590
   821   -0.84577094    0.45419589
   822   -0.84240355    0.06038109
   823   -0.85607720    0.31015058
   824   -0.61681512   -0.26832418
   825   -0.24630790   -0.43473225
   826   -0.46957284   -0.28199469
   827    0.26681610   -0.40560143
   828    0.75748486   -0.12178297
   829    0.41892374   -0.25918654
   830    1.00568234    0.23707761
   831    1.16084405    0.65628553
   832    0.95772138    0.29608431
   833    1.20380135    0.99032919
   834    1.18944831    1.31521275
   835    1.14943476    0.83944120
   836    1.12787165    1.59418260
   837    1.02496539    1.83703347
   838    1.17956275    1.39037835
   839    0.89484784    2.02555778
   840    0.73868715    2.16484147
   841    1.05115140    1.82393153
   842   -1.05072573   -0.62446179
   843   -0.44166668   -1.01848804
   844   -0.44376317   -1.02115891
   845    0.25562448   -0.95022929
   846    0.74363711   -0.47017413
   847    0.74571662   -0.48411613
   848    0.82167605    0.18363855
   849    0.48574917    0.73164767
   850    0.51921923    0.72102006
   851   -0.07607059    0.94169354
   852   -0.62268788    0.76211482
   853   -0.62137376    0.77151975
   854   -0.84388043    0.47325345
   855   -0.89831783    0.09057083
   856   -0.80078198   -0.18044922
   857   -0.59857041   -0.40243119
   858   -0.75386164   -0.18699445
   859   -0.89149395    0.37158973
   860   -0.88733741   -0.10473673
   861   -0.89665030   -0.00799216
   862   -0.65931659   -0.44535347
   863   -0.27293884   -0.64830900
   864   -0.44826409   -0.54219996
   865   -0.26240963   -0.55448333
   866    0.11624804   -0.56158518
   867   -0.06984287   -0.51623599
   868    0.17118705   -0.65381220
   869    0.58985318   -0.47814747
   870    0.35794659   -0.54861548
   871    0.44082513   -0.45674136
   872    0.73871159   -0.25549704
   873    0.74889412   -0.18998073
   874    1.21969456    0.85971699
   875    1.10693018    0.30995745
   876    0.95454281   -0.05974730
   877    1.11225183    0.18749293
   878    1.19766836    0.51763009
   879    0.89586720   -0.19069617
   880    1.16862170    1.23881462
   881    1.04244503    1.58671523
   882    1.20583918    1.13633574
   883    0.87499980    1.86211506
   884    0.66703818    2.07939817
   885    1.01674028    1.76016401
   886    0.46147135    2.22057233
   887    0.24513536    2.30045512
   888    0.68959652    2.16189712
   889    0.04169376    2.31908107
   890   -0.15367132    2.28051441
   891    0.30625446    2.32871782
   892   -1.04451986   -0.62979219
   893   -0.42272540   -1.01679507
   894   -0.43229620   -1.01761510
   895    0.28137195   -0.92574870
   896    0.75122855   -0.41738113
   897    0.74748864   -0.44394119
   898    0.78431050    0.25140752
   899    0.39044268    0.77381635
   900    0.43826892    0.75319180
   901   -0.21390426    0.91553763
   902   -0.74868173    0.63876539
   903   -0.68785809    0.70153803
   904   -0.95620382    0.12470253
   905   -0.78238889   -0.41538104
   906   -0.84653904   -0.26496951
   907   -0.37025523   -0.70634494
   908    0.17169383   -0.74543440
   909   -0.05599867   -0.72267245
   910    0.66117764   -0.52604876
   911    1.01698115   -0.12106345
   912    0.82826949   -0.32958585
   913    1.19302723    0.38539621
   914    1.17805626    0.92349659
   915    1.21059692    0.55005178
   916    1.03853064    1.33500477
   917    0.80223623    1.67897851
   918    1.10028912    1.31857463
   919    0.53946949    1.91456002
   920    0.24665490    2.06118038
   921    0.69744525    1.91998680
   922   -0.00449961    2.12245170
   923   -0.24352663    2.11211359
   924    0.21365740    2.20537532
   925   -0.43149536    2.05298435
   926   -0.58964142    1.94235277
   927   -0.21584462    2.22183920
   928   -0.70144594    1.80400725
   929   -0.77772085    1.63225300
   930   -0.54272959    2.03054008
   931   -1.03499762   -0.63914537
   932   -0.39397425   -1.01689767
   933   -0.40842913   -1.01689894
   934    0.31890406   -0.89374677
   935    0.76320021   -0.34719931
   936    0.75759493   -0.38246769
   937    0.73490747    0.34051711
   938    0.26614201    0.82432036
   939    0.32883039    0.80051546
   940   -0.39499667    0.86507028
   941   -0.89252438    0.44618242
   942   -0.82577185    0.54550533
   943   -0.93748298   -0.24702583
   944   -0.43512298   -0.77678595
   945   -0.63122915   -0.61851225
   946    0.12532875   -0.83774496
   947    0.67762285   -0.59360412
   948    0.43487955   -0.70354256
   949    1.05402898   -0.12518122
   950    1.19169355    0.44499527
   951    1.14718503    0.14874358
   952    1.05016472    1.09176830
   953    0.63915112    1.57011436
   954    0.97794304    1.30593242
   955    0.27159402    1.78241611
   956   -0.10872916    1.84435476
   957    0.36281120    1.87324141
   958   -0.37723649    1.80379338
   959   -0.59524055    1.68250213
   960   -0.22424639    1.97625079
   961   -0.72375286    1.54394176
   962   -0.79628094    1.36984890
   963   -0.61355790    1.80966521
   964   -0.81135299    1.21449663
   965   -0.78319710    1.04758644
   966   -0.79560595    1.51852775
   967   -0.72195336    0.89584974
   968   -0.62818107    0.74494148
   969   -0.80839107    1.17082627
   970   -1.02405727   -0.64992139
   971   -0.36145504   -1.01686491
   972   -0.37778066   -1.01697073
   973    0.35872283   -0.85783327
   974    0.77247571   -0.27171190
   975    0.76833261   -0.30959147
   976    0.68049577    0.42240036
   977    0.14920501    0.85858815
   978    0.20787691    0.84264445
   979   -0.51890262    0.81314157
   980   -0.96650351    0.32137954
   981   -0.93150663    0.38384210
   982   -0.95298671   -0.32849117
   983   -0.48885122   -0.82171965
   984   -0.46232373   -0.80149678
   985    0.03525045   -0.87765705
   986    0.51708417   -0.75516386
   987    0.84298928   -0.49080168
   988    1.06973897   -0.12605738
   989    0.90773013   -0.38884713
   990    0.10349027   -0.92158970
   991    0.68273991   -0.67840476
   992    0.60238155   -0.72162092
   993    1.03094625   -0.23133900
   994    1.15007851    0.32905474
   995    1.13697435    0.09664531
   996    1.17189608    0.36601613
   997    1.09627680    0.84089501
   998    1.16648990    0.64758117
   999    1.03148208    0.85750909
  1000    0.73555893    1.26370087
  1001    0.94547762    1.07784157
  1002    0.91149178    1.19119741
  1003    0.63985770    1.45923267
  1004    0.64006331    1.51356030
  1005   -0.46655558    1.48145866
  1006    0.05927428    1.69821769
  1007    0.33319648    1.56555214
  1008    0.01352967    1.56871985
  1009   -0.24285309    1.55928210
  1010    0.39027384    1.48853954
  1011   -0.66091415    1.32405157
  1012   -0.76787399    1.11405107
  1013   -0.54405532    1.56999805
  1014   -0.78075156    0.91655463
  1015   -0.71425602    0.72000700
  1016   -0.78603374    1.21738405
  1017   -0.60632755    0.58659893
  1018   -0.45481351    0.47385610
  1019   -0.74276068    0.87780402
  1020   -0.30595659    0.41013356
  1021   -0.13818292    0.36476107
  1022   -0.54639464    0.62553856
  1023    0.01479581    0.34443350
  1024    0.17386996    0.33702234
  1025   -0.27562996    0.44567369
  1026   -1.01284678   -0.66066438
  1027   -0.32869526   -1.01585916
  1028   -0.34512817   -1.01645610
  1029    0.39915954   -0.81820827
  1030    0.77781848   -0.19015398
  1031    0.77576393   -0.23102101
  1032    0.61368571    0.50929307
  1033    0.01401139    0.88565748
  1034    0.08179379    0.87392261
  1035   -0.66143225    0.73473822
  1036   -1.03507997    0.14998851
  1037   -1.00447369    0.23629199
  1038   -0.89835498   -0.51865371
  1039   -0.32312113   -0.93758965
  1040   -0.40858336   -0.88519163
  1041    0.36327588   -0.89887838
  1042    0.91836677   -0.44897652
  1043    0.81145455   -0.57490191
  1044    1.12350846    0.18535766
  1045    0.97574059    0.82692781
  1046    1.09711713    0.58958422
  1047    0.57888347    1.25970874
  1048    0.08378774    1.42811556
  1049    0.42328527    1.40248812
  1050   -0.34007671    1.36348994
  1051   -0.65103600    1.11975216
  1052   -0.36977276    1.41615317
  1053   -0.77196439    0.84701565
  1054   -0.74837848    0.55238688
  1055   -0.74020662    1.05631904
  1056   -0.60860179    0.33129367
  1057   -0.37384836    0.17135655
  1058   -0.71010795    0.58709807
  1059   -0.12966759    0.11911325
  1060    0.14061842    0.13388970
  1061   -0.37285328    0.30595149
  1062    0.35259959    0.20618485
  1063    0.55745855    0.31549994
  1064    0.02812379    0.25482223
  1065    0.69475285    0.42537116
  1066    0.82047508    0.54562532
  1067    0.36439747    0.33038084
  1068    0.90393968    0.64308299
  1069    0.97902325    0.73877953
  1070    0.62418778    0.44222383
  1071   -1.00426335   -0.66814680
  1072   -0.30584801   -1.01292276
  1073   -0.31731999   -1.01440571
  1074    0.43620498   -0.77717471
  1075    0.77735746   -0.10727675
  1076    0.77822071   -0.14873403
  1077    0.52843841    0.60171483
  1078   -0.14332422    0.89842134
  1079   -0.06466067    0.89463190
  1080   -0.82374106    0.60779198
  1081   -1.07484187   -0.08230406
  1082   -1.06159276    0.03424241
  1083   -0.74340594   -0.75907324
  1084   -0.02096785   -1.01514164
  1085   -0.17474621   -0.98963867
  1086    0.70762478   -0.71511444
  1087    1.07719228   -0.02667720
  1088    1.02370958   -0.24807900
  1089    0.95781014    0.71799105
  1090    0.46569889    1.20455705
  1091    0.75210367    1.05715548
  1092   -0.14070178    1.29600823
  1093   -0.60752861    1.04281030
  1094   -0.30261402    1.30748780
  1095   -0.79178400    0.61554948
  1096   -0.68378130    0.19925834
  1097   -0.78557437    0.66421566
  1098   -0.36844552   -0.07246189
  1099    0.04046602   -0.15161321
  1100   -0.46170130    0.08552362
  1101    0.43593322   -0.05399315
  1102    0.76050903    0.16883747
  1103    0.18863772   -0.00631447
  1104    0.98445222    0.45132834
  1105    1.11756727    0.74750497
  1106    0.72281158    0.28705918
  1107    1.17703713    1.01505002
  1108    1.18950443    1.24150581
  1109    1.01310323    0.68232061
  1110    1.17712336    1.41268671
  1111    1.15705147    1.53335266
  1112    1.12715598    0.99222592
  1113    1.14129252    1.60213333
  1114    1.13536237    1.62491832
  1115    1.16249391    1.16327194
  1116   -1.04638259    0.96221301
  1117   -1.23986111    0.52980850
  1118   -1.29455460    0.07266850
  1119   -1.29455460    0.07266850
  1120   -1.29455460    0.07266850
  1121   -1.20643760    0.61986249
  1122   -0.90991849    1.12769412
  1123   -0.98224705    1.04876815
  1124   -0.32890670    1.58999385
  1125   -0.71959527    1.33991048
  1126   -0.50851459    1.47135227
  1127   -0.02237664    1.66903788
  1128   -0.17859682    1.64160726
  1129    0.42967675    1.72798870
  1130    0.07468138    1.71267911
  1131    0.45069019    1.70039818
  1132    0.84113465    1.61246576
  1133    0.64158551    1.69265411
  1134    0.88774617    1.61745999
  1135    0.70041170    1.68184381
  1136    1.15660307    1.44349846
  1137    1.39024839    1.22118314
  1138    1.17159194    1.46084619
  1139    0.98787075    1.57061404
  1140    1.51673415    1.03439004
  1141   -1.29455460    0.07266850
  1142   -1.29455460    0.07266850
  1143   -1.12968022    0.77370639
  1144   -0.63376688    1.33441944
  1145   -0.77839059    1.24321735
  1146   -0.14864134    1.57159054
  1147    0.38587873    1.63149564
  1148    0.18455602    1.67060338
  1149    0.85453908    1.50640576
  1150    1.19674791    1.28164034
  1151    1.03921167    1.46992260
  1152    1.45596008    0.89736209
  1153    1.52368918    0.47760745
  1154    1.53038523    0.86361219
  1155    1.48530425    0.20507793
  1156   -1.29455460    0.07266850
  1157   -1.29455460    0.07266850
  1158   -1.14801206    0.71657354
  1159   -0.71377236    1.23250698
  1160   -0.67815606    1.27943173
  1161   -0.23246843    1.51691782
  1162    0.18520290    1.56033557
  1163    0.51535265    1.52582849
  1164    0.81790725    1.41515013
  1165    0.61708017    1.54702487
  1166   -0.21920957    1.46744599
  1167    0.30701610    1.49311109
  1168    0.24624716    1.52900514
  1169    0.71162437    1.36769665
  1170    1.03037001    1.12340369
  1171    0.93752281    1.27883348
  1172    1.11089593    1.19938381
  1173    1.30520699    0.94893102
  1174    1.26515707    1.12210021
  1175    1.22611680    0.81975698
  1176    1.30359723    0.51876076
  1177    1.32773136    0.73388578
  1178    1.40152191    0.70526984
  1179    1.42839835    0.45566090
  1180    1.47921496    0.46759239
  1181    0.96121615   -0.25445604
  1182    1.33323079    0.03814351
  1183    1.34055500    0.21876643
  1184    1.19574777    0.01359462
  1185    1.09811022   -0.13776167
  1186    1.29070657    0.25280770
  1187    0.75322498   -0.33845165
  1188   -1.29455460    0.07266850
  1189   -1.29455460    0.07266850
  1190   -1.11094112    0.76799777
  1191   -0.59236094    1.27403763
  1192   -0.65442546    1.25485552
  1193   -0.02253331    1.44296879
  1194    0.53442328    1.34911158
  1195    0.42520171    1.42888843
  1196    0.90611946    1.09891276
  1197    1.12484467    0.74249272
  1198    1.09647770    0.93762835
  1199    1.16983562    0.38157256
  1200    1.08764459    0.08355315
  1201    1.22245167    0.28784324
  1202    0.91282663   -0.14132018
  1203    0.66380426   -0.27644484
  1204    0.95242909   -0.17323257
  1205    0.40340080   -0.30749960
  1206    0.13738981   -0.23614139
  1207    0.54727492   -0.33506212
  1208   -0.07396403   -0.09235044
  1209   -1.29455460    0.07266850
  1210   -1.29455460    0.07266850
  1211   -1.00558510    0.90351046
  1212   -0.26544745    1.35383591
  1213   -0.43105485    1.32772117
  1214    0.32762534    1.33706520
  1215    0.80381354    1.05795486
  1216    0.68473999    1.21681370
  1217    1.02433427    0.69834741
  1218    1.05104963    0.30703248
  1219    1.11271232    0.52039067
  1220    0.90506538   -0.01341588
  1221    0.66900548   -0.20563856
  1222    0.89675946   -0.08763778
  1223    0.36744630   -0.27404069
  1224    0.05571770   -0.20025907
  1225    0.35383521   -0.28460980
  1226   -0.24495077    0.05469975
  1227   -0.40585560    0.44276025
  1228   -0.21118207    0.04225830
  1229   -0.40057790    0.72829705
  1230   -1.29455460    0.07266850
  1231   -1.29455460    0.07266850
  1232   -1.06039911    0.81763958
  1233   -0.44121797    1.27382815
  1234   -0.35558044    1.31437130
  1235    0.21443643    1.33739826
  1236    0.61673067    1.12908366
  1237    0.85215114    0.87243678
  1238    0.96830529    0.56577147
  1239    0.92319407    0.82168134
  1240    0.18820697    1.29842774
  1241    0.69017428    0.99858585
  1242    0.65531864    1.06509097
  1243    0.90190464    0.60567943
  1244    0.88328476    0.18926888
  1245    0.94534985    0.37292069
  1246    0.94714773    0.21428756
  1247    0.77246442   -0.07394061
  1248    0.93566135    0.09893249
  1249    0.68565939   -0.11304047
  1250    0.36407568   -0.27173101
  1251    0.58001713   -0.19685486
  1252    0.48681502   -0.24171325
  1253    0.18627358   -0.25972988
  1254    0.43063236   -0.26117651
  1255    0.01114505   -0.25070399
  1256   -0.27686039   -0.07915892
  1257   -0.05671156   -0.19813318
  1258   -0.08942747   -0.15279524
  1259   -0.31312179    0.06349654
  1260   -0.14289001   -0.08645399
  1261   -0.46749352    0.19290399
  1262   -0.54691329    0.53445442
  1263   -0.46124616    0.28406776
  1264   -0.42370411    0.28888135
  1265   -0.46915372    0.54659508
  1266   -0.43629475    0.49434720
  1267   -0.07955492    1.40659551
  1268   -0.37518766    0.96695176
  1269   -0.46361161    0.85015690
  1270   -0.36662058    1.13890480
  1271   -0.23246827    1.28229938
  1272   -0.50407496    0.84482067
  1273    0.12953123    1.52996780
  1274   -1.29455460    0.07266850
  1275   -1.29455460    0.07266850
  1276   -1.05086894    0.82013173
  1277   -0.41596572    1.25744514
  1278   -0.42893009    1.26511735
  1279    0.33968418    1.19945945
  1280    0.81264575    0.69619513
  1281    0.76393813    0.85242888
  1282    0.85262237    0.23307762
  1283    0.62591319   -0.14533375
  1284    0.77363262    0.00745459
  1285    0.28269469   -0.30361686
  1286   -0.10554998   -0.25967586
  1287    0.12875565   -0.29424027
  1288   -0.42459930   -0.03052160
  1289   -0.60216934    0.30753443
  1290   -0.46431365    0.09370275
  1291   -0.62929770    0.70669047
  1292   -0.49536637    1.10280931
  1293   -0.56251056    0.82295313
  1294   -0.18264256    1.45150994
  1295    0.25063890    1.65007902
  1296   -0.11144993    1.45912361
  1297    0.53671995    1.66982282
  1298    0.81246262    1.62969521
  1299    0.33926894    1.62575600
  1300    1.03835383    1.54571331
  1301   -1.29455460    0.07266850
  1302   -1.29455460    0.07266850
  1303   -1.06549934    0.79171565
  1304   -0.46482135    1.22388516
  1305   -0.44080271    1.24014437
  1306    0.21962845    1.21133054
  1307    0.71153352    0.80973827
  1308    0.76413730    0.75319069
  1309    0.84930741    0.30437151
  1310    0.70058343   -0.05101321
  1311    0.46157406   -0.25908027
  1312    0.15228687   -0.34490403
  1313    0.40489950   -0.27964062
  1314    0.82445254    0.31096867
  1315    0.62235308   -0.13801185
  1316    0.66189255   -0.09538514
  1317    0.22832221   -0.35965632
  1318   -0.23910112   -0.31733938
  1319   -0.04467397   -0.35068710
  1320   -0.21873188   -0.26851088
  1321   -0.52888764   -0.01627154
  1322   -0.33217424   -0.16487014
  1323   -0.59176315   -0.04515488
  1324   -0.78372314    0.38749385
  1325   -0.68068842    0.16999492
  1326   -0.70461700    0.37090310
  1327   -0.70144513    0.78706421
  1328   -0.68169426    0.54153105
  1329   -0.75977736    0.86312988
  1330   -0.54566572    1.27419184
  1331   -0.65534038    1.04094316
  1332   -0.54898578    1.15714689
  1333   -0.27041170    1.45925755
  1334   -0.40230660    1.29453879
  1335   -0.19581969    1.56675605
  1336    0.24139558    1.71121199
  1337   -0.03290874    1.62270678
  1338    0.00035169    1.61164313
  1339    0.30216203    1.69078867
  1340    0.27689312    1.67202274
  1341    1.25444907    1.38664339
  1342    0.78794338    1.65079610
  1343    0.61174296    1.69659923
  1344    0.90914744    1.61098199
  1345    1.09320597    1.51131631
  1346    0.58413483    1.70619919
  1347    1.41012395    1.21258954
  1348    1.52235190    1.01799624
  1349    1.24288258    1.41095906
  1350    1.58767459    0.81131840
  1351   -1.29455460    0.07266850
  1352   -1.29455460    0.07266850
  1353   -1.06943095    0.77932769
  1354   -0.47953232    1.20413711
  1355   -0.47235595    1.21358667
  1356    0.20194567    1.18971359
  1357    0.69084537    0.78368173
  1358    0.70054229    0.79607750
  1359    0.78996416    0.21508241
  1360    0.49321119   -0.25777890
  1361    0.55923414   -0.20026912
  1362   -0.08971895   -0.40401141
  1363   -0.65034629   -0.09192400
  1364   -0.45813302   -0.22906453
  1365   -0.85321457    0.36267466
  1366   -0.81840438    0.88716875
  1367   -0.83271133    0.63497218
  1368   -0.55828317    1.33942467
  1369   -0.14910209    1.62909406
  1370   -0.37156928    1.47877212
  1371    0.40893425    1.72970988
  1372    0.94534892    1.56748281
  1373    0.60672426    1.70472352
  1374    1.24345271    1.33218663
  1375    1.44680746    1.02525693
  1376    1.23771631    1.37187925
  1377    1.52957957    0.77969862
  1378    1.55003489    0.52946381
  1379    1.50366740    0.99178296
  1380    1.51718827    0.31041511
  1381    1.43516266    0.11023596
  1382    1.58796787    0.55325627
  1383    1.31764364   -0.05287798
  1384   -1.29455460    0.07266850
  1385   -1.29455460    0.07266850
  1386   -1.06681534    0.77700492
  1387   -0.47320123    1.19334902
  1388   -0.47646278    1.19847148
  1389    0.21067734    1.16278143
  1390    0.68847816    0.73578241
  1391    0.68933785    0.75928328
  1392    0.76067662    0.14912781
  1393    0.42409560   -0.31862709
  1394    0.45817769   -0.28889890
  1395   -0.13270893   -0.43843364
  1396   -0.66846530   -0.15981099
  1397   -0.66093308   -0.12599456
  1398   -0.86409905    0.28226732
  1399   -0.90599158    0.72524833
  1400   -0.79011525    1.07533533
  1401   -0.56712188    1.37803474
  1402   -0.72605098    1.14900945
  1403   -0.92349311    0.32027902
  1404   -0.90173772    0.88900214
  1405   -0.90782606    0.80758848
  1406   -0.65287112    1.32280348
  1407   -0.24236800    1.62065290
  1408   -0.41726767    1.51612589
  1409   -0.20387768    1.62558381
  1410    0.20433669    1.72800966
  1411    0.02263796    1.69619637
  1412    0.22971900    1.72491269
  1413    0.67899130    1.64781961
  1414    0.44657504    1.71671147
  1415    0.55565584    1.70346829
  1416    0.88120681    1.58064677
  1417    0.91341735    1.57478022
  1418    1.44360211    0.67604181
  1419    1.31360629    1.18330514
  1420    1.10288696    1.40095874
  1421    1.26617610    1.16888808
  1422    1.38628191    0.92998947
  1423    1.01667642    1.45473731
  1424    1.43337326    0.39406602
  1425    1.34599085    0.13433917
  1426    1.50105131    0.56608022
  1427    1.21425946   -0.06289397
  1428    1.03702932   -0.21494636
  1429    1.38231123    0.09501327
  1430    0.85626981   -0.30470285
  1431    0.65783426   -0.34812041
  1432    1.10112418   -0.21193270
  1433    0.46509884   -0.34517860
  1434   -1.29455460    0.07266850
  1435   -1.29455460    0.07266850
  1436   -1.05962432    0.78146419
  1437   -0.45241690    1.18802937
  1438   -0.46287576    1.19055940
  1439    0.23868843    1.13020265
  1440    0.69819027    0.66872253
  1441    0.69340166    0.70201928
  1442    0.72454305    0.05992483
  1443    0.32838378   -0.39035071
  1444    0.37631646   -0.35572497
  1445   -0.27320199   -0.44884336
  1446   -0.79980676   -0.07964111
  1447   -0.73654612   -0.12183086
  1448   -0.99406487    0.53172824
  1449   -0.80193535    1.17430017
  1450   -0.86363477    1.03610244
  1451   -0.36753501    1.56805832
  1452    0.20092551    1.71278195
  1453   -0.02611960    1.69243889
  1454    0.71970959    1.59714925
  1455    1.10773296    1.29571277
  1456    0.91823930    1.50182568
  1457    1.31929220    0.89426177
  1458    1.34131721    0.45794469
  1459    1.36934155    0.81931652
  1460    1.24091736    0.14752426
  1461    1.04372144   -0.10083360
  1462    1.33335068    0.23937421
  1463    0.81976317   -0.24591470
  1464    0.56322267   -0.31131242
  1465    1.00782495   -0.18376483
  1466    0.34448581   -0.30239389
  1467    0.13308989   -0.23382544
  1468    0.58714130   -0.33361964
  1469   -0.03287015   -0.12927575
  1470   -0.17520813    0.01348795
  1471    0.19777063   -0.26765152
  1472   -0.27762138    0.17073669
  1473   -1.29455460    0.07266850
  1474   -1.29455460    0.07266850
  1475   -1.04933753    0.79018200
  1476   -0.42220641    1.18546773
  1477   -0.43736546    1.18673236
  1478    0.27808889    1.09214755
  1479    0.71204828    0.58767950
  1480    0.70551720    0.62809677
  1481    0.67643312   -0.04534785
  1482    0.20425323   -0.46306860
  1483    0.26680698   -0.42870553
  1484   -0.45570480   -0.42493416
  1485   -0.94688857    0.08221313
  1486   -0.87865155   -0.00244685
  1487   -0.97865838    0.88185379
  1488   -0.45683671    1.52466867
  1489   -0.65190971    1.37168489
  1490    0.12650347    1.69282680
  1491    0.70679506    1.56072913
  1492    0.46408051    1.67077520
  1493    1.11256094    1.19628171
  1494    1.28251738    0.72987572
  1495    1.23797402    1.02602021
  1496    1.17874566    0.19446795
  1497    0.80652034   -0.17776869
  1498    1.14333988    0.08118718
  1499    0.48250058   -0.27862931
  1500    0.14548159   -0.23608771
  1501    0.61092745   -0.27934350
  1502   -0.08550197   -0.10920244
  1503   -0.26878490    0.08900143
  1504    0.09749890   -0.21502830
  1505   -0.36738205    0.29181766
  1506   -0.41459815    0.51896772
  1507   -0.23427925    0.07416080
  1508   -0.40986047    0.71506996
  1509   -0.36748837    0.91082957
  1510   -0.38050216    0.43866712
  1511   -0.29782276    1.07950794
  1512   -1.29455460    0.07266850
  1513   -1.29455460    0.07266850
  1514   -1.03775087    0.80044833
  1515   -0.38842039    1.18326355
  1516   -0.40535798    1.18440230
  1517    0.31959231    1.05120641
  1518    0.72312113    0.50304431
  1519    0.71809868    0.54527004
  1520    0.62349970   -0.14189439
  1521    0.08790624   -0.51867096
  1522    0.14624291   -0.49259176
  1523   -0.58063492   -0.40341823
  1524   -1.02434615    0.16665069
  1525   -0.98780894    0.12339037
  1526   -1.00255698    0.90094753
  1527   -0.52577057    1.48406215
  1528   -0.49236200    1.50457748
  1529    0.02424951    1.67807340
  1530    0.51746243    1.60680359
  1531    0.85989234    1.41074731
  1532    1.10490298    1.11533232
  1533    0.93996173    1.36734910
  1534    0.08046067    1.66265624
  1535    0.67627405    1.49972354
  1536    0.59921255    1.55771732
  1537    1.04355356    1.13410886
  1538    1.18412777    0.65613970
  1539    1.17156550    0.89053496
  1540    1.23042803    0.70508436
  1541    1.17999238    0.31190402
  1542    1.25364757    0.51595523
  1543    1.09001403    0.21359140
  1544    0.82057489   -0.10683431
  1545    1.02986022    0.07704556
  1546    1.01785400    0.03062513
  1547    0.76964467   -0.16958262
  1548    0.78811042   -0.17316051
  1549   -0.26648410   -0.00474995
  1550    0.24358346   -0.26165259
  1551    0.46846267   -0.26049208
  1552    0.15405522   -0.24901734
  1553   -0.07293370   -0.16020406
  1554    0.50242451   -0.24964501
  1555   -0.42489441    0.24101358
  1556   -0.49667886    0.53373163
  1557   -0.28097749    0.05899407
  1558   -0.47576059    0.80771588
  1559   -0.37822368    1.07225880
  1560   -0.45456079    0.56502022
  1561   -0.24321877    1.26339690
  1562   -0.06884870    1.42382475
  1563   -0.35883198    1.01566577
  1564    0.09792194    1.52429753
  1565    0.27856618    1.59575368
  1566   -0.13014053    1.33397786
  1567    0.43917196    1.63141651
  1568   -1.29455460    0.07266850
  1569   -1.29455460    0.07266850
  1570   -1.02595783    0.81075323
  1571   -0.35448472    1.18035512
  1572   -0.37148618    1.18185868
  1573    0.36160645    1.00720820
  1574    0.73021156    0.41349221
  1575    0.72730413    0.45816017
  1576    0.55820423   -0.24127025
  1577   -0.04643616   -0.56362292
  1578    0.02089858   -0.54338343
  1579   -0.72348544   -0.34919376
  1580   -1.09494275    0.30706274
  1581   -1.06344775    0.23552052
  1582   -0.95201749    1.05411998
  1583   -0.36648648    1.55735844
  1584   -0.44895972    1.52534976
  1585    0.33363387    1.60419069
  1586    0.90603823    1.24313727
  1587    0.80192911    1.38219611
  1588    1.13179000    0.69972602
  1589    1.00772517    0.15066082
  1590    1.13010079    0.39169268
  1591    0.63741542   -0.18860825
  1592    0.17123855   -0.26366905
  1593    0.50955356   -0.24171706
  1594   -0.22189358   -0.10702770
  1595   -0.50071927    0.22683864
  1596   -0.22421118   -0.08256192
  1597   -0.58850887    0.58734862
  1598   -0.53147807    0.96620832
  1599   -0.53141083    0.44222432
  1600   -0.35733496    1.27004532
  1601   -0.08941533    1.50671237
  1602   -0.43200447    1.07654408
  1603    0.18597924    1.62872908
  1604    0.48473793    1.67576623
  1605   -0.03258665    1.49543551
  1606    0.72147278    1.65592457
  1607    0.94717657    1.58992481
  1608    0.41605599    1.64692087
  1609    1.10071010    1.51329049
  1610    1.23813640    1.41672828
  1611    0.78162404    1.63109656
  1612    1.32852691    1.33319016
  1613   -1.29455460    0.07266850
  1614   -1.29455460    0.07266850
  1615   -1.01675330    0.81779067
  1616   -0.33034303    1.17544554
  1617   -0.34244090    1.17786696
  1618    0.40029332    0.96193864
  1619    0.73156097    0.32311125
  1620    0.73154253    0.36813217
  1621    0.47454712   -0.34493760
  1622   -0.20272565   -0.59210727
  1623   -0.12459581   -0.58084783
  1624   -0.88569616   -0.24228286
  1625   -1.13586874    0.51480178
  1626   -1.12211530    0.40995402
  1627   -0.79963239    1.26718819
  1628   -0.06834100    1.60528985
  1629   -0.22025120    1.59396681
  1630    0.67343326    1.39409050
  1631    1.06033935    0.79900563
  1632    1.00901460    1.03092329
  1633    0.96247411    0.15197596
  1634    0.49560350   -0.23469533
  1635    0.78301085   -0.08356104
  1636   -0.08216983   -0.22490774
  1637   -0.51758958    0.12933461
  1638   -0.21387883   -0.13906156
  1639   -0.66838755    0.65591887
  1640   -0.52547702    1.16892795
  1641   -0.63113026    0.69357107
  1642   -0.17485060    1.53278727
  1643    0.26928559    1.69931124
  1644   -0.23860897    1.44824640
  1645    0.69863964    1.68212139
  1646    1.05555752    1.53321091
  1647    0.47861489    1.69694041
  1648    1.30900620    1.31603009
  1649    1.46884098    1.07742885
  1650    1.07068058    1.53061608
  1651    1.55112536    0.85796721
  1652    1.58275483    0.67118563
  1653    1.40467490    1.22692001
  1654    1.58509705    0.53007213
  1655    1.57565940    0.43090778
  1656    1.54531361    0.97112762
  1657    1.56609419    0.37456962
  1658   -1.20324872   -0.34327383
  1659   -0.98698115   -0.65589886
  1660   -0.92268858   -0.74035269
  1661   -0.85024600   -0.81770525
  1662   -1.17088941   -0.43599568
  1663   -0.66361224   -0.82899754
  1664   -0.31205387   -0.81766489
  1665   -0.16217520   -0.86716141
  1666   -0.00629680   -0.89291976
  1667   -0.45229678   -0.96313728
  1668    0.01614943   -0.64157863
  1669    0.27137267   -0.35980294
  1670    0.48406041   -0.32656149
  1671    0.68422424   -0.24802678
  1672    0.39215824   -0.62929770
  1673    0.43888192   -0.05645479
  1674    0.53647249    0.20747376
  1675    0.82127696    0.36204593
  1676    1.04065077    0.60018015
  1677    0.89393875    0.18453185
  1678    0.58074032    0.37043216
  1679    1.10833305    0.90923643
  1680   -0.71789108   -0.92026882
  1681   -0.57275190   -1.00131078
  1682   -1.09202979   -0.58444543
  1683    0.19833512   -0.88335338
  1684    0.39778188   -0.83532337
  1685   -0.09415412   -1.04446323
  1686    0.88637773   -0.11649409
  1687    1.04716192    0.06295987
  1688    0.79600713   -0.43530527
  1689    1.18668036    0.94515521
  1690    1.18458420    1.32128075
  1691    1.20122031    0.71214742
  1692    1.07947116    1.73333123
  1693   -0.62038178   -0.99158797
  1694   -0.65999809   -0.97649763
  1695   -1.11827144   -0.54524643
  1696    0.62035936   -0.71141704
  1697    0.81337974   -0.54575949
  1698    0.54493760   -0.82019569
  1699    0.23641306   -1.00196390
  1700   -0.17184293   -1.07494364
  1701    0.29956447   -0.99015466
  1702    0.36199788   -0.97117500
  1703   -0.15719240   -1.09637976
  1704    0.93236782   -0.40679632
  1705    1.02466762   -0.24906564
  1706    0.74419465   -0.67914868
  1707    1.12971778    0.18344407
  1708    1.18161073    0.32310931
  1709    1.05236398   -0.12828332
  1710    1.20505194    0.53552806
  1711    1.18171361    0.74836940
  1712    1.16758485    0.25134351
  1713    1.18827634    1.22520372
  1714    1.18660359    1.12322218
  1715    1.21818890    0.72877835
  1716    0.97349831    1.80472914
  1717    0.58677107    2.12821792
  1718    0.77603376    1.89970848
  1719    0.93883944    1.60099994
  1720    1.09069387    1.37925598
  1721    1.10081320    1.19808510
  1722    0.33883610    2.29420266
  1723   -0.60166800   -1.00522631
  1724   -0.54049484   -1.02961473
  1725   -1.08271513   -0.59943858
  1726    0.48069243   -0.91246328
  1727    0.59033924   -0.83743638
  1728    0.03926193   -1.08646260
  1729    1.09077022   -0.06326888
  1730    1.11913249    0.13188645
  1731    0.93979091   -0.41684209
  1732    1.10057546    0.97926566
  1733    0.96577519    1.18353620
  1734    1.11130367    0.68952793
  1735    0.69321313    1.79322430
  1736    0.40259478    1.90108756
  1737    0.72043047    1.59859636
  1738    0.16986103    2.21501029
  1739   -0.24245165    2.12113658
  1740    0.07482172    2.08362287
  1741   -0.48967798    2.05077697
  1742   -0.37782313   -1.07517892
  1743   -0.21112550   -1.09416745
  1744   -0.97520222   -0.73095082
  1745    0.73958202   -0.69339508
  1746    0.85764435   -0.52416026
  1747    0.38966453   -0.96302714
  1748    1.10582224    0.35891506
  1749    1.04311649    0.57660870
  1750    1.05518526    0.00012096
  1751    0.77658986    1.34983673
  1752    0.55032713    1.46353312
  1753    0.84653343    1.08451637
  1754    0.09754669    1.89775226
  1755   -0.19624429    1.80323617
  1756    0.18136953    1.71515389
  1757   -0.58723963    1.83486551
  1758   -0.77860105    1.42745303
  1759   -0.56570449    1.70435256
  1760   -0.81437712    1.22626248
  1761   -0.30568129   -1.08037513
  1762   -0.39579041   -1.05943693
  1763   -1.03626500   -0.65564486
  1764    0.97302534   -0.25141141
  1765    1.01384494    0.03829993
  1766    0.90938776   -0.37653039
  1767    0.67861898   -0.72731124
  1768    0.27512484   -1.01097695
  1769    0.71731993   -0.67185620
  1770    0.75222749   -0.61304719
  1771    0.24599476   -1.01044961
  1772    0.98950212    0.24125959
  1773    0.92612936    0.43414437
  1774    0.95917466   -0.11019518
  1775    0.92497064    0.79605151
  1776    0.75927408    0.97906353
  1777    0.96874931    0.53417196
  1778    0.56555976    1.10706732
  1779    0.34846658    1.18654178
  1780    0.70420013    0.87700481
  1781    0.31583501    1.50780619
  1782    0.07492002    1.49628622
  1783    0.42828307    1.31281373
  1784   -0.16634547    1.42963143
  1785   -0.38494585    1.30608646
  1786   -0.04738690    1.32180448
  1787   -0.37980376    1.65366465
  1788   -0.53631747    1.47052572
  1789   -0.25658134    1.54457113
  1790   -0.68038225    1.24002076
  1791   -0.76235904    0.98055777
  1792   -0.62888503    1.18355094
  1793   -0.77842538    1.31104387
  1794   -0.77763741    1.18542908
  1795   -0.69156156    1.35119566
  1796   -0.75990417    0.92814822
  1797   -0.47348579    0.50749339
  1798   -0.59213901    0.56044279
  1799   -0.68226998    0.60894317
  1800   -0.77585813    0.89019051
  1801   -0.77211101    0.79566941
  1802   -0.28933015    0.43480293
  1803   -0.38531638   -1.05744373
  1804   -0.37401888   -1.05544146
  1805   -1.02886599   -0.66106507
  1806    0.82598797   -0.46603950
  1807    0.87469210   -0.30904680
  1808    0.39654518   -0.92015482
  1809    0.81513450    0.62517137
  1810    0.66615686    0.78636908
  1811    0.90927944    0.26995772
  1812    0.11191676    1.21393201
  1813   -0.12351412    1.18380805
  1814    0.29842862    1.08142245
  1815   -0.57076094    1.12837221
  1816   -0.70713119    0.91012515
  1817   -0.48313125    1.10162209
  1818   -0.77429077    0.68299952
  1819   -0.70381533    0.39487103
  1820   -0.78558844    0.65607975
  1821   -0.42672267    0.28789537
  1822   -0.06429792    0.09620037
  1823   -0.44748882    0.18159050
  1824   -0.05783357    0.29483622
  1825    0.41267746    0.29638481
  1826    0.17305754    0.18133903
  1827    0.61808635    0.42188673
  1828   -0.40128258   -1.04564249
  1829   -0.42756217   -1.03566653
  1830   -1.04623133   -0.63594897
  1831    0.82571562   -0.40505726
  1832    0.77159662   -0.49400898
  1833    0.27099758   -0.96967145
  1834    0.44112753    0.94626554
  1835    0.18451351    1.03545321
  1836    0.50790231    0.85724715
  1837    0.75640387    0.56376763
  1838    0.90959461    0.14465866
  1839    0.71903091    0.59252607
  1840    0.68058042    0.62077697
  1841    0.88644846    0.08279981
  1842   -0.01277127    1.04311417
  1843   -0.20749902    1.01150172
  1844    0.27645838    0.94379627
  1845   -0.35186274    1.09576061
  1846   -0.55017053    0.95336229
  1847   -0.20996884    1.07932918
  1848   -0.70269867    0.76990918
  1849   -0.80640644    0.55500526
  1850   -0.58400341    0.86058065
  1851   -0.78440429    0.66940697
  1852   -0.80209883    0.41770571
  1853   -0.76314895    0.70019739
  1854   -0.75506406    0.16102753
  1855   -0.64453324   -0.07480341
  1856   -0.81830931    0.20797060
  1857   -0.60070530    0.17795290
  1858   -0.45953353   -0.01033726
  1859   -0.69327784    0.17295508
  1860   -0.22130733   -0.17563759
  1861    0.05366467   -0.26585343
  1862   -0.33845606   -0.24121672
  1863   -0.01099582    0.01388215
  1864    0.04140587   -0.06720262
  1865   -0.22522437   -0.07182041
  1866    0.45560842    0.13347584
  1867    0.90746513    0.42914136
  1868    0.78119506    0.22851088
  1869    0.63571477    0.04195055
  1870    0.34440763   -0.05773023
  1871    0.35287679   -0.15260188
  1872    0.83954008    0.52238000
  1873    1.11602295    0.92142117
  1874    1.02899200    0.67508451
  1875    1.16582078    1.15946997
  1876   -0.43681120   -1.02972829
  1877   -0.44557735   -1.02403739
  1878   -1.05201685   -0.62551888
  1879    0.75942476   -0.49623868
  1880    0.74843005   -0.49769605
  1881    0.24974778   -0.96552148
  1882    0.61848873    0.66766088
  1883    0.55326727    0.71127485
  1884    0.85187845    0.14768514
  1885   -0.42649951    0.92304590
  1886   -0.61868412    0.78574016
  1887   -0.03964004    0.97218841
  1888   -0.85607720    0.31015058
  1889   -0.84240355    0.06038109
  1890   -0.84577094    0.45419589
  1891   -0.46957284   -0.28199469
  1892   -0.24630790   -0.43473225
  1893   -0.61681512   -0.26832418
  1894    0.41892374   -0.25918654
  1895    0.75748486   -0.12178297
  1896    0.26681610   -0.40560143
  1897    0.95772138    0.29608431
  1898    1.16084405    0.65628553
  1899    1.00568234    0.23707761
  1900    1.14943476    0.83944120
  1901    1.18944831    1.31521275
  1902    1.20380135    0.99032919
  1903    1.17956275    1.39037835
  1904    1.02496539    1.83703347
  1905    1.12787165    1.59418260
  1906    0.89484784    2.02555778
  1907   -0.44376317   -1.02115891
  1908   -0.44166668   -1.01848804
  1909   -1.05072573   -0.62446179
  1910    0.74571662   -0.48411613
  1911    0.74363711   -0.47017413
  1912    0.25562448   -0.95022929
  1913    0.51921923    0.72102006
  1914    0.48574917    0.73164767
  1915    0.82167605    0.18363855
  1916   -0.62137376    0.77151975
  1917   -0.62268788    0.76211482
  1918   -0.07607059    0.94169354
  1919   -0.75386164   -0.18699445
  1920   -0.59857041   -0.40243119
  1921   -0.80078198   -0.18044922
  1922   -0.89831783    0.09057083
  1923   -0.84388043    0.47325345
  1924   -0.89665030   -0.00799216
  1925   -0.88733741   -0.10473673
  1926   -0.89149395    0.37158973
  1927   -0.44826409   -0.54219996
  1928   -0.27293884   -0.64830900
  1929   -0.65931659   -0.44535347
  1930   -0.06984287   -0.51623599
  1931    0.11624804   -0.56158518
  1932   -0.26240963   -0.55448333
  1933    0.35794659   -0.54861548
  1934    0.58985318   -0.47814747
  1935    0.17118705   -0.65381220
  1936    0.74889412   -0.18998073
  1937    0.73871159   -0.25549704
  1938    0.44082513   -0.45674136
  1939    1.10693018    0.30995745
  1940    1.21969456    0.85971699
  1941    1.19766836    0.51763009
  1942    1.11225183    0.18749293
  1943    0.95454281   -0.05974730
  1944    0.89586720   -0.19069617
  1945    1.20583918    1.13633574
  1946    1.04244503    1.58671523
  1947    1.16862170    1.23881462
  1948    1.01674028    1.76016401
  1949    0.66703818    2.07939817
  1950    0.87499980    1.86211506
  1951    0.68959652    2.16189712
  1952    0.24513536    2.30045512
  1953    0.46147135    2.22057233
  1954    0.04169376    2.31908107
  1955   -0.43229620   -1.01761510
  1956   -0.42272540   -1.01679507
  1957   -1.04451986   -0.62979219
  1958    0.74748864   -0.44394119
  1959    0.75122855   -0.41738113
  1960    0.28137195   -0.92574870
  1961    0.43826892    0.75319180
  1962    0.39044268    0.77381635
  1963    0.78431050    0.25140752
  1964   -0.68785809    0.70153803
  1965   -0.74868173    0.63876539
  1966   -0.21390426    0.91553763
  1967   -0.84653904   -0.26496951
  1968   -0.78238889   -0.41538104
  1969   -0.95620382    0.12470253
  1970   -0.05599867   -0.72267245
  1971    0.17169383   -0.74543440
  1972   -0.37025523   -0.70634494
  1973    0.82826949   -0.32958585
  1974    1.01698115   -0.12106345
  1975    0.66117764   -0.52604876
  1976    1.21059692    0.55005178
  1977    1.17805626    0.92349659
  1978    1.19302723    0.38539621
  1979    1.10028912    1.31857463
  1980    0.80223623    1.67897851
  1981    1.03853064    1.33500477
  1982    0.69744525    1.91998680
  1983    0.24665490    2.06118038
  1984    0.53946949    1.91456002
  1985    0.21365740    2.20537532
  1986   -0.24352663    2.11211359
  1987   -0.00449961    2.12245170
  1988   -0.21584462    2.22183920
  1989   -0.58964142    1.94235277
  1990   -0.43149536    2.05298435
  1991   -0.70144594    1.80400725
  1992   -0.40842913   -1.01689894
  1993   -0.39397425   -1.01689767
  1994   -1.03499762   -0.63914537
  1995    0.75759493   -0.38246769
  1996    0.76320021   -0.34719931
  1997    0.31890406   -0.89374677
  1998    0.32883039    0.80051546
  1999    0.26614201    0.82432036
  2000    0.73490747    0.34051711
  2001   -0.82577185    0.54550533
  2002   -0.89252438    0.44618242
  2003   -0.39499667    0.86507028
  2004   -0.63122915   -0.61851225
  2005   -0.43512298   -0.77678595
  2006   -0.93748298   -0.24702583
  2007    0.43487955   -0.70354256
  2008    0.67762285   -0.59360412
  2009    0.12532875   -0.83774496
  2010    1.14718503    0.14874358
  2011    1.19169355    0.44499527
  2012    1.05402898   -0.12518122
  2013    0.97794304    1.30593242
  2014    0.63915112    1.57011436
  2015    1.05016472    1.09176830
  2016    0.36281120    1.87324141
  2017   -0.10872916    1.84435476
  2018    0.27159402    1.78241611
  2019   -0.22424639    1.97625079
  2020   -0.59524055    1.68250213
  2021   -0.37723649    1.80379338
  2022   -0.61355790    1.80966521
  2023   -0.79628094    1.36984890
  2024   -0.72375286    1.54394176
  2025   -0.79560595    1.51852775
  2026   -0.78319710    1.04758644
  2027   -0.81135299    1.21449663
  2028   -0.72195336    0.89584974
  2029   -0.37778066   -1.01697073
  2030   -0.36145504   -1.01686491
  2031   -1.02405727   -0.64992139
  2032    0.76833261   -0.30959147
  2033    0.77247571   -0.27171190
  2034    0.35872283   -0.85783327
  2035    0.20787691    0.84264445
  2036    0.14920501    0.85858815
  2037    0.68049577    0.42240036
  2038   -0.93150663    0.38384210
  2039   -0.96650351    0.32137954
  2040   -0.51890262    0.81314157
  2041   -0.46232373   -0.80149678
  2042   -0.48885122   -0.82171965
  2043   -0.95298671   -0.32849117
  2044    0.90773013   -0.38884713
  2045    1.06973897   -0.12605738
  2046    0.84298928   -0.49080168
  2047    0.51708417   -0.75516386
  2048    0.03525045   -0.87765705
  2049    0.60238155   -0.72162092
  2050    0.68273991   -0.67840476
  2051    0.10349027   -0.92158970
  2052    1.13697435    0.09664531
  2053    1.15007851    0.32905474
  2054    1.03094625   -0.23133900
  2055    1.16648990    0.64758117
  2056    1.09627680    0.84089501
  2057    1.17189608    0.36601613
  2058    0.94547762    1.07784157
  2059    0.73555893    1.26370087
  2060    1.03148208    0.85750909
  2061    0.64006331    1.51356030
  2062    0.63985770    1.45923267
  2063    0.91149178    1.19119741
  2064    0.05927428    1.69821769
  2065   -0.46655558    1.48145866
  2066   -0.24285309    1.55928210
  2067    0.01352967    1.56871985
  2068    0.33319648    1.56555214
  2069    0.39027384    1.48853954
  2070   -0.54405532    1.56999805
  2071   -0.76787399    1.11405107
  2072   -0.66091415    1.32405157
  2073   -0.78603374    1.21738405
  2074   -0.71425602    0.72000700
  2075   -0.78075156    0.91655463
  2076   -0.74276068    0.87780402
  2077   -0.45481351    0.47385610
  2078   -0.60632755    0.58659893
  2079   -0.54639464    0.62553856
  2080   -0.13818292    0.36476107
  2081   -0.30595659    0.41013356
  2082    0.01479581    0.34443350
  2083   -0.34512817   -1.01645610
  2084   -0.32869526   -1.01585916
  2085   -1.01284678   -0.66066438
  2086    0.77576393   -0.23102101
  2087    0.77781848   -0.19015398
  2088    0.39915954   -0.81820827
  2089    0.08179379    0.87392261
  2090    0.01401139    0.88565748
  2091    0.61368571    0.50929307
  2092   -1.00447369    0.23629199
  2093   -1.03507997    0.14998851
  2094   -0.66143225    0.73473822
  2095   -0.40858336   -0.88519163
  2096   -0.32312113   -0.93758965
  2097   -0.89835498   -0.51865371
  2098    0.81145455   -0.57490191
  2099    0.91836677   -0.44897652
  2100    0.36327588   -0.89887838
  2101    1.09711713    0.58958422
  2102    0.97574059    0.82692781
  2103    1.12350846    0.18535766
  2104    0.42328527    1.40248812
  2105    0.08378774    1.42811556
  2106    0.57888347    1.25970874
  2107   -0.36977276    1.41615317
  2108   -0.65103600    1.11975216
  2109   -0.34007671    1.36348994
  2110   -0.74020662    1.05631904
  2111   -0.74837848    0.55238688
  2112   -0.77196439    0.84701565
  2113   -0.71010795    0.58709807
  2114   -0.37384836    0.17135655
  2115   -0.60860179    0.33129367
  2116   -0.37285328    0.30595149
  2117    0.14061842    0.13388970
  2118   -0.12966759    0.11911325
  2119    0.02812379    0.25482223
  2120    0.55745855    0.31549994
  2121    0.35259959    0.20618485
  2122    0.36439747    0.33038084
  2123    0.82047508    0.54562532
  2124    0.69475285    0.42537116
  2125    0.90393968    0.64308299
  2126   -0.31731999   -1.01440571
  2127   -0.30584801   -1.01292276
  2128   -1.00426335   -0.66814680
  2129    0.77822071   -0.14873403
  2130    0.77735746   -0.10727675
  2131    0.43620498   -0.77717471
  2132   -0.06466067    0.89463190
  2133   -0.14332422    0.89842134
  2134    0.52843841    0.60171483
  2135   -1.06159276    0.03424241
  2136   -1.07484187   -0.08230406
  2137   -0.82374106    0.60779198
  2138   -0.17474621   -0.98963867
  2139   -0.02096785   -1.01514164
  2140   -0.74340594   -0.75907324
  2141    1.02370958   -0.24807900
  2142    1.07719228   -0.02667720
  2143    0.70762478   -0.71511444
  2144    0.75210367    1.05715548
  2145    0.46569889    1.20455705
  2146    0.95781014    0.71799105
  2147   -0.30261402    1.30748780
  2148   -0.60752861    1.04281030
  2149   -0.14070178    1.29600823
  2150   -0.78557437    0.66421566
  2151   -0.68378130    0.19925834
  2152   -0.79178400    0.61554948
  2153   -0.46170130    0.08552362
  2154    0.04046602   -0.15161321
  2155   -0.36844552   -0.07246189
  2156    0.18863772   -0.00631447
  2157    0.76050903    0.16883747
  2158    0.43593322   -0.05399315
  2159    0.72281158    0.28705918
  2160    1.11756727    0.74750497
  2161    0.98445222    0.45132834
  2162    1.01310323    0.68232061
  2163    1.18950443    1.24150581
  2164    1.17703713    1.01505002
  2165    1.12715598    0.99222592
  2166    1.15705147    1.53335266
  2167    1.17712336    1.41268671
  2168    1.14129252    1.60213333
