       1  1.0380497756 -0.3239939698
       2  0.7888643287 -0.1131747650
       3  0.5639625995  0.1654093198
       4  0.6725493090  0.0953771968
       5  0.7213615767 -0.0076976872
       6  0.8340586960 -0.2820289316
       7  0.9127423705 -0.5122131646
       8  1.0037984645 -0.3883493182
       9  0.3622674940  0.5242800827
      10  0.2112923908  0.9175234809
      11  0.3825558119  0.7857086983
      12  0.5050012245  0.6535701830
      13  0.6031994995  0.3121517076
      14  0.1094458485  1.3251551389
      15  0.0541362423  1.7036412925
      16  0.2610405926  1.4718092444
      17  0.4233144167  1.2680557876
      18  0.4506936674  0.9730874863
      19  0.0327781884  2.0157347191
      20  0.0297542219  2.2497838009
      21  0.2935336388  1.8768275116
      22  0.5020033093  1.5705820909
      23  0.4386597864  1.4862520095
      24  0.0327195369  2.3831095878
      25  0.0344765832  2.4283741831
      26  0.3793839279  1.9074970447
      27  0.6363271721  1.5014320755
      28  0.5569940816  1.5978467050
      29  0.7198666382 -0.1323490808
      30  0.6775787234 -0.2605302927
      31  0.6679823369 -0.5245525949
      32  0.6130750714 -0.7533152842
      33  0.7787273905 -0.6423373339
      34  0.6024444091  0.5080220750
      35  0.6620547493  0.3641421258
      36  0.6818255143  0.0398195189
      37  0.5708652225  1.0406070220
      38  0.6767279580  0.8344646084
      39  0.6633794934  0.6090691337
      40  0.6934524421  1.2387132571
      41  0.8253676711  0.9454191577
      42  0.7397456676  0.9525958251
      43  0.8187626425  1.1536418120
      44  0.9371606164  0.8405510523
      45  0.8810216813  0.9563411578
      46  0.5869095290 -0.4522490922
      47  0.4492555087 -0.5948161915
      48  0.3548068314 -0.7483998421
      49  0.2292909667 -0.8716317392
      50  0.4264557928 -0.8319439662
      51  0.6914351519  0.2687170509
      52  0.7050940940  0.1700754984
      53  0.6798203705  0.0218009404
      54  0.6520421721 -0.1322375403
      55  0.6591691822 -0.1846522404
      56  0.6127229293 -0.2354552530
      57  0.5601665451 -0.3259549259
      58  0.5092423656 -0.4585758621
      59  0.6983862691  0.0543946068
      60  0.6761779333 -0.0527327065
      61  0.6210808363 -0.1831045116
      62  0.7375854702  0.6407270401
      63  0.7720433323  0.4638343457
      64  0.7372241690  0.3217575564
      65  0.7894747715  0.3206736990
      66  0.7890499099  0.1868606858
      67  0.7326841347  0.0711498266
      68  0.8401379574  0.7807159248
      69  0.8455621354  0.6043151712
      70  0.8068194661  0.5515852135
      71  0.9235397518  0.6882070040
      72  0.9725967609  0.4367644017
      73  0.9359193553  0.4149185731
      74  0.8911338363  0.3432573243
      75  0.8756665968  0.4718849272
      76  0.8421359742  0.2852153120
      77  0.9990897641  0.5530279903
      78  1.0105570772  0.2889310996
      79  1.0028915127  0.3951209657
      80  0.3053006269 -0.6648101454
      81  0.1523927154 -0.7002118886
      82  0.0087552352 -0.7845272011
      83 -0.1569421036 -0.8279533273
      84  0.0316629217 -0.8700474155
      85  0.4822047990 -0.4142146297
      86  0.3925881284 -0.4841194359
      87  0.2820755652 -0.5995872558
      88  0.6349520566 -0.1624054090
      89  0.5796554954 -0.2589415801
      90  0.4928653196 -0.3676871825
      91  0.7707117281  0.0501060680
      92  0.7352626213 -0.0744878311
      93  0.6586803328 -0.1633243727
      94  0.8862797105  0.1782459839
      95  0.8600119043  0.0255768711
      96  0.8051044560 -0.0040866764
      97  0.9710941725  0.2086883883
      98  0.9332256709  0.0008476014
      99  0.9089902459  0.0387055590
     100  0.9770622722  0.0495924698
     101  0.9042488588 -0.1620662906
     102  0.9384559469 -0.0581208815
     103 -0.0035889519 -0.6912473654
     104 -0.1508964039 -0.6508961102
     105 -0.3066575397 -0.6682649451
     106 -0.4739682421 -0.6368233730
     107 -0.3279419999 -0.7485193848
     108  0.2962849280 -0.5302743362
     109  0.1954364092 -0.5590374377
     110  0.0297916694 -0.6243562089
     111  0.5095351300 -0.3453611769
     112  0.4292462053 -0.4160487591
     113  0.3206131538 -0.4878785890
     114  0.6784552507 -0.1960668464
     115  0.6071895266 -0.3008374740
     116  0.5201175322 -0.3561873473
     117  0.8036700167 -0.1285848850
     118  0.7281193345 -0.2627429062
     119  0.6795109863 -0.2656914299
     120  0.8498516421 -0.2029053280
     121  0.7348808379 -0.3728904483
     122  0.7533146139 -0.2984385853
     123  0.7982323238 -0.3426568757
     124  0.6656928041 -0.4890508790
     125  0.7299565392 -0.4146049995
     126 -0.3240475596 -0.5814240415
     127 -0.4672917929 -0.4677414665
     128 -0.5707620168 -0.4217440326
     129 -0.6692167283 -0.3439037578
     130 -0.5891293096 -0.4994163695
     131  0.1237637852 -0.5620982125
     132  0.0513101761 -0.5580406563
     133 -0.0405597653 -0.5725085491
     134 -0.1380705588 -0.5778102479
     135 -0.1415374569 -0.6120266286
     136 -0.2281242792 -0.5404350959
     137 -0.3092697652 -0.4897916208
     138 -0.3843852935 -0.4845151998
     139 -0.0347506719 -0.5471220457
     140 -0.1167631384 -0.5237787445
     141 -0.2095831303 -0.5126427050
     142  0.3453447897 -0.4686974955
     143  0.2564987308 -0.5062500388
     144  0.1603721987 -0.5333903511
     145  0.1632448165 -0.5287540307
     146  0.0701909552 -0.5355514660
     147 -0.0172015484 -0.5322941442
     148  0.5206427994 -0.3898518581
     149  0.4255412269 -0.4596983855
     150  0.3428675773 -0.4819205840
     151  0.3271140280 -0.5100733643
     152  0.2258468353 -0.5422580465
     153  0.1497571724 -0.5386085053
     154  0.6363531014 -0.3670433178
     155  0.5347307845 -0.4515084649
     156  0.4908618816 -0.4477488619
     157  0.4346864196 -0.5160031528
     158  0.3302349187 -0.5621987146
     159  0.2893262175 -0.5486069465
     160  0.6602059229 -0.4287065558
     161  0.5710094908 -0.4825582876
     162  0.5614153543 -0.4614686386
     163  0.6000032223 -0.5134694694
     164  0.4408077745 -0.6169148504
     165  0.4256343900 -0.6039117957
     166  0.3816616479 -0.5976362810
     167  0.4791596591 -0.5475812734
     168  0.3687287339 -0.5760541815
     169  0.5138127511 -0.5988562427
     170  0.3501125011 -0.6707323042
     171  0.4155332489 -0.6424218384
     172 -0.5558077495 -0.3370601113
     173 -0.6094855047 -0.1919567049
     174 -0.6705902288 -0.1137903794
     175 -0.7164853784 -0.0116945297
     176 -0.7118417929 -0.1785177643
     177 -0.3989979500 -0.4008827289
     178 -0.4659281811 -0.2972408927
     179 -0.5370748238 -0.2548197323
     180 -0.1999729632 -0.4849456497
     181 -0.2741079586 -0.4337390242
     182 -0.3717760974 -0.3762468256
     183 -0.0223575095 -0.5269343131
     184 -0.1099365332 -0.5035646746
     185 -0.1874795298 -0.4734835124
     186  0.1215045671 -0.5568393876
     187  0.0198364190 -0.5535813248
     188 -0.0436044944 -0.5288471307
     189  0.2137326856 -0.5921472983
     190  0.0983792969 -0.6011676238
     191  0.0703352045 -0.5774727831
     192  0.2332202555 -0.6408507118
     193  0.0852373382 -0.6520794593
     194  0.1079483959 -0.6278828488
     195  0.2789990908 -0.6740921041
     196  0.1148093753 -0.6942883146
     197  0.1185488521 -0.6763385568
     198  0.1822139630 -0.7045829768
     199  0.0175743840 -0.7016404875
     200  0.0816889814 -0.7038061292
     201 -0.6291187477 -0.0380944707
     202 -0.6110280929  0.1133985305
     203 -0.6246544132  0.1974742766
     204 -0.6188211824  0.2939552325
     205 -0.6844655641  0.1483381263
     206 -0.5292925607 -0.1599541500
     207 -0.5524761608 -0.0124189377
     208 -0.5852780560  0.0436553162
     209 -0.3239799236 -0.3828860475
     210 -0.3666639174 -0.3262103169
     211 -0.4090433155 -0.2847397786
     212 -0.4518275230 -0.2363483377
     213 -0.4573388260 -0.2672861817
     214 -0.4800903229 -0.1582051219
     215 -0.4951376884 -0.0777344102
     216 -0.5228729036 -0.0493665210
     217 -0.4097328394 -0.2527380596
     218 -0.4390505641 -0.1745276239
     219 -0.4661703849 -0.1308539102
     220 -0.1894699986 -0.4673143064
     221 -0.2603870546 -0.4194106510
     222 -0.3108033054 -0.3772513579
     223 -0.3226509716 -0.3598208322
     224 -0.3727120140 -0.2919548152
     225 -0.4045820941 -0.2386048531
     226 -0.0778249895 -0.5330354893
     227 -0.1675663060 -0.4971182971
     228 -0.2129807910 -0.4588645968
     229 -0.2473972179 -0.4480532848
     230 -0.3156631491 -0.3875690076
     231 -0.3435513165 -0.3405635408
     232 -0.0098285239 -0.5877505499
     233 -0.1106820647 -0.5574773887
     234 -0.1316300559 -0.5301000274
     235 -0.2012063398 -0.5162174108
     236 -0.2812639275 -0.4617507252
     237 -0.2923114974 -0.4298833830
     238 -0.0029320336 -0.6308319352
     239 -0.0909956623 -0.5974879642
     240 -0.0952256844 -0.5794517460
     241 -0.0525273961 -0.6426704286
     242 -0.1865528931 -0.6032417955
     243 -0.2089565873 -0.5739593331
     244 -0.2427370885 -0.5341908558
     245 -0.1693086499 -0.5708835238
     246 -0.2562088629 -0.5031249723
     247 -0.0445054376 -0.6793872453
     248 -0.1922577972 -0.6311346192
     249 -0.1791386241 -0.6241767411
     250 -0.1367911333 -0.6644610469
     251 -0.2745848108 -0.5968396705
     252 -0.2246932813 -0.6231143846
     253 -0.5587064715  0.2499832390
     254 -0.4771274987  0.3685242304
     255 -0.4516667619  0.4413444920
     256 -0.4061835671  0.5164912720
     257 -0.5241169639  0.4184825858
     258 -0.5350817787  0.1172634843
     259 -0.4880753229  0.2374394034
     260 -0.4889058359  0.2989925426
     261 -0.4942783993  0.0291356640
     262 -0.4712300555  0.1315750942
     263 -0.4823349992  0.1795959878
     264 -0.4561840093 -0.0732434197
     265 -0.4513197845  0.0270214155
     266 -0.4617869831  0.0725861925
     267 -0.4109675219 -0.2146962239
     268 -0.4342947275 -0.1335518139
     269 -0.4461105474 -0.0588542330
     270 -0.3731748452 -0.3146209548
     271 -0.4154332331 -0.2345207702
     272 -0.4245974849 -0.1849022512
     273 -0.3635292437 -0.3795998870
     274 -0.4249557156 -0.2848048463
     275 -0.4152566477 -0.2676724477
     276 -0.3315254162 -0.4696789793
     277 -0.4057986727 -0.3909903731
     278 -0.4116827330 -0.3472000188
     279 -0.3015970020 -0.5377337975
     280 -0.3990390128 -0.4511263706
     281 -0.3975918125 -0.4292180178
     282 -0.3195718312 -0.5549947704
     283 -0.4241958218 -0.4555382313
     284 -0.4060867635 -0.4624252335
     285 -0.3904686347 -0.5036554274
     286 -0.4802676984 -0.3906617271
     287 -0.4490859862 -0.4329893767
     288 -0.3724949009  0.4620497886
     289 -0.2510081128  0.5277501244
     290 -0.1982878455  0.5763065084
     291 -0.1283341716  0.6187740010
     292 -0.2717988770  0.5840297466
     293 -0.4136384978  0.3422112616
     294 -0.3178492484  0.4252479662
     295 -0.2914570774  0.4759068071
     296 -0.4227993754  0.2374506335
     297 -0.3517358236  0.3275739580
     298 -0.3396347443  0.3737325920
     299 -0.4238135983  0.1426215099
     300 -0.3687436048  0.2459646635
     301 -0.3629398984  0.2827718957
     302 -0.4421677290 -0.0665350009
     303 -0.4401820193  0.0003247755
     304 -0.4354121007  0.0371766191
     305 -0.4289566158  0.0785167697
     306 -0.4403222496  0.0513008419
     307 -0.4065204433  0.1418974498
     308 -0.3752831284  0.2002804649
     309 -0.3728596596  0.2194155096
     310 -0.4273303727  0.0694037734
     311 -0.4041924788  0.1344739126
     312 -0.3911344056  0.1640942565
     313 -0.4395819942 -0.1556682673
     314 -0.4499316876 -0.0758520460
     315 -0.4450713038 -0.0382858869
     316 -0.4485987503 -0.0045568367
     317 -0.4365248881  0.0645309922
     318 -0.4205421632  0.0989930264
     319 -0.4481899339 -0.2063381558
     320 -0.4599853436 -0.1245575000
     321 -0.4544268659 -0.1032934718
     322 -0.4658506952 -0.2014053565
     323 -0.4910168738 -0.1086670573
     324 -0.4808366631 -0.0609529545
     325 -0.4667828149 -0.0053582887
     326 -0.4671326489 -0.0651274252
     327 -0.4527147960  0.0256590086
     328 -0.4678203368 -0.2954326371
     329 -0.5089496284 -0.1900245287
     330 -0.5000733738 -0.1566715194
     331 -0.4760100716 -0.3453126530
     332 -0.5275301928 -0.2276362973
     333 -0.5170083411 -0.2174789140
     334 -0.5018487951 -0.3391323035
     335 -0.5507019190 -0.2117545428
     336 -0.5381145860 -0.2289244170
     337 -0.5411260764 -0.2642282373
     338 -0.5715978999 -0.1310563049
     339 -0.5624883059 -0.1802587458
     340 -0.1186530112  0.5628766018
     341  0.0161107100  0.5661887856
     342  0.0799560251  0.5835026103
     343  0.1556320247  0.5890587476
     344  0.0166193083  0.6200976824
     345 -0.2056960413  0.4823952429
     346 -0.0848885285  0.5110270064
     347 -0.0406185898  0.5411652478
     348 -0.2600011316  0.3983736979
     349 -0.1554145671  0.4444694900
     350 -0.1255668878  0.4777604074
     351 -0.2963084912  0.3224809433
     352 -0.2093856438  0.3789690725
     353 -0.1868375554  0.4099234982
     354 -0.3205635001  0.2687553361
     355 -0.2543934131  0.3236410785
     356 -0.2353663102  0.3483142283
     357 -0.3661842410  0.2022881168
     358 -0.3175208599  0.2610566622
     359 -0.2894421942  0.2896977591
     360 -0.4106062105  0.1384503492
     361 -0.3728122158  0.2055223445
     362 -0.3455425808  0.2328505065
     363 -0.4523651941  0.0785870510
     364 -0.4233178789  0.1576493382
     365 -0.4007899160  0.1769169391
     366 -0.4950332865 -0.0086720630
     367 -0.4790893968  0.0897472165
     368 -0.4544273184  0.1186876240
     369 -0.5273836099 -0.0750130004
     370 -0.5209353596  0.0398834222
     371 -0.5026571501  0.0580385515
     372 -0.5519244604 -0.1021460383
     373 -0.5482262544  0.0231728231
     374 -0.5368287083  0.0238016214
     375 -0.5696987723 -0.0786856177
     376 -0.5586808974  0.0521048728
     377 -0.5562332351  0.0297880801
     378 -0.5716761358  0.0021193973
     379 -0.5427561761  0.1288341712
     380 -0.5552057631  0.0839024925
     381  0.1472301666  0.5378814289
     382  0.2661933966  0.4804457465
     383  0.3249373367  0.4682660284
     384  0.3890518738  0.4418890593
     385  0.2817960393  0.5283021361
     386  0.0414871339  0.5095939298
     387  0.1620508361  0.4779817431
     388  0.2099175571  0.4838610081
     389 -0.0405057742  0.4637013875
     390  0.0740244220  0.4542126851
     391  0.1133537932  0.4686798483
     392 -0.1061686583  0.4137669844
     393  0.0006836859  0.4216595029
     394  0.0324978002  0.4385749984
     395 -0.1612986792  0.3695182003
     396 -0.0619096452  0.3903256031
     397 -0.0363059426  0.4045817960
     398 -0.2540592249  0.3133781748
     399 -0.1828418786  0.3514277847
     400 -0.1275812141  0.3724121853
     401 -0.3180280100  0.2703186564
     402 -0.2528497490  0.3220770120
     403 -0.2183483885  0.3365035296
     404 -0.3644155135  0.2489595067
     405 -0.2871517212  0.3221070848
     406 -0.2751297428  0.3173504752
     407 -0.4387068286  0.1908913619
     408 -0.3775546148  0.2795007543
     409 -0.3389516380  0.2972050061
     410 -0.4882489836  0.1537716932
     411 -0.4316279056  0.2558346210
     412 -0.4098712569  0.2626788567
     413 -0.5158794833  0.1463555167
     414 -0.4573234236  0.2566284460
     415 -0.4495292435  0.2506232940
     416 -0.5188181772  0.1756295100
     417 -0.4533422289  0.2843555222
     418 -0.4607050019  0.2652103009
     419 -0.4875339405  0.2431759136
     420 -0.4098476840  0.3400389996
     421 -0.4377876426  0.3085379390
     422  0.3692255817  0.3953269394
     423  0.4474977652  0.2894628601
     424  0.4881833671  0.2583919416
     425  0.5284720036  0.2139302163
     426  0.4724711561  0.3350572723
     427  0.2738926204  0.4159650110
     428  0.3652599628  0.3290027130
     429  0.4047169036  0.3147190803
     430  0.1884391291  0.4142045073
     431  0.2871229850  0.3465432730
     432  0.3234545056  0.3419191748
     433  0.1134960739  0.4016403730
     434  0.2154642396  0.3526933416
     435  0.2478465213  0.3524525459
     436  0.0519097361  0.3871206587
     437  0.1592257072  0.3525489583
     438  0.1834926636  0.3540127558
     439 -0.1189672976  0.3716749209
     440 -0.0532566635  0.3808729060
     441 -0.0251634551  0.3820319906
     442  0.0068192016  0.3825136345
     443 -0.0285506763  0.3873293996
     444  0.0722340612  0.3710862116
     445  0.1339571346  0.3489644516
     446  0.1435562202  0.3510144606
     447  0.0174788395  0.3782565556
     448  0.0854929947  0.3630686373
     449  0.1068441136  0.3567517531
     450 -0.1839644102  0.3570480436
     451 -0.1112354807  0.3782487242
     452 -0.0825816709  0.3795276667
     453 -0.0406982834  0.3860489859
     454  0.0290789113  0.3812499194
     455  0.0569374314  0.3722547587
     456 -0.2205565246  0.3561360878
     457 -0.1488522731  0.3790317648
     458 -0.1323106919  0.3779066829
     459 -0.2111439949  0.3723648779
     460 -0.1236501059  0.4059601619
     461 -0.0809635641  0.4035699441
     462 -0.0320990969  0.3981131090
     463 -0.0911277946  0.3928372940
     464 -0.0046214427  0.3903445973
     465 -0.2963087813  0.3546261208
     466 -0.2001693188  0.4082044655
     467 -0.1673548107  0.4067309726
     468 -0.3492502453  0.3459748070
     469 -0.2490523694  0.4125345369
     470 -0.2307900879  0.4085483719
     471 -0.3728375345  0.3519679789
     472 -0.2699694503  0.4228255314
     473 -0.2658888624  0.4153280199
     474 -0.3640082753  0.3754351104
     475 -0.2580545906  0.4415219315
     476 -0.2705082037  0.4300908455
     477 -0.3144667210  0.4153410879
     478 -0.2068421445  0.4661837185
     479 -0.2389257213  0.4530835764
     480  0.4985455327  0.1646755400
     481  0.5164100121  0.0330289336
     482  0.5359746508 -0.0003315050
     483  0.5514213355 -0.0442756680
     484  0.5549646592  0.0851899655
     485  0.4342779535  0.2158034443
     486  0.4699964289  0.0900337919
     487  0.4938776726  0.0665809484
     488  0.3677003366  0.2501232085
     489  0.4177681610  0.1366610303
     490  0.4435547649  0.1180031078
     491  0.3028986096  0.2744584798
     492  0.3640388253  0.1761201657
     493  0.3896519853  0.1604850562
     494  0.2465762502  0.2918156004
     495  0.3132575019  0.2108724739
     496  0.3365898172  0.1969215122
     497  0.2087509252  0.3031434623
     498  0.2698941131  0.2423057814
     499  0.2890331141  0.2292715818
     500  0.1604420505  0.3295566244
     501  0.2251596577  0.2814256332
     502  0.2447692141  0.2644368343
     503  0.1076420387  0.3601117174
     504  0.1788798376  0.3234936738
     505  0.2017029791  0.3027280219
     506  0.0511438726  0.3902081599
     507  0.1302243410  0.3653894833
     508  0.1510510941  0.3467287544
     509 -0.0239859369  0.4175294514
     510  0.0752487514  0.4052811665
     511  0.0988196462  0.3875338758
     512 -0.0876916516  0.4378277646
     513  0.0274077090  0.4378353520
     514  0.0462091287  0.4233532917
     515 -0.1296774759  0.4537433969
     516 -0.0057466714  0.4623818416
     517  0.0049883835  0.4514192872
     518 -0.1474373853  0.4678173345
     519 -0.0200043108  0.4795410412
     520 -0.0190104640  0.4720033025
     521 -0.1372453438  0.4809066798
     522 -0.0130642227  0.4892801224
     523 -0.0226005459  0.4855106097
     524 -0.0928314968  0.4909558929
     525  0.0215948296  0.4893762519
     526 -0.0014130400  0.4909698684
     527  0.4986076896 -0.1064843749
     528  0.4446971014 -0.2341588092
     529  0.4524115779 -0.2570247918
     530  0.4597756325 -0.2788952606
     531  0.5188637886 -0.1677242823
     532  0.4691319308 -0.0510698739
     533  0.4276929362 -0.1838549864
     534  0.4363588027 -0.2094813647
     535  0.4339562230  0.0025281978
     536  0.4089194241 -0.1283524066
     537  0.4184458227 -0.1565187651
     538  0.3956158845  0.0548963532
     539  0.3886709673 -0.0684196989
     540  0.3988966091 -0.0987006371
     541  0.3569337049  0.1060328072
     542  0.3673858675 -0.0052531438
     543  0.3780777938 -0.0370086530
     544  0.3208837580  0.1553440235
     545  0.3456326519  0.0595393619
     546  0.3564950846  0.0271519759
     547  0.2854905605  0.2084558475
     548  0.3240781062  0.1240203266
     549  0.3347699511  0.0919984123
     550  0.2505265403  0.2621366532
     551  0.3034370008  0.1860577176
     552  0.3135984061  0.1554806250
     553  0.2157546328  0.3140049445
     554  0.2844117444  0.2435057626
     555  0.2936952384  0.2154408711
     556  0.1796819193  0.3628160333
     557  0.2676299340  0.2944011632
     558  0.2757310700  0.2698061543
     559  0.1486553079  0.4035598808
     560  0.2535921766  0.3371395925
     561  0.2602744237  0.3167767043
     562  0.1263586934  0.4344100979
     563  0.2426336365  0.3706086338
     564  0.2477456843  0.3549837339
     565  0.1149188928  0.4548246662
     566  0.2349119121  0.3942487501
     567  0.2383926828  0.3835865550
     568  0.1154045731  0.4645925577
     569  0.2304111629  0.4080487377
     570  0.2322847716  0.4023026011
     571  0.1306425640  0.4624686570
     572  0.2289680274  0.4124776674
     573  0.2293295697  0.4113684771
     574  1.5470401575 -0.5186224930
     575  1.2961579381 -0.4590837646
     576  1.0725366584 -0.6143534688
     577  1.2532017585 -0.6966954676
     578  1.4023681693 -0.5933216339
     579  2.0013385510 -0.4345101208
     580  1.7932459507 -0.5072279049
     581  1.4567023140 -0.7135540224
     582  1.6310352729 -0.7006898964
     583  1.8104776030 -0.5691725164
     584  2.2897378479 -0.1882833527
     585  2.1688075113 -0.3193536952
     586  1.7555516737 -0.6689990166
     587  1.8531369727 -0.6179837873
     588  2.0654460179 -0.4191624465
     589  2.4157387818  0.0290780997
     590  2.3682091775 -0.0674731939
     591  1.8913835983 -0.5939558813
     592  1.8480064096 -0.6370461240
     593  2.1275953215 -0.3427259786
     594  2.4459145923  0.1056370797
     595  2.4387502918  0.0860161690
     596  1.7983023081 -0.6832743354
     597  1.6791411988 -0.7883900208
     598  2.0590814317 -0.4132237091
     599  0.7333689225 -0.8558065074
     600  0.8536018679 -0.9560261885
     601  1.0641105428 -0.8349429829
     602  1.0451142475 -0.9745872796
     603  1.2190239173 -0.9757568886
     604  1.4259260233 -0.8467860528
     605  1.2964009893 -0.9898238327
     606  1.3617493036 -0.9863284093
     607  1.6051511389 -0.8207124492
     608  1.3106851805 -1.0374800933
     609  1.1720752599 -1.1217277725
     610  1.5083602649 -0.9181785247
     611  1.0956435189 -1.1627346571
     612  0.9277451833 -1.2321689955
     613  1.3017732802 -1.0563534560
     614  0.2951935797 -0.9577342475
     615  0.3540323832 -1.0444489860
     616  0.5995722815 -1.0181641098
     617  0.8036127478 -1.0421673100
     618  0.7238218097 -1.1172825270
     619  0.7975861308 -1.1388387690
     620  0.8549286986 -1.1574328936
     621  1.0406855153 -1.0760182955
     622  0.3884740258 -1.1107959514
     623  0.4013249474 -1.1696040141
     624  0.5611796711 -1.1514509813
     625  0.4507706870 -1.2108509713
     626  0.4745095100 -1.2457953321
     627  0.6639195788 -1.2127055852
     628  0.8907006951 -1.1794350113
     629  0.9237829474 -1.1924177146
     630  1.1411293288 -1.1037017762
     631  0.4934692862 -1.2727908749
     632  0.5125626176 -1.2919661617
     633  0.7165100023 -1.2548205961
     634  0.9188151715 -1.2089690044
     635  0.8844792198 -1.2308301294
     636  1.0373356356 -1.1793544300
     637  0.4686111450 -1.3323073873
     638  0.8195425652 -1.2635012058
     639  0.6890638951 -1.2861013953
     640  0.4958159013 -1.3188420097
     641  0.5040963454 -1.3247292448
     642  0.5232152208 -1.3056219748
     643  0.3685128423 -1.3407776521
     644  0.2145928575 -1.3390036953
     645  0.5625586030 -1.3241241338
     646 -0.1132889229 -0.9210261512
     647 -0.0793938544 -1.0093431856
     648  0.1322928164 -1.0459833460
     649 -0.0269512470 -1.0856622972
     650  0.0073503383 -1.1499199427
     651  0.2005231109 -1.1734441039
     652  0.0509038525 -1.2011975257
     653  0.0677207079 -1.2394437949
     654  0.2673804745 -1.2561248045
     655  0.0722083965 -1.2668536271
     656  0.0791262499 -1.2877151463
     657  0.2913459684 -1.3045527685
     658  0.0694235207 -1.3005971561
     659  0.0194815037 -1.3013643779
     660  0.2516358505 -1.3277534389
     661 -0.0362530862 -1.2960555886
     662 -0.1364982857 -1.2726093637
     663  0.1543316518 -1.3312804135
     664 -0.2443124452 -1.2365658952
     665 -0.3913578328 -1.1681837046
     666 -0.1065576317 -1.2841429230
     667 -0.4750983336 -0.7347636788
     668 -0.4899684779 -0.8156167900
     669 -0.2981472448 -0.9341333435
     670 -0.4267844194 -0.9275655342
     671 -0.3722089224 -1.0188703636
     672 -0.1902782957 -1.0993815484
     673 -0.3373393493 -1.0787523587
     674 -0.3239953843 -1.1191828546
     675 -0.1358331372 -1.1933370804
     676 -0.3308505097 -1.1412860532
     677 -0.3339231807 -1.1590263865
     678 -0.1362205213 -1.2381048294
     679 -0.3622850807 -1.1591194922
     680 -0.4228974299 -1.1356401826
     681 -0.2132995397 -1.2354661966
     682 -0.5257167423 -1.0767899470
     683 -0.6554817859 -0.9756932040
     684 -0.4192206996 -1.1495587511
     685 -0.7223330834 -0.9119928854
     686 -0.8194482910 -0.7947019944
     687 -0.6312719893 -1.0012341826
     688 -0.7009983336 -0.4063698461
     689 -0.7368011002 -0.4535760747
     690 -0.6356115266 -0.6449038546
     691 -0.5784907776 -0.7803466859
     692 -0.6674410192 -0.7241079214
     693 -0.6564349015 -0.7786204747
     694 -0.6503173557 -0.8221311464
     695 -0.5195383990 -0.9312573881
     696 -0.7739602193 -0.4718505223
     697 -0.8154301726 -0.4694235003
     698 -0.7514250690 -0.6007172986
     699 -0.8273877509 -0.5180397397
     700 -0.8433935208 -0.5478807901
     701 -0.7585897134 -0.6912170859
     702 -0.6401578133 -0.8702574116
     703 -0.6425019091 -0.8991811014
     704 -0.4941054209 -1.0204186485
     705 -0.8496469203 -0.5876925618
     706 -0.8626058683 -0.6054761479
     707 -0.7657763143 -0.7593984610
     708 -0.6549296942 -0.9128105990
     709 -0.6636795775 -0.9244212088
     710 -0.5107908398 -1.0529510581
     711 -0.8774284421 -0.6119197094
     712 -0.8887923288 -0.6178344807
     713 -0.7901938553 -0.7781241240
     714 -0.6842453779 -0.9190194794
     715 -0.7220788068 -0.8904691308
     716 -0.5836021448 -1.0229343371
     717 -0.9030945765 -0.6113189013
     718 -0.9266059896 -0.5788172981
     719 -0.8379950426 -0.7406107939
     720 -0.7551266967 -0.8600486299
     721 -0.7974784232 -0.8127691944
     722 -0.7254973117 -0.9026578170
     723 -0.9767359395 -0.4903406884
     724 -0.8484684094 -0.7490731169
     725 -0.8949942673 -0.6627008195
     726 -0.9671909019 -0.5034685643
     727 -0.9672189058 -0.5115386552
     728 -0.9431943411 -0.5543057728
     729 -0.9995419280 -0.4209696694
     730 -1.0241805605 -0.3128157055
     731 -0.9511785372 -0.5609450010
     732 -0.7639396203 -0.0519564898
     733 -0.8086314689 -0.0777645801
     734 -0.7938611905 -0.2669058601
     735 -0.8520647951 -0.0901281378
     736 -0.8905005178 -0.0754900695
     737 -0.8744423823 -0.2739302382
     738 -0.9192896366 -0.1526002350
     739 -0.9419364564 -0.2089664958
     740 -0.9079309661 -0.3809746081
     741 -0.9582338399 -0.2477370270
     742 -0.9737906640 -0.2638505405
     743 -0.9331735476 -0.4373843294
     744 -0.9881319573 -0.2637778172
     745 -0.9996022257 -0.2642999275
     746 -0.9597417319 -0.4435199157
     747 -1.0110280428 -0.2471933531
     748 -1.0222329113 -0.2032026439
     749 -0.9914404401 -0.3927594596
     750 -1.0308034103 -0.1341474534
     751 -1.0308994011 -0.0335348728
     752 -1.0250414497 -0.2682816792
     753 -1.0336039610 -0.0313710118
     754 -1.0308906774  0.0105307249
     755 -1.0331719922 -0.2390748878
     756 -1.0210414983  0.0778844171
     757 -0.9975949188  0.1758146571
     758 -1.0387228105 -0.0631392661
     759 -0.6702841135  0.2778829774
     760 -0.7144396089  0.2715204436
     761 -0.7803315206  0.1044603700
     762 -0.7498050624  0.2760615619
     763 -0.7749023687  0.2955732507
     764 -0.8520626670  0.1182201478
     765 -0.8985590548  0.0274646307
     766 -0.8908980204  0.1373868230
     767 -0.9129637892  0.1164766812
     768 -0.9307953868  0.1053226823
     769 -0.9492738960 -0.0505793728
     770 -0.7857760789  0.3268214212
     771 -0.7853794528  0.3706477846
     772 -0.8458718007  0.2586160397
     773 -0.8026381806  0.3796261201
     774 -0.8088618433  0.4020059940
     775 -0.8819444134  0.2602509945
     776 -0.9516713418  0.0847148841
     777 -0.9665737117  0.0811280226
     778 -0.9848022894 -0.0893069922
     779 -0.8338493339  0.3907325262
     780 -0.8469614130  0.3945936587
     781 -0.9197167257  0.2445399570
     782 -0.9779785092  0.0860421038
     783 -0.9874122237  0.0897243780
     784 -1.0084513641 -0.0847929174
     785 -0.8549048977  0.4028350315
     786 -0.8615984415  0.4094497492
     787 -0.9376703423  0.2566486788
     788 -0.9926634879  0.1024010428
     789 -0.9914326570  0.1345480112
     790 -1.0202854946 -0.0316194632
     791 -0.8631576896  0.4212032540
     792 -0.8515983235  0.4500402106
     793 -0.9343721578  0.2999085122
     794 -0.9898123419  0.1564790852
     795 -0.9830628446  0.1909568457
     796 -1.0138905105  0.0766169073
     797 -0.8879070691  0.4167344188
     798 -0.9851828509  0.2009756502
     799 -0.9297943429  0.3281716105
     800 -0.8582254862  0.4546184439
     801 -0.8787388649  0.4278009069
     802 -0.8608413839  0.4442781399
     803 -0.8838535267  0.4265588306
     804 -0.8644090015  0.4586446748
     805 -0.9728060401  0.2472789206
     806 -0.8280943668  0.5101628726
     807 -0.7710178351  0.5782655332
     808 -0.9059486461  0.3928404793
     809 -0.4558007558  0.5206510867
     810 -0.4959622377  0.5294469514
     811 -0.6182609834  0.4141762150
     812 -0.5287867323  0.5412069617
     813 -0.5485697159  0.5609666200
     814 -0.6744078357  0.4416889913
     815 -0.5619847675  0.5823484220
     816 -0.5593455484  0.6128935611
     817 -0.6827713521  0.5037687260
     818 -0.5616566162  0.6385210465
     819 -0.5415535917  0.6752289735
     820 -0.6883555970  0.5543729760
     821 -0.5924469725  0.6576919325
     822 -0.6250901865  0.6489136962
     823 -0.7465118402  0.5329876815
     824 -0.6288301641  0.6588201654
     825 -0.6320590130  0.6669828255
     826 -0.7573792610  0.5498691340
     827 -0.6052779138  0.6961388690
     828 -0.5567076180  0.7352452885
     829 -0.7178011988  0.6101305765
     830 -0.5858121694  0.7223658536
     831 -0.5910486532  0.7232738977
     832 -0.7366392180  0.6032749366
     833 -0.6022734058  0.7186224943
     834 -0.5940428293  0.7263388259
     835 -0.7566166441  0.5891890305
     836 -0.5766464654  0.7391722174
     837 -0.5385087166  0.7631082628
     838 -0.7171051811  0.6315091347
     839 -0.4845076424  0.7921912881
     840 -0.4083024180  0.8255067869
     841 -0.6017397659  0.7243351789
     842 -0.1703177875  0.6405830625
     843 -0.2027988206  0.6622100442
     844 -0.3552460458  0.6129834956
     845 -0.2286778161  0.6833832206
     846 -0.2411212189  0.7060897990
     847 -0.4010886095  0.6510975895
     848 -0.2505758184  0.7275158463
     849 -0.2436270476  0.7508293367
     850 -0.4071561083  0.6990042386
     851 -0.2337608505  0.7720690938
     852 -0.2058382419  0.7940589434
     853 -0.3791068132  0.7522808181
     854 -0.4536849639  0.7345920577
     855 -0.3543402020  0.7835793186
     856 -0.3687670382  0.7867622124
     857 -0.3750412805  0.7920062455
     858 -0.5050465277  0.7309482150
     859 -0.1727804366  0.8112927030
     860 -0.1259060442  0.8264879593
     861 -0.2409310972  0.8128314758
     862 -0.1230111739  0.8359686207
     863 -0.1076419603  0.8449071339
     864 -0.2424447958  0.8290585247
     865 -0.3751247480  0.7997957747
     866 -0.3752495850  0.8065377693
     867 -0.5082405341  0.7474852476
     868 -0.1050962689  0.8523584386
     869 -0.1029317082  0.8587900666
     870 -0.2401639295  0.8434828154
     871 -0.3689115103  0.8137965419
     872 -0.3537406335  0.8232436061
     873 -0.4596847250  0.7845220154
     874 -0.1889354176  0.8691642500
     875 -0.3800809270  0.8221012229
     876 -0.2340836348  0.8541450015
     877 -0.1123768161  0.8682762485
     878 -0.1574701727  0.8692255789
     879 -0.1140841900  0.8636662988
     880 -0.2149399153  0.8687450120
     881 -0.2208777063  0.8703369563
     882 -0.4125232609  0.8173674286
     883 -0.2229252765  0.8719470194
     884 -0.2039186171  0.8762305716
     885 -0.4055610233  0.8240573970
     886 -0.1786765988  0.8803918631
     887 -0.1324654264  0.8849904129
     888 -0.3402987180  0.8481156665
     889 -0.0722797094  0.8869611505
     890  0.0071425551  0.8830713100
     891 -0.2016315186  0.8786411338
     892  0.1283946899  0.6239356613
     893  0.1090786260  0.6546861014
     894 -0.0448685097  0.6762220269
     895  0.0932689126  0.6829383508
     896  0.0891340567  0.7071165525
     897 -0.0743516431  0.7250958986
     898  0.0869932500  0.7293139024
     899  0.0993040610  0.7467861622
     900 -0.0702622302  0.7676095610
     901  0.1087428733  0.7629902203
     902  0.1342303072  0.7732331424
     903 -0.0332623130  0.8013767974
     904  0.1524991225  0.7825682851
     905  0.1863906279  0.7848807114
     906  0.0334854243  0.8203296920
     907  0.1814626591  0.7971394447
     908  0.1910547916  0.8033876762
     909  0.0447095867  0.8372907058
     910  0.1963418940  0.8094959087
     911  0.2008613908  0.8147291929
     912  0.0520889539  0.8501653978
     913  0.2014277784  0.8204234217
     914  0.2174158763  0.8198204034
     915  0.0560471032  0.8597354660
     916  0.1935494242  0.8321040008
     917  0.1865115704  0.8377372656
     918  0.0017208089  0.8735342095
     919  0.1724970420  0.8447436801
     920  0.1772046968  0.8454979926
     921 -0.0187941997  0.8802841719
     922  0.1800424791  0.8462663090
     923  0.2015970844  0.8406482686
     924  0.0028099746  0.8815937291
     925  0.2281344485  0.8322612370
     926  0.2719615493  0.8154393143
     927  0.0758631290  0.8734481719
     928  0.3236434666  0.7916099781
     929  0.3886270795  0.7551248070
     930  0.2072164362  0.8405571808
     931  0.3810512352  0.4812652566
     932  0.3782693941  0.5137428578
     933  0.2531368591  0.5992063317
     934  0.3773645400  0.5429354464
     935  0.3846779070  0.5638204375
     936  0.2467564757  0.6520462639
     937  0.3907652195  0.5843267157
     938  0.4071843418  0.5947974791
     939  0.2635268898  0.6878534953
     940  0.4220748769  0.6050259222
     941  0.4488344421  0.6028103095
     942  0.3028682734  0.7054288287
     943  0.4749485347  0.5997486809
     944  0.5147744948  0.5790421203
     945  0.3648176303  0.7010428922
     946  0.4890845464  0.6185157115
     947  0.4739125256  0.6442211971
     948  0.3415218079  0.7372172566
     949  0.4810482192  0.6475266479
     950  0.4871660285  0.6503415813
     951  0.3533438572  0.7461084764
     952  0.5174661020  0.6301647890
     953  0.5592070127  0.5938338963
     954  0.4039075622  0.7267917388
     955  0.5363725570  0.6236982628
     956  0.5287256707  0.6357926999
     957  0.3709179029  0.7561306898
     958  0.5196631667  0.6476146493
     959  0.5246654349  0.6453156359
     960  0.3642622962  0.7650894028
     961  0.5290199468  0.6429380367
     962  0.5464555635  0.6270053780
     963  0.3884081891  0.7534459180
     964  0.5641214467  0.6094218706
     965  0.5926338627  0.5776331876
     966  0.4478948322  0.7143593237
     967  0.6244917141  0.5373877403
     968  0.6624585405  0.4812553485
     969  0.5427053921  0.6328000750
     970  0.5395725991  0.2454157466
     971  0.5526467847  0.2684820301
     972  0.4809708079  0.4004729484
     973  0.5654038518  0.2899368052
     974  0.5815772663  0.3007360420
     975  0.5002079610  0.4430759801
     976  0.5962636066  0.3126650592
     977  0.6150873719  0.3118431083
     978  0.5297066436  0.4648444916
     979  0.6313014179  0.3140895271
     980  0.6516785646  0.3016987090
     981  0.5696730761  0.4634171767
     982  0.6700085358  0.2887227633
     983  0.6911726524  0.2601692112
     984  0.6223740897  0.4296327268
     985  0.5881217862  0.4998927007
     986  0.6510794259  0.4077699707
     987  0.6511845578  0.4193205362
     988  0.6542105475  0.4243751981
     989  0.5744392269  0.5417685290
     990  0.7090123354  0.2267010310
     991  0.7261886648  0.1814805058
     992  0.6976244083  0.2969958681
     993  0.7339652208  0.1756269400
     994  0.7425352336  0.1590503870
     995  0.7106567938  0.2948328818
     996  0.6601362089  0.4247035655
     997  0.6653860541  0.4249707450
     998  0.5868920199  0.5448531975
     999  0.7483156200  0.1570975476
    1000  0.7533955794  0.1553426330
    1001  0.7218906503  0.2932719060
    1002  0.6719548696  0.4202788416
    1003  0.6815312061  0.4086529405
    1004  0.6258514195  0.5066841015
    1005  0.7489829633  0.2488530051
    1006  0.6754158587  0.4331222481
    1007  0.7296988540  0.2925840127
    1008  0.7587982728  0.1713017879
    1009  0.7538989123  0.2157051697
    1010  0.7555919927  0.1687387300
    1011  0.7440167755  0.2773547274
    1012  0.7427151108  0.2894287377
    1013  0.6582506886  0.4749004342
    1014  0.7408343381  0.3013465799
    1015  0.7439638670  0.2961866492
    1016  0.6573680393  0.4831556046
    1017  0.7456215569  0.2944423100
    1018  0.7519779857  0.2759718760
    1019  0.6720741848  0.4627198366
    1020  0.7575992511  0.2575269244
    1021  0.7662419028  0.2227059853
    1022  0.7018402427  0.4091104925
    1023  0.7739711911  0.1826571794
    1024  0.7810752634  0.1268009159
    1025  0.7428675866  0.3093791437
    1026  0.5723921995 -0.0330904788
    1027  0.5916561784 -0.0306925739
    1028  0.5910647760  0.1200176648
    1029  0.6106569037 -0.0263975861
    1030  0.6275846923 -0.0328775633
    1031  0.6267428741  0.1353415958
    1032  0.6445480751 -0.0328318731
    1033  0.6588526101 -0.0452216853
    1034  0.6610186415  0.1344807530
    1035  0.6731022948 -0.0498377050
    1036  0.6839587966 -0.0681639635
    1037  0.6924291265  0.1171916743
    1038  0.6947628116 -0.0776062187
    1039  0.7013744087 -0.1012610691
    1040  0.7188893497  0.0786659651
    1041  0.7081592949 -0.1145050165
    1042  0.7102575092 -0.1409955648
    1043  0.7358079978  0.0181952356
    1044  0.7167807713 -0.1453567386
    1045  0.7186225116 -0.1628078047
    1046  0.7478375003 -0.0043685837
    1047  0.7232558953 -0.1673674770
    1048  0.7272549542 -0.1713824569
    1049  0.7578956617 -0.0106148164
    1050  0.7344658724 -0.1622735886
    1051  0.7370194763 -0.1666406215
    1052  0.7665366180  0.0000520705
    1053  0.7455237049 -0.1481237253
    1054  0.7494693308 -0.1435674132
    1055  0.7741844101  0.0514678410
    1056  0.7556192193 -0.1284081515
    1057  0.7573797480 -0.1289968207
    1058  0.7782832711  0.0795814778
    1059  0.7609487634 -0.1202404464
    1060  0.7604148057 -0.1276371366
    1061  0.7810496990  0.0835345531
    1062  0.7615139374 -0.1268035760
    1063  0.7584974006 -0.1417374980
    1064  0.7831750111  0.0656419874
    1065  0.7568181384 -0.1499221686
    1066  0.7505495672 -0.1729894814
    1067  0.7834124935  0.0221006565
    1068  0.7435954319 -0.1953705300
    1069  0.7306347878 -0.2312385253
    1070  0.7764661058 -0.0566076172
    1071  0.4667716209 -0.2997315104
    1072  0.4733866966 -0.3195022773
    1073  0.5514750956 -0.1843730621
    1074  0.4798244035 -0.3388345599
    1075  0.4858351068 -0.3569879511
    1076  0.5794659659 -0.2068041715
    1077  0.4915815643 -0.3744688650
    1078  0.4968698777 -0.3906988741
    1079  0.6027512676 -0.2317820433
    1080  0.5018245258 -0.4060692757
    1081  0.5063092361 -0.4201659538
    1082  0.6202632617 -0.2590288074
    1083  0.5104157973 -0.4332778211
    1084  0.5140635618 -0.4451444840
    1085  0.6312754878 -0.2880815755
    1086  0.5173165381 -0.4559727418
    1087  0.5201423898 -0.4656354437
    1088  0.6359714407 -0.3173620173
    1089  0.5225878536 -0.4742742877
    1090  0.5246560634 -0.4818691657
    1091  0.6414920419 -0.3362554894
    1092  0.5263834744 -0.4885157495
    1093  0.5277965230 -0.4942684762
    1094  0.6476821382 -0.3471130639
    1095  0.5289264808 -0.4991927064
    1096  0.5298123413 -0.5033848612
    1097  0.6551738471 -0.3502409576
    1098  0.5304817868 -0.5068923665
    1099  0.5309764947 -0.5098266478
    1100  0.6656796351 -0.3438774439
    1101  0.5313208627 -0.5122242440
    1102  0.5315524396 -0.5141915333
    1103  0.6723530633 -0.3401964149
    1104  0.5316938565 -0.5157553965
    1105  0.5317717538 -0.5170075153
    1106  0.6744521013 -0.3413989164
    1107  0.5318052249 -0.5179668912
    1108  0.5318121008 -0.5187019299
    1109  0.6717634037 -0.3486271774
    1110  0.5318051342 -0.5192262023
    1111  0.5317945171 -0.5195836636
    1112  0.6638425787 -0.3627605122
    1113  0.5317852300 -0.5197849283
    1114  0.5317821619 -0.5198508158
    1115  0.6472434022 -0.3882215777
    1116  0.5639625995  0.1654093198
    1117  0.7888643287 -0.1131747650
    1118  1.0380497756 -0.3239939698
    1119  1.0037984645 -0.3883493182
    1120  0.9127423705 -0.5122131646
    1121  0.8340586960 -0.2820289316
    1122  0.7213615767 -0.0076976872
    1123  0.6725493090  0.0953771968
    1124  0.2112923908  0.9175234809
    1125  0.3622674940  0.5242800827
    1126  0.6031994995  0.3121517076
    1127  0.5050012245  0.6535701830
    1128  0.3825558119  0.7857086983
    1129  0.0541362423  1.7036412925
    1130  0.1094458485  1.3251551389
    1131  0.4506936674  0.9730874863
    1132  0.4233144167  1.2680557876
    1133  0.2610405926  1.4718092444
    1134  0.0297542219  2.2497838009
    1135  0.0327781884  2.0157347191
    1136  0.4386597864  1.4862520095
    1137  0.5020033093  1.5705820909
    1138  0.2935336388  1.8768275116
    1139  0.0327195369  2.3831095878
    1140  0.5569940816  1.5978467050
    1141  0.7787273905 -0.6423373339
    1142  0.6130750714 -0.7533152842
    1143  0.6679823369 -0.5245525949
    1144  0.6775787234 -0.2605302927
    1145  0.7198666382 -0.1323490808
    1146  0.6818255143  0.0398195189
    1147  0.6620547493  0.3641421258
    1148  0.6024444091  0.5080220750
    1149  0.6633794934  0.6090691337
    1150  0.6767279580  0.8344646084
    1151  0.5708652225  1.0406070220
    1152  0.7397456676  0.9525958251
    1153  0.8253676711  0.9454191577
    1154  0.6934524421  1.2387132571
    1155  0.8810216813  0.9563411578
    1156  0.4264557928 -0.8319439662
    1157  0.2292909667 -0.8716317392
    1158  0.3548068314 -0.7483998421
    1159  0.4492555087 -0.5948161915
    1160  0.5869095290 -0.4522490922
    1161  0.6591691822 -0.1846522404
    1162  0.6520421721 -0.1322375403
    1163  0.6798203705  0.0218009404
    1164  0.7050940940  0.1700754984
    1165  0.6914351519  0.2687170509
    1166  0.5092423656 -0.4585758621
    1167  0.5601665451 -0.3259549259
    1168  0.6127229293 -0.2354552530
    1169  0.6210808363 -0.1831045116
    1170  0.6761779333 -0.0527327065
    1171  0.6983862691  0.0543946068
    1172  0.7372241690  0.3217575564
    1173  0.7720433323  0.4638343457
    1174  0.7375854702  0.6407270401
    1175  0.7326841347  0.0711498266
    1176  0.7890499099  0.1868606858
    1177  0.7894747715  0.3206736990
    1178  0.8068194661  0.5515852135
    1179  0.8455621354  0.6043151712
    1180  0.8401379574  0.7807159248
    1181  0.9725967609  0.4367644017
    1182  0.9235397518  0.6882070040
    1183  0.8756665968  0.4718849272
    1184  0.8911338363  0.3432573243
    1185  0.9359193553  0.4149185731
    1186  0.8421359742  0.2852153120
    1187  1.0028915127  0.3951209657
    1188  0.0316629217 -0.8700474155
    1189 -0.1569421036 -0.8279533273
    1190  0.0087552352 -0.7845272011
    1191  0.1523927154 -0.7002118886
    1192  0.3053006269 -0.6648101454
    1193  0.2820755652 -0.5995872558
    1194  0.3925881284 -0.4841194359
    1195  0.4822047990 -0.4142146297
    1196  0.4928653196 -0.3676871825
    1197  0.5796554954 -0.2589415801
    1198  0.6349520566 -0.1624054090
    1199  0.6586803328 -0.1633243727
    1200  0.7352626213 -0.0744878311
    1201  0.7707117281  0.0501060680
    1202  0.8051044560 -0.0040866764
    1203  0.8600119043  0.0255768711
    1204  0.8862797105  0.1782459839
    1205  0.9089902459  0.0387055590
    1206  0.9332256709  0.0008476014
    1207  0.9710941725  0.2086883883
    1208  0.9384559469 -0.0581208815
    1209 -0.3279419999 -0.7485193848
    1210 -0.4739682421 -0.6368233730
    1211 -0.3066575397 -0.6682649451
    1212 -0.1508964039 -0.6508961102
    1213 -0.0035889519 -0.6912473654
    1214  0.0297916694 -0.6243562089
    1215  0.1954364092 -0.5590374377
    1216  0.2962849280 -0.5302743362
    1217  0.3206131538 -0.4878785890
    1218  0.4292462053 -0.4160487591
    1219  0.5095351300 -0.3453611769
    1220  0.5201175322 -0.3561873473
    1221  0.6071895266 -0.3008374740
    1222  0.6784552507 -0.1960668464
    1223  0.6795109863 -0.2656914299
    1224  0.7281193345 -0.2627429062
    1225  0.8036700167 -0.1285848850
    1226  0.7533146139 -0.2984385853
    1227  0.7348808379 -0.3728904483
    1228  0.8498516421 -0.2029053280
    1229  0.7299565392 -0.4146049995
    1230 -0.5891293096 -0.4994163695
    1231 -0.6692167283 -0.3439037578
    1232 -0.5707620168 -0.4217440326
    1233 -0.4672917929 -0.4677414665
    1234 -0.3240475596 -0.5814240415
    1235 -0.1415374569 -0.6120266286
    1236 -0.1380705588 -0.5778102479
    1237 -0.0405597653 -0.5725085491
    1238  0.0513101761 -0.5580406563
    1239  0.1237637852 -0.5620982125
    1240 -0.3843852935 -0.4845151998
    1241 -0.3092697652 -0.4897916208
    1242 -0.2281242792 -0.5404350959
    1243 -0.2095831303 -0.5126427050
    1244 -0.1167631384 -0.5237787445
    1245 -0.0347506719 -0.5471220457
    1246  0.1603721987 -0.5333903511
    1247  0.2564987308 -0.5062500388
    1248  0.3453447897 -0.4686974955
    1249 -0.0172015484 -0.5322941442
    1250  0.0701909552 -0.5355514660
    1251  0.1632448165 -0.5287540307
    1252  0.3428675773 -0.4819205840
    1253  0.4255412269 -0.4596983855
    1254  0.5206427994 -0.3898518581
    1255  0.1497571724 -0.5386085053
    1256  0.2258468353 -0.5422580465
    1257  0.3271140280 -0.5100733643
    1258  0.4908618816 -0.4477488619
    1259  0.5347307845 -0.4515084649
    1260  0.6363531014 -0.3670433178
    1261  0.2893262175 -0.5486069465
    1262  0.3302349187 -0.5621987146
    1263  0.4346864196 -0.5160031528
    1264  0.5614153543 -0.4614686386
    1265  0.5710094908 -0.4825582876
    1266  0.6602059229 -0.4287065558
    1267  0.4408077745 -0.6169148504
    1268  0.6000032223 -0.5134694694
    1269  0.4791596591 -0.5475812734
    1270  0.3816616479 -0.5976362810
    1271  0.4256343900 -0.6039117957
    1272  0.3687287339 -0.5760541815
    1273  0.4155332489 -0.6424218384
    1274 -0.7118417929 -0.1785177643
    1275 -0.7164853784 -0.0116945297
    1276 -0.6705902288 -0.1137903794
    1277 -0.6094855047 -0.1919567049
    1278 -0.5558077495 -0.3370601113
    1279 -0.5370748238 -0.2548197323
    1280 -0.4659281811 -0.2972408927
    1281 -0.3989979500 -0.4008827289
    1282 -0.3717760974 -0.3762468256
    1283 -0.2741079586 -0.4337390242
    1284 -0.1999729632 -0.4849456497
    1285 -0.1874795298 -0.4734835124
    1286 -0.1099365332 -0.5035646746
    1287 -0.0223575095 -0.5269343131
    1288 -0.0436044944 -0.5288471307
    1289  0.0198364190 -0.5535813248
    1290  0.1215045671 -0.5568393876
    1291  0.0703352045 -0.5774727831
    1292  0.0983792969 -0.6011676238
    1293  0.2137326856 -0.5921472983
    1294  0.1079483959 -0.6278828488
    1295  0.0852373382 -0.6520794593
    1296  0.2332202555 -0.6408507118
    1297  0.1185488521 -0.6763385568
    1298  0.1148093753 -0.6942883146
    1299  0.2789990908 -0.6740921041
    1300  0.0816889814 -0.7038061292
    1301 -0.6844655641  0.1483381263
    1302 -0.6188211824  0.2939552325
    1303 -0.6246544132  0.1974742766
    1304 -0.6110280929  0.1133985305
    1305 -0.6291187477 -0.0380944707
    1306 -0.5852780560  0.0436553162
    1307 -0.5524761608 -0.0124189377
    1308 -0.5292925607 -0.1599541500
    1309 -0.4573388260 -0.2672861817
    1310 -0.4518275230 -0.2363483377
    1311 -0.4090433155 -0.2847397786
    1312 -0.3666639174 -0.3262103169
    1313 -0.3239799236 -0.3828860475
    1314 -0.5228729036 -0.0493665210
    1315 -0.4951376884 -0.0777344102
    1316 -0.4800903229 -0.1582051219
    1317 -0.4661703849 -0.1308539102
    1318 -0.4390505641 -0.1745276239
    1319 -0.4097328394 -0.2527380596
    1320 -0.3108033054 -0.3772513579
    1321 -0.2603870546 -0.4194106510
    1322 -0.1894699986 -0.4673143064
    1323 -0.4045820941 -0.2386048531
    1324 -0.3727120140 -0.2919548152
    1325 -0.3226509716 -0.3598208322
    1326 -0.2129807910 -0.4588645968
    1327 -0.1675663060 -0.4971182971
    1328 -0.0778249895 -0.5330354893
    1329 -0.3435513165 -0.3405635408
    1330 -0.3156631491 -0.3875690076
    1331 -0.2473972179 -0.4480532848
    1332 -0.1316300559 -0.5301000274
    1333 -0.1106820647 -0.5574773887
    1334 -0.0098285239 -0.5877505499
    1335 -0.2923114974 -0.4298833830
    1336 -0.2812639275 -0.4617507252
    1337 -0.2012063398 -0.5162174108
    1338 -0.0952256844 -0.5794517460
    1339 -0.0909956623 -0.5974879642
    1340 -0.0029320336 -0.6308319352
    1341 -0.1865528931 -0.6032417955
    1342 -0.0525273961 -0.6426704286
    1343 -0.1693086499 -0.5708835238
    1344 -0.2427370885 -0.5341908558
    1345 -0.2089565873 -0.5739593331
    1346 -0.2562088629 -0.5031249723
    1347 -0.1791386241 -0.6241767411
    1348 -0.1922577972 -0.6311346192
    1349 -0.0445054376 -0.6793872453
    1350 -0.2246932813 -0.6231143846
    1351 -0.5241169639  0.4184825858
    1352 -0.4061835671  0.5164912720
    1353 -0.4516667619  0.4413444920
    1354 -0.4771274987  0.3685242304
    1355 -0.5587064715  0.2499832390
    1356 -0.4889058359  0.2989925426
    1357 -0.4880753229  0.2374394034
    1358 -0.5350817787  0.1172634843
    1359 -0.4823349992  0.1795959878
    1360 -0.4712300555  0.1315750942
    1361 -0.4942783993  0.0291356640
    1362 -0.4617869831  0.0725861925
    1363 -0.4513197845  0.0270214155
    1364 -0.4561840093 -0.0732434197
    1365 -0.4461105474 -0.0588542330
    1366 -0.4342947275 -0.1335518139
    1367 -0.4109675219 -0.2146962239
    1368 -0.4245974849 -0.1849022512
    1369 -0.4154332331 -0.2345207702
    1370 -0.3731748452 -0.3146209548
    1371 -0.4152566477 -0.2676724477
    1372 -0.4249557156 -0.2848048463
    1373 -0.3635292437 -0.3795998870
    1374 -0.4116827330 -0.3472000188
    1375 -0.4057986727 -0.3909903731
    1376 -0.3315254162 -0.4696789793
    1377 -0.3975918125 -0.4292180178
    1378 -0.3990390128 -0.4511263706
    1379 -0.3015970020 -0.5377337975
    1380 -0.4060867635 -0.4624252335
    1381 -0.4241958218 -0.4555382313
    1382 -0.3195718312 -0.5549947704
    1383 -0.4490859862 -0.4329893767
    1384 -0.2717988770  0.5840297466
    1385 -0.1283341716  0.6187740010
    1386 -0.1982878455  0.5763065084
    1387 -0.2510081128  0.5277501244
    1388 -0.3724949009  0.4620497886
    1389 -0.2914570774  0.4759068071
    1390 -0.3178492484  0.4252479662
    1391 -0.4136384978  0.3422112616
    1392 -0.3396347443  0.3737325920
    1393 -0.3517358236  0.3275739580
    1394 -0.4227993754  0.2374506335
    1395 -0.3629398984  0.2827718957
    1396 -0.3687436048  0.2459646635
    1397 -0.4238135983  0.1426215099
    1398 -0.4403222496  0.0513008419
    1399 -0.4289566158  0.0785167697
    1400 -0.4354121007  0.0371766191
    1401 -0.4401820193  0.0003247755
    1402 -0.4421677290 -0.0665350009
    1403 -0.3728596596  0.2194155096
    1404 -0.3752831284  0.2002804649
    1405 -0.4065204433  0.1418974498
    1406 -0.3911344056  0.1640942565
    1407 -0.4041924788  0.1344739126
    1408 -0.4273303727  0.0694037734
    1409 -0.4450713038 -0.0382858869
    1410 -0.4499316876 -0.0758520460
    1411 -0.4395819942 -0.1556682673
    1412 -0.4205421632  0.0989930264
    1413 -0.4365248881  0.0645309922
    1414 -0.4485987503 -0.0045568367
    1415 -0.4544268659 -0.1032934718
    1416 -0.4599853436 -0.1245575000
    1417 -0.4481899339 -0.2063381558
    1418 -0.4910168738 -0.1086670573
    1419 -0.4658506952 -0.2014053565
    1420 -0.4671326489 -0.0651274252
    1421 -0.4667828149 -0.0053582887
    1422 -0.4808366631 -0.0609529545
    1423 -0.4527147960  0.0256590086
    1424 -0.5000733738 -0.1566715194
    1425 -0.5089496284 -0.1900245287
    1426 -0.4678203368 -0.2954326371
    1427 -0.5170083411 -0.2174789140
    1428 -0.5275301928 -0.2276362973
    1429 -0.4760100716 -0.3453126530
    1430 -0.5381145860 -0.2289244170
    1431 -0.5507019190 -0.2117545428
    1432 -0.5018487951 -0.3391323035
    1433 -0.5624883059 -0.1802587458
    1434  0.0166193083  0.6200976824
    1435  0.1556320247  0.5890587476
    1436  0.0799560251  0.5835026103
    1437  0.0161107100  0.5661887856
    1438 -0.1186530112  0.5628766018
    1439 -0.0406185898  0.5411652478
    1440 -0.0848885285  0.5110270064
    1441 -0.2056960413  0.4823952429
    1442 -0.1255668878  0.4777604074
    1443 -0.1554145671  0.4444694900
    1444 -0.2600011316  0.3983736979
    1445 -0.1868375554  0.4099234982
    1446 -0.2093856438  0.3789690725
    1447 -0.2963084912  0.3224809433
    1448 -0.2353663102  0.3483142283
    1449 -0.2543934131  0.3236410785
    1450 -0.3205635001  0.2687553361
    1451 -0.2894421942  0.2896977591
    1452 -0.3175208599  0.2610566622
    1453 -0.3661842410  0.2022881168
    1454 -0.3455425808  0.2328505065
    1455 -0.3728122158  0.2055223445
    1456 -0.4106062105  0.1384503492
    1457 -0.4007899160  0.1769169391
    1458 -0.4233178789  0.1576493382
    1459 -0.4523651941  0.0785870510
    1460 -0.4544273184  0.1186876240
    1461 -0.4790893968  0.0897472165
    1462 -0.4950332865 -0.0086720630
    1463 -0.5026571501  0.0580385515
    1464 -0.5209353596  0.0398834222
    1465 -0.5273836099 -0.0750130004
    1466 -0.5368287083  0.0238016214
    1467 -0.5482262544  0.0231728231
    1468 -0.5519244604 -0.1021460383
    1469 -0.5562332351  0.0297880801
    1470 -0.5586808974  0.0521048728
    1471 -0.5696987723 -0.0786856177
    1472 -0.5552057631  0.0839024925
    1473  0.2817960393  0.5283021361
    1474  0.3890518738  0.4418890593
    1475  0.3249373367  0.4682660284
    1476  0.2661933966  0.4804457465
    1477  0.1472301666  0.5378814289
    1478  0.2099175571  0.4838610081
    1479  0.1620508361  0.4779817431
    1480  0.0414871339  0.5095939298
    1481  0.1133537932  0.4686798483
    1482  0.0740244220  0.4542126851
    1483 -0.0405057742  0.4637013875
    1484  0.0324978002  0.4385749984
    1485  0.0006836859  0.4216595029
    1486 -0.1061686583  0.4137669844
    1487 -0.0363059426  0.4045817960
    1488 -0.0619096452  0.3903256031
    1489 -0.1612986792  0.3695182003
    1490 -0.1275812141  0.3724121853
    1491 -0.1828418786  0.3514277847
    1492 -0.2540592249  0.3133781748
    1493 -0.2183483885  0.3365035296
    1494 -0.2528497490  0.3220770120
    1495 -0.3180280100  0.2703186564
    1496 -0.2751297428  0.3173504752
    1497 -0.2871517212  0.3221070848
    1498 -0.3644155135  0.2489595067
    1499 -0.3389516380  0.2972050061
    1500 -0.3775546148  0.2795007543
    1501 -0.4387068286  0.1908913619
    1502 -0.4098712569  0.2626788567
    1503 -0.4316279056  0.2558346210
    1504 -0.4882489836  0.1537716932
    1505 -0.4495292435  0.2506232940
    1506 -0.4573234236  0.2566284460
    1507 -0.5158794833  0.1463555167
    1508 -0.4607050019  0.2652103009
    1509 -0.4533422289  0.2843555222
    1510 -0.5188181772  0.1756295100
    1511 -0.4377876426  0.3085379390
    1512  0.4724711561  0.3350572723
    1513  0.5284720036  0.2139302163
    1514  0.4881833671  0.2583919416
    1515  0.4474977652  0.2894628601
    1516  0.3692255817  0.3953269394
    1517  0.4047169036  0.3147190803
    1518  0.3652599628  0.3290027130
    1519  0.2738926204  0.4159650110
    1520  0.3234545056  0.3419191748
    1521  0.2871229850  0.3465432730
    1522  0.1884391291  0.4142045073
    1523  0.2478465213  0.3524525459
    1524  0.2154642396  0.3526933416
    1525  0.1134960739  0.4016403730
    1526  0.1834926636  0.3540127558
    1527  0.1592257072  0.3525489583
    1528  0.0519097361  0.3871206587
    1529 -0.0285506763  0.3873293996
    1530  0.0068192016  0.3825136345
    1531 -0.0251634551  0.3820319906
    1532 -0.0532566635  0.3808729060
    1533 -0.1189672976  0.3716749209
    1534  0.1435562202  0.3510144606
    1535  0.1339571346  0.3489644516
    1536  0.0722340612  0.3710862116
    1537  0.1068441136  0.3567517531
    1538  0.0854929947  0.3630686373
    1539  0.0174788395  0.3782565556
    1540 -0.0825816709  0.3795276667
    1541 -0.1112354807  0.3782487242
    1542 -0.1839644102  0.3570480436
    1543  0.0569374314  0.3722547587
    1544  0.0290789113  0.3812499194
    1545 -0.0406982834  0.3860489859
    1546 -0.1323106919  0.3779066829
    1547 -0.1488522731  0.3790317648
    1548 -0.2205565246  0.3561360878
    1549 -0.1236501059  0.4059601619
    1550 -0.2111439949  0.3723648779
    1551 -0.0911277946  0.3928372940
    1552 -0.0320990969  0.3981131090
    1553 -0.0809635641  0.4035699441
    1554 -0.0046214427  0.3903445973
    1555 -0.1673548107  0.4067309726
    1556 -0.2001693188  0.4082044655
    1557 -0.2963087813  0.3546261208
    1558 -0.2307900879  0.4085483719
    1559 -0.2490523694  0.4125345369
    1560 -0.3492502453  0.3459748070
    1561 -0.2658888624  0.4153280199
    1562 -0.2699694503  0.4228255314
    1563 -0.3728375345  0.3519679789
    1564 -0.2705082037  0.4300908455
    1565 -0.2580545906  0.4415219315
    1566 -0.3640082753  0.3754351104
    1567 -0.2389257213  0.4530835764
    1568  0.5549646592  0.0851899655
    1569  0.5514213355 -0.0442756680
    1570  0.5359746508 -0.0003315050
    1571  0.5164100121  0.0330289336
    1572  0.4985455327  0.1646755400
    1573  0.4938776726  0.0665809484
    1574  0.4699964289  0.0900337919
    1575  0.4342779535  0.2158034443
    1576  0.4435547649  0.1180031078
    1577  0.4177681610  0.1366610303
    1578  0.3677003366  0.2501232085
    1579  0.3896519853  0.1604850562
    1580  0.3640388253  0.1761201657
    1581  0.3028986096  0.2744584798
    1582  0.3365898172  0.1969215122
    1583  0.3132575019  0.2108724739
    1584  0.2465762502  0.2918156004
    1585  0.2890331141  0.2292715818
    1586  0.2698941131  0.2423057814
    1587  0.2087509252  0.3031434623
    1588  0.2447692141  0.2644368343
    1589  0.2251596577  0.2814256332
    1590  0.1604420505  0.3295566244
    1591  0.2017029791  0.3027280219
    1592  0.1788798376  0.3234936738
    1593  0.1076420387  0.3601117174
    1594  0.1510510941  0.3467287544
    1595  0.1302243410  0.3653894833
    1596  0.0511438726  0.3902081599
    1597  0.0988196462  0.3875338758
    1598  0.0752487514  0.4052811665
    1599 -0.0239859369  0.4175294514
    1600  0.0462091287  0.4233532917
    1601  0.0274077090  0.4378353520
    1602 -0.0876916516  0.4378277646
    1603  0.0049883835  0.4514192872
    1604 -0.0057466714  0.4623818416
    1605 -0.1296774759  0.4537433969
    1606 -0.0190104640  0.4720033025
    1607 -0.0200043108  0.4795410412
    1608 -0.1474373853  0.4678173345
    1609 -0.0226005459  0.4855106097
    1610 -0.0130642227  0.4892801224
    1611 -0.1372453438  0.4809066798
    1612 -0.0014130400  0.4909698684
    1613  0.5188637886 -0.1677242823
    1614  0.4597756325 -0.2788952606
    1615  0.4524115779 -0.2570247918
    1616  0.4446971014 -0.2341588092
    1617  0.4986076896 -0.1064843749
    1618  0.4363588027 -0.2094813647
    1619  0.4276929362 -0.1838549864
    1620  0.4691319308 -0.0510698739
    1621  0.4184458227 -0.1565187651
    1622  0.4089194241 -0.1283524066
    1623  0.4339562230  0.0025281978
    1624  0.3988966091 -0.0987006371
    1625  0.3886709673 -0.0684196989
    1626  0.3956158845  0.0548963532
    1627  0.3780777938 -0.0370086530
    1628  0.3673858675 -0.0052531438
    1629  0.3569337049  0.1060328072
    1630  0.3564950846  0.0271519759
    1631  0.3456326519  0.0595393619
    1632  0.3208837580  0.1553440235
    1633  0.3347699511  0.0919984123
    1634  0.3240781062  0.1240203266
    1635  0.2854905605  0.2084558475
    1636  0.3135984061  0.1554806250
    1637  0.3034370008  0.1860577176
    1638  0.2505265403  0.2621366532
    1639  0.2936952384  0.2154408711
    1640  0.2844117444  0.2435057626
    1641  0.2157546328  0.3140049445
    1642  0.2757310700  0.2698061543
    1643  0.2676299340  0.2944011632
    1644  0.1796819193  0.3628160333
    1645  0.2602744237  0.3167767043
    1646  0.2535921766  0.3371395925
    1647  0.1486553079  0.4035598808
    1648  0.2477456843  0.3549837339
    1649  0.2426336365  0.3706086338
    1650  0.1263586934  0.4344100979
    1651  0.2383926828  0.3835865550
    1652  0.2349119121  0.3942487501
    1653  0.1149188928  0.4548246662
    1654  0.2322847716  0.4023026011
    1655  0.2304111629  0.4080487377
    1656  0.1154045731  0.4645925577
    1657  0.2293295697  0.4113684771
    1658  1.2961579381 -0.4590837646
    1659  1.5470401575 -0.5186224930
    1660  1.4023681693 -0.5933216339
    1661  1.2532017585 -0.6966954676
    1662  1.0725366584 -0.6143534688
    1663  1.7932459507 -0.5072279049
    1664  2.0013385510 -0.4345101208
    1665  1.8104776030 -0.5691725164
    1666  1.6310352729 -0.7006898964
    1667  1.4567023140 -0.7135540224
    1668  2.1688075113 -0.3193536952
    1669  2.2897378479 -0.1882833527
    1670  2.0654460179 -0.4191624465
    1671  1.8531369727 -0.6179837873
    1672  1.7555516737 -0.6689990166
    1673  2.3682091775 -0.0674731939
    1674  2.4157387818  0.0290780997
    1675  2.1275953215 -0.3427259786
    1676  1.8480064096 -0.6370461240
    1677  1.8913835983 -0.5939558813
    1678  2.4387502918  0.0860161690
    1679  1.7983023081 -0.6832743354
    1680  1.0641105428 -0.8349429829
    1681  0.8536018679 -0.9560261885
    1682  0.7333689225 -0.8558065074
    1683  1.4259260233 -0.8467860528
    1684  1.2190239173 -0.9757568886
    1685  1.0451142475 -0.9745872796
    1686  1.6051511389 -0.8207124492
    1687  1.3617493036 -0.9863284093
    1688  1.2964009893 -0.9898238327
    1689  1.5083602649 -0.9181785247
    1690  1.1720752599 -1.1217277725
    1691  1.3106851805 -1.0374800933
    1692  1.0956435189 -1.1627346571
    1693  0.5995722815 -1.0181641098
    1694  0.3540323832 -1.0444489860
    1695  0.2951935797 -0.9577342475
    1696  1.0406855153 -1.0760182955
    1697  0.8549286986 -1.1574328936
    1698  0.7975861308 -1.1388387690
    1699  0.7238218097 -1.1172825270
    1700  0.8036127478 -1.0421673100
    1701  0.5611796711 -1.1514509813
    1702  0.4013249474 -1.1696040141
    1703  0.3884740258 -1.1107959514
    1704  0.6639195788 -1.2127055852
    1705  0.4745095100 -1.2457953321
    1706  0.4507706870 -1.2108509713
    1707  1.1411293288 -1.1037017762
    1708  0.9237829474 -1.1924177146
    1709  0.8907006951 -1.1794350113
    1710  0.7165100023 -1.2548205961
    1711  0.5125626176 -1.2919661617
    1712  0.4934692862 -1.2727908749
    1713  1.0373356356 -1.1793544300
    1714  0.8844792198 -1.2308301294
    1715  0.9188151715 -1.2089690044
    1716  0.8195425652 -1.2635012058
    1717  0.4686111450 -1.3323073873
    1718  0.5040963454 -1.3247292448
    1719  0.4958159013 -1.3188420097
    1720  0.6890638951 -1.2861013953
    1721  0.5232152208 -1.3056219748
    1722  0.3685128423 -1.3407776521
    1723  0.1322928164 -1.0459833460
    1724 -0.0793938544 -1.0093431856
    1725 -0.1132889229 -0.9210261512
    1726  0.2005231109 -1.1734441039
    1727  0.0073503383 -1.1499199427
    1728 -0.0269512470 -1.0856622972
    1729  0.2673804745 -1.2561248045
    1730  0.0677207079 -1.2394437949
    1731  0.0509038525 -1.2011975257
    1732  0.2913459684 -1.3045527685
    1733  0.0791262499 -1.2877151463
    1734  0.0722083965 -1.2668536271
    1735  0.2516358505 -1.3277534389
    1736  0.0194815037 -1.3013643779
    1737  0.0694235207 -1.3005971561
    1738  0.1543316518 -1.3312804135
    1739 -0.1364982857 -1.2726093637
    1740 -0.0362530862 -1.2960555886
    1741 -0.2443124452 -1.2365658952
    1742 -0.2981472448 -0.9341333435
    1743 -0.4899684779 -0.8156167900
    1744 -0.4750983336 -0.7347636788
    1745 -0.1902782957 -1.0993815484
    1746 -0.3722089224 -1.0188703636
    1747 -0.4267844194 -0.9275655342
    1748 -0.1358331372 -1.1933370804
    1749 -0.3239953843 -1.1191828546
    1750 -0.3373393493 -1.0787523587
    1751 -0.1362205213 -1.2381048294
    1752 -0.3339231807 -1.1590263865
    1753 -0.3308505097 -1.1412860532
    1754 -0.2132995397 -1.2354661966
    1755 -0.4228974299 -1.1356401826
    1756 -0.3622850807 -1.1591194922
    1757 -0.4192206996 -1.1495587511
    1758 -0.6554817859 -0.9756932040
    1759 -0.5257167423 -1.0767899470
    1760 -0.7223330834 -0.9119928854
    1761 -0.6356115266 -0.6449038546
    1762 -0.7368011002 -0.4535760747
    1763 -0.7009983336 -0.4063698461
    1764 -0.5195383990 -0.9312573881
    1765 -0.6503173557 -0.8221311464
    1766 -0.6564349015 -0.7786204747
    1767 -0.6674410192 -0.7241079214
    1768 -0.5784907776 -0.7803466859
    1769 -0.7514250690 -0.6007172986
    1770 -0.8154301726 -0.4694235003
    1771 -0.7739602193 -0.4718505223
    1772 -0.7585897134 -0.6912170859
    1773 -0.8433935208 -0.5478807901
    1774 -0.8273877509 -0.5180397397
    1775 -0.4941054209 -1.0204186485
    1776 -0.6425019091 -0.8991811014
    1777 -0.6401578133 -0.8702574116
    1778 -0.7657763143 -0.7593984610
    1779 -0.8626058683 -0.6054761479
    1780 -0.8496469203 -0.5876925618
    1781 -0.5107908398 -1.0529510581
    1782 -0.6636795775 -0.9244212088
    1783 -0.6549296942 -0.9128105990
    1784 -0.7901938553 -0.7781241240
    1785 -0.8887923288 -0.6178344807
    1786 -0.8774284421 -0.6119197094
    1787 -0.5836021448 -1.0229343371
    1788 -0.7220788068 -0.8904691308
    1789 -0.6842453779 -0.9190194794
    1790 -0.8379950426 -0.7406107939
    1791 -0.9266059896 -0.5788172981
    1792 -0.9030945765 -0.6113189013
    1793 -0.7254973117 -0.9026578170
    1794 -0.7974784232 -0.8127691944
    1795 -0.7551266967 -0.8600486299
    1796 -0.8484684094 -0.7490731169
    1797 -0.9767359395 -0.4903406884
    1798 -0.9672189058 -0.5115386552
    1799 -0.9671909019 -0.5034685643
    1800 -0.8949942673 -0.6627008195
    1801 -0.9431943411 -0.5543057728
    1802 -0.9995419280 -0.4209696694
    1803 -0.7938611905 -0.2669058601
    1804 -0.8086314689 -0.0777645801
    1805 -0.7639396203 -0.0519564898
    1806 -0.8744423823 -0.2739302382
    1807 -0.8905005178 -0.0754900695
    1808 -0.8520647951 -0.0901281378
    1809 -0.9079309661 -0.3809746081
    1810 -0.9419364564 -0.2089664958
    1811 -0.9192896366 -0.1526002350
    1812 -0.9331735476 -0.4373843294
    1813 -0.9737906640 -0.2638505405
    1814 -0.9582338399 -0.2477370270
    1815 -0.9597417319 -0.4435199157
    1816 -0.9996022257 -0.2642999275
    1817 -0.9881319573 -0.2637778172
    1818 -0.9914404401 -0.3927594596
    1819 -1.0222329113 -0.2032026439
    1820 -1.0110280428 -0.2471933531
    1821 -1.0250414497 -0.2682816792
    1822 -1.0308994011 -0.0335348728
    1823 -1.0308034103 -0.1341474534
    1824 -1.0331719922 -0.2390748878
    1825 -1.0308906774  0.0105307249
    1826 -1.0336039610 -0.0313710118
    1827 -1.0210414983  0.0778844171
    1828 -0.7803315206  0.1044603700
    1829 -0.7144396089  0.2715204436
    1830 -0.6702841135  0.2778829774
    1831 -0.8520626670  0.1182201478
    1832 -0.7749023687  0.2955732507
    1833 -0.7498050624  0.2760615619
    1834 -0.9492738960 -0.0505793728
    1835 -0.9307953868  0.1053226823
    1836 -0.9129637892  0.1164766812
    1837 -0.8908980204  0.1373868230
    1838 -0.8985590548  0.0274646307
    1839 -0.8458718007  0.2586160397
    1840 -0.7853794528  0.3706477846
    1841 -0.7857760789  0.3268214212
    1842 -0.8819444134  0.2602509945
    1843 -0.8088618433  0.4020059940
    1844 -0.8026381806  0.3796261201
    1845 -0.9848022894 -0.0893069922
    1846 -0.9665737117  0.0811280226
    1847 -0.9516713418  0.0847148841
    1848 -0.9197167257  0.2445399570
    1849 -0.8469614130  0.3945936587
    1850 -0.8338493339  0.3907325262
    1851 -1.0084513641 -0.0847929174
    1852 -0.9874122237  0.0897243780
    1853 -0.9779785092  0.0860421038
    1854 -0.9376703423  0.2566486788
    1855 -0.8615984415  0.4094497492
    1856 -0.8549048977  0.4028350315
    1857 -1.0202854946 -0.0316194632
    1858 -0.9914326570  0.1345480112
    1859 -0.9926634879  0.1024010428
    1860 -0.9343721578  0.2999085122
    1861 -0.8515983235  0.4500402106
    1862 -0.8631576896  0.4212032540
    1863 -1.0138905105  0.0766169073
    1864 -0.9830628446  0.1909568457
    1865 -0.9898123419  0.1564790852
    1866 -0.9851828509  0.2009756502
    1867 -0.8879070691  0.4167344188
    1868 -0.8787388649  0.4278009069
    1869 -0.8582254862  0.4546184439
    1870 -0.9297943429  0.3281716105
    1871 -0.8608413839  0.4442781399
    1872 -0.9728060401  0.2472789206
    1873 -0.8644090015  0.4586446748
    1874 -0.8838535267  0.4265588306
    1875 -0.8280943668  0.5101628726
    1876 -0.6182609834  0.4141762150
    1877 -0.4959622377  0.5294469514
    1878 -0.4558007558  0.5206510867
    1879 -0.6744078357  0.4416889913
    1880 -0.5485697159  0.5609666200
    1881 -0.5287867323  0.5412069617
    1882 -0.6827713521  0.5037687260
    1883 -0.5593455484  0.6128935611
    1884 -0.5619847675  0.5823484220
    1885 -0.6883555970  0.5543729760
    1886 -0.5415535917  0.6752289735
    1887 -0.5616566162  0.6385210465
    1888 -0.7465118402  0.5329876815
    1889 -0.6250901865  0.6489136962
    1890 -0.5924469725  0.6576919325
    1891 -0.7573792610  0.5498691340
    1892 -0.6320590130  0.6669828255
    1893 -0.6288301641  0.6588201654
    1894 -0.7178011988  0.6101305765
    1895 -0.5567076180  0.7352452885
    1896 -0.6052779138  0.6961388690
    1897 -0.7366392180  0.6032749366
    1898 -0.5910486532  0.7232738977
    1899 -0.5858121694  0.7223658536
    1900 -0.7566166441  0.5891890305
    1901 -0.5940428293  0.7263388259
    1902 -0.6022734058  0.7186224943
    1903 -0.7171051811  0.6315091347
    1904 -0.5385087166  0.7631082628
    1905 -0.5766464654  0.7391722174
    1906 -0.4845076424  0.7921912881
    1907 -0.3552460458  0.6129834956
    1908 -0.2027988206  0.6622100442
    1909 -0.1703177875  0.6405830625
    1910 -0.4010886095  0.6510975895
    1911 -0.2411212189  0.7060897990
    1912 -0.2286778161  0.6833832206
    1913 -0.4071561083  0.6990042386
    1914 -0.2436270476  0.7508293367
    1915 -0.2505758184  0.7275158463
    1916 -0.3791068132  0.7522808181
    1917 -0.2058382419  0.7940589434
    1918 -0.2337608505  0.7720690938
    1919 -0.5050465277  0.7309482150
    1920 -0.3750412805  0.7920062455
    1921 -0.3687670382  0.7867622124
    1922 -0.3543402020  0.7835793186
    1923 -0.4536849639  0.7345920577
    1924 -0.2409310972  0.8128314758
    1925 -0.1259060442  0.8264879593
    1926 -0.1727804366  0.8112927030
    1927 -0.2424447958  0.8290585247
    1928 -0.1076419603  0.8449071339
    1929 -0.1230111739  0.8359686207
    1930 -0.5082405341  0.7474852476
    1931 -0.3752495850  0.8065377693
    1932 -0.3751247480  0.7997957747
    1933 -0.2401639295  0.8434828154
    1934 -0.1029317082  0.8587900666
    1935 -0.1050962689  0.8523584386
    1936 -0.4596847250  0.7845220154
    1937 -0.3537406335  0.8232436061
    1938 -0.3689115103  0.8137965419
    1939 -0.3800809270  0.8221012229
    1940 -0.1889354176  0.8691642500
    1941 -0.1574701727  0.8692255789
    1942 -0.1123768161  0.8682762485
    1943 -0.2340836348  0.8541450015
    1944 -0.1140841900  0.8636662988
    1945 -0.4125232609  0.8173674286
    1946 -0.2208777063  0.8703369563
    1947 -0.2149399153  0.8687450120
    1948 -0.4055610233  0.8240573970
    1949 -0.2039186171  0.8762305716
    1950 -0.2229252765  0.8719470194
    1951 -0.3402987180  0.8481156665
    1952 -0.1324654264  0.8849904129
    1953 -0.1786765988  0.8803918631
    1954 -0.0722797094  0.8869611505
    1955 -0.0448685097  0.6762220269
    1956  0.1090786260  0.6546861014
    1957  0.1283946899  0.6239356613
    1958 -0.0743516431  0.7250958986
    1959  0.0891340567  0.7071165525
    1960  0.0932689126  0.6829383508
    1961 -0.0702622302  0.7676095610
    1962  0.0993040610  0.7467861622
    1963  0.0869932500  0.7293139024
    1964 -0.0332623130  0.8013767974
    1965  0.1342303072  0.7732331424
    1966  0.1087428733  0.7629902203
    1967  0.0334854243  0.8203296920
    1968  0.1863906279  0.7848807114
    1969  0.1524991225  0.7825682851
    1970  0.0447095867  0.8372907058
    1971  0.1910547916  0.8033876762
    1972  0.1814626591  0.7971394447
    1973  0.0520889539  0.8501653978
    1974  0.2008613908  0.8147291929
    1975  0.1963418940  0.8094959087
    1976  0.0560471032  0.8597354660
    1977  0.2174158763  0.8198204034
    1978  0.2014277784  0.8204234217
    1979  0.0017208089  0.8735342095
    1980  0.1865115704  0.8377372656
    1981  0.1935494242  0.8321040008
    1982 -0.0187941997  0.8802841719
    1983  0.1772046968  0.8454979926
    1984  0.1724970420  0.8447436801
    1985  0.0028099746  0.8815937291
    1986  0.2015970844  0.8406482686
    1987  0.1800424791  0.8462663090
    1988  0.0758631290  0.8734481719
    1989  0.2719615493  0.8154393143
    1990  0.2281344485  0.8322612370
    1991  0.3236434666  0.7916099781
    1992  0.2531368591  0.5992063317
    1993  0.3782693941  0.5137428578
    1994  0.3810512352  0.4812652566
    1995  0.2467564757  0.6520462639
    1996  0.3846779070  0.5638204375
    1997  0.3773645400  0.5429354464
    1998  0.2635268898  0.6878534953
    1999  0.4071843418  0.5947974791
    2000  0.3907652195  0.5843267157
    2001  0.3028682734  0.7054288287
    2002  0.4488344421  0.6028103095
    2003  0.4220748769  0.6050259222
    2004  0.3648176303  0.7010428922
    2005  0.5147744948  0.5790421203
    2006  0.4749485347  0.5997486809
    2007  0.3415218079  0.7372172566
    2008  0.4739125256  0.6442211971
    2009  0.4890845464  0.6185157115
    2010  0.3533438572  0.7461084764
    2011  0.4871660285  0.6503415813
    2012  0.4810482192  0.6475266479
    2013  0.4039075622  0.7267917388
    2014  0.5592070127  0.5938338963
    2015  0.5174661020  0.6301647890
    2016  0.3709179029  0.7561306898
    2017  0.5287256707  0.6357926999
    2018  0.5363725570  0.6236982628
    2019  0.3642622962  0.7650894028
    2020  0.5246654349  0.6453156359
    2021  0.5196631667  0.6476146493
    2022  0.3884081891  0.7534459180
    2023  0.5464555635  0.6270053780
    2024  0.5290199468  0.6429380367
    2025  0.4478948322  0.7143593237
    2026  0.5926338627  0.5776331876
    2027  0.5641214467  0.6094218706
    2028  0.6244917141  0.5373877403
    2029  0.4809708079  0.4004729484
    2030  0.5526467847  0.2684820301
    2031  0.5395725991  0.2454157466
    2032  0.5002079610  0.4430759801
    2033  0.5815772663  0.3007360420
    2034  0.5654038518  0.2899368052
    2035  0.5297066436  0.4648444916
    2036  0.6150873719  0.3118431083
    2037  0.5962636066  0.3126650592
    2038  0.5696730761  0.4634171767
    2039  0.6516785646  0.3016987090
    2040  0.6313014179  0.3140895271
    2041  0.6223740897  0.4296327268
    2042  0.6911726524  0.2601692112
    2043  0.6700085358  0.2887227633
    2044  0.5744392269  0.5417685290
    2045  0.6542105475  0.4243751981
    2046  0.6511845578  0.4193205362
    2047  0.6510794259  0.4077699707
    2048  0.5881217862  0.4998927007
    2049  0.6976244083  0.2969958681
    2050  0.7261886648  0.1814805058
    2051  0.7090123354  0.2267010310
    2052  0.7106567938  0.2948328818
    2053  0.7425352336  0.1590503870
    2054  0.7339652208  0.1756269400
    2055  0.5868920199  0.5448531975
    2056  0.6653860541  0.4249707450
    2057  0.6601362089  0.4247035655
    2058  0.7218906503  0.2932719060
    2059  0.7533955794  0.1553426330
    2060  0.7483156200  0.1570975476
    2061  0.6258514195  0.5066841015
    2062  0.6815312061  0.4086529405
    2063  0.6719548696  0.4202788416
    2064  0.6754158587  0.4331222481
    2065  0.7489829633  0.2488530051
    2066  0.7538989123  0.2157051697
    2067  0.7587982728  0.1713017879
    2068  0.7296988540  0.2925840127
    2069  0.7555919927  0.1687387300
    2070  0.6582506886  0.4749004342
    2071  0.7427151108  0.2894287377
    2072  0.7440167755  0.2773547274
    2073  0.6573680393  0.4831556046
    2074  0.7439638670  0.2961866492
    2075  0.7408343381  0.3013465799
    2076  0.6720741848  0.4627198366
    2077  0.7519779857  0.2759718760
    2078  0.7456215569  0.2944423100
    2079  0.7018402427  0.4091104925
    2080  0.7662419028  0.2227059853
    2081  0.7575992511  0.2575269244
    2082  0.7739711911  0.1826571794
    2083  0.5910647760  0.1200176648
    2084  0.5916561784 -0.0306925739
    2085  0.5723921995 -0.0330904788
    2086  0.6267428741  0.1353415958
    2087  0.6275846923 -0.0328775633
    2088  0.6106569037 -0.0263975861
    2089  0.6610186415  0.1344807530
    2090  0.6588526101 -0.0452216853
    2091  0.6445480751 -0.0328318731
    2092  0.6924291265  0.1171916743
    2093  0.6839587966 -0.0681639635
    2094  0.6731022948 -0.0498377050
    2095  0.7188893497  0.0786659651
    2096  0.7013744087 -0.1012610691
    2097  0.6947628116 -0.0776062187
    2098  0.7358079978  0.0181952356
    2099  0.7102575092 -0.1409955648
    2100  0.7081592949 -0.1145050165
    2101  0.7478375003 -0.0043685837
    2102  0.7186225116 -0.1628078047
    2103  0.7167807713 -0.1453567386
    2104  0.7578956617 -0.0106148164
    2105  0.7272549542 -0.1713824569
    2106  0.7232558953 -0.1673674770
    2107  0.7665366180  0.0000520705
    2108  0.7370194763 -0.1666406215
    2109  0.7344658724 -0.1622735886
    2110  0.7741844101  0.0514678410
    2111  0.7494693308 -0.1435674132
    2112  0.7455237049 -0.1481237253
    2113  0.7782832711  0.0795814778
    2114  0.7573797480 -0.1289968207
    2115  0.7556192193 -0.1284081515
    2116  0.7810496990  0.0835345531
    2117  0.7604148057 -0.1276371366
    2118  0.7609487634 -0.1202404464
    2119  0.7831750111  0.0656419874
    2120  0.7584974006 -0.1417374980
    2121  0.7615139374 -0.1268035760
    2122  0.7834124935  0.0221006565
    2123  0.7505495672 -0.1729894814
    2124  0.7568181384 -0.1499221686
    2125  0.7435954319 -0.1953705300
    2126  0.5514750956 -0.1843730621
    2127  0.4733866966 -0.3195022773
    2128  0.4667716209 -0.2997315104
    2129  0.5794659659 -0.2068041715
    2130  0.4858351068 -0.3569879511
    2131  0.4798244035 -0.3388345599
    2132  0.6027512676 -0.2317820433
    2133  0.4968698777 -0.3906988741
    2134  0.4915815643 -0.3744688650
    2135  0.6202632617 -0.2590288074
    2136  0.5063092361 -0.4201659538
    2137  0.5018245258 -0.4060692757
    2138  0.6312754878 -0.2880815755
    2139  0.5140635618 -0.4451444840
    2140  0.5104157973 -0.4332778211
    2141  0.6359714407 -0.3173620173
    2142  0.5201423898 -0.4656354437
    2143  0.5173165381 -0.4559727418
    2144  0.6414920419 -0.3362554894
    2145  0.5246560634 -0.4818691657
    2146  0.5225878536 -0.4742742877
    2147  0.6476821382 -0.3471130639
    2148  0.5277965230 -0.4942684762
    2149  0.5263834744 -0.4885157495
    2150  0.6551738471 -0.3502409576
    2151  0.5298123413 -0.5033848612
    2152  0.5289264808 -0.4991927064
    2153  0.6656796351 -0.3438774439
    2154  0.5309764947 -0.5098266478
    2155  0.5304817868 -0.5068923665
    2156  0.6723530633 -0.3401964149
    2157  0.5315524396 -0.5141915333
    2158  0.5313208627 -0.5122242440
    2159  0.6744521013 -0.3413989164
    2160  0.5317717538 -0.5170075153
    2161  0.5316938565 -0.5157553965
    2162  0.6717634037 -0.3486271774
    2163  0.5318121008 -0.5187019299
    2164  0.5318052249 -0.5179668912
    2165  0.6638425787 -0.3627605122
    2166  0.5317945171 -0.5195836636
    2167  0.5318051342 -0.5192262023
    2168  0.5317852300 -0.5197849283
