0
     164    533    553    1
1  0  0.00  0.00  0.00
1      1     -1.0000      0.0000       -1.0000  
2      1     -0.9559      0.2938       -1.0000  
3      1     -0.8138      0.5811       -1.0000  
4      1     -0.5811      0.8138       -1.0000  
5      1     -0.2938      0.9559       -1.0000  
6      1     0.0000       1.0000       -1.0000  
7      1     0.0000       0.0000       -1.0000  
8      1     -0.1667      0.0000       -1.0000  
9      1     -0.3333      0.0000       -1.0000  
10     1     -0.5000      0.0000       -1.0000  
11     1     -0.6667      0.0000       -1.0000  
12     1     -0.8333      0.0000       -1.0000  
13     1     0.0000       0.8000       -1.0000  
14     1     0.0000       0.6000       -1.0000  
15     1     0.0000       0.4000       -1.0000  
16     1     0.0000       0.2000       -1.0000  
17     1     -0.4538      0.2845       -1.0000  
18     1     -0.4634      0.1505       -1.0000  
19     1     -0.5304      0.3522       -1.0000  
20     1     -0.6549      0.4577       -1.0000  
21     1     -0.3243      0.3058       -1.0000  
22     1     -0.1711      0.3542       -1.0000  
23     1     -0.1649      0.1786       -1.0000  
24     1     -0.3216      0.1592       -1.0000  
25     1     -0.5988      0.1777       -1.0000  
26     1     -0.7555      0.2272       -1.0000  
27     1     -0.4556      0.6047       -1.0000  
28     1     -0.2361      0.7231       -1.0000  
29     1     -0.3712      0.4437       -1.0000  
30     1     -0.1947      0.5307       -1.0000  
31     1     1.0000       0.0000       -1.0000  
32     1     0.9559       0.2938       -1.0000  
33     1     0.8138       0.5811       -1.0000  
34     1     0.5811       0.8138       -1.0000  
35     1     0.2938       0.9559       -1.0000  
36     1     0.1667       0.0000       -1.0000  
37     1     0.3333       0.0000       -1.0000  
38     1     0.5000       0.0000       -1.0000  
39     1     0.6667       0.0000       -1.0000  
40     1     0.8333       0.0000       -1.0000  
41     1     0.4538       0.2845       -1.0000  
42     1     0.4634       0.1505       -1.0000  
43     1     0.5304       0.3522       -1.0000  
44     1     0.6549       0.4577       -1.0000  
45     1     0.3243       0.3058       -1.0000  
46     1     0.1711       0.3542       -1.0000  
47     1     0.1649       0.1786       -1.0000  
48     1     0.3216       0.1592       -1.0000  
49     1     0.5988       0.1777       -1.0000  
50     1     0.7555       0.2272       -1.0000  
51     1     0.4556       0.6047       -1.0000  
52     1     0.2361       0.7231       -1.0000  
53     1     0.3712       0.4437       -1.0000  
54     1     0.1947       0.5307       -1.0000  
55     1     -0.9559      -0.2938      -1.0000  
56     1     -0.8138      -0.5811      -1.0000  
57     1     -0.5811      -0.8138      -1.0000  
58     1     -0.2938      -0.9559      -1.0000  
59     1     0.0000       -1.0000      -1.0000  
60     1     0.0000       -0.8000      -1.0000  
61     1     0.0000       -0.6000      -1.0000  
62     1     0.0000       -0.4000      -1.0000  
63     1     0.0000       -0.2000      -1.0000  
64     1     -0.4538      -0.2845      -1.0000  
65     1     -0.4634      -0.1505      -1.0000  
66     1     -0.5304      -0.3522      -1.0000  
67     1     -0.6549      -0.4577      -1.0000  
68     1     -0.3243      -0.3058      -1.0000  
69     1     -0.1711      -0.3542      -1.0000  
70     1     -0.1649      -0.1786      -1.0000  
71     1     -0.3216      -0.1592      -1.0000  
72     1     -0.5988      -0.1777      -1.0000  
73     1     -0.7555      -0.2272      -1.0000  
74     1     -0.4556      -0.6047      -1.0000  
75     1     -0.2361      -0.7231      -1.0000  
76     1     -0.3712      -0.4437      -1.0000  
77     1     -0.1947      -0.5307      -1.0000  
78     1     0.9559       -0.2938      -1.0000  
79     1     0.8138       -0.5811      -1.0000  
80     1     0.5811       -0.8138      -1.0000  
81     1     0.2938       -0.9559      -1.0000  
82     1     0.4538       -0.2845      -1.0000  
83     1     0.4634       -0.1505      -1.0000  
84     1     0.5304       -0.3522      -1.0000  
85     1     0.6549       -0.4577      -1.0000  
86     1     0.3243       -0.3058      -1.0000  
87     1     0.1711       -0.3542      -1.0000  
88     1     0.1649       -0.1786      -1.0000  
89     1     0.3216       -0.1592      -1.0000  
90     1     0.5988       -0.1777      -1.0000  
91     1     0.7555       -0.2272      -1.0000  
92     1     0.4556       -0.6047      -1.0000  
93     1     0.2361       -0.7231      -1.0000  
94     1     0.3712       -0.4437      -1.0000  
95     1     0.1947       -0.5307      -1.0000  
96     1     -0.1486      0.9889       -1.0000  
97     1     -0.4432      0.8964       -1.0000  
98     1     -0.7071      0.7071       -1.0000  
99     1     -0.8964      0.4432       -1.0000  
100    1     -0.9889      0.1486       -1.0000  
101    1     0.0000       0.3000       -1.0000  
102    1     -0.0824      0.1893       -1.0000  
103    1     -0.1680      0.2664       -1.0000  
104    1     -0.0856      0.3771       -1.0000  
105    1     0.0000       0.1000       -1.0000  
106    1     -0.0833      0.0000       -1.0000  
107    1     -0.1658      0.0893       -1.0000  
108    1     -0.2433      0.1689       -1.0000  
109    1     -0.3229      0.2325       -1.0000  
110    1     -0.2477      0.3300       -1.0000  
111    1     -0.2500      0.0000       -1.0000  
112    1     -0.3275      0.0796       -1.0000  
113    1     -0.3925      0.1549       -1.0000  
114    1     -0.4586      0.2175       -1.0000  
115    1     -0.3890      0.2951       -1.0000  
116    1     -0.4167      0.0000       -1.0000  
117    1     -0.4817      0.0753       -1.0000  
118    1     -0.5833      0.0000       -1.0000  
119    1     -0.6328      0.0888       -1.0000  
120    1     -0.5311      0.1641       -1.0000  
121    1     -0.7500      0.0000       -1.0000  
122    1     -0.7944      0.1136       -1.0000  
123    1     -0.6772      0.2025       -1.0000  
124    1     -0.9167      0.0000       -1.0000  
125    1     -0.8557      0.2605       -1.0000  
126    1     -0.5646      0.2649       -1.0000  
127    1     -0.4921      0.3183       -1.0000  
128    1     -0.7052      0.3424       -1.0000  
129    1     -0.5927      0.4049       -1.0000  
130    1     -0.7344      0.5194       -1.0000  
131    1     -0.5184      0.7092       -1.0000  
132    1     -0.5552      0.5312       -1.0000  
133    1     -0.2650      0.8395       -1.0000  
134    1     -0.3459      0.6639       -1.0000  
135    1     0.0000       0.9000       -1.0000  
136    1     -0.1181      0.7615       -1.0000  
137    1     -0.4134      0.5242       -1.0000  
138    1     -0.4508      0.3980       -1.0000  
139    1     -0.2154      0.6269       -1.0000  
140    1     -0.2829      0.4872       -1.0000  
141    1     0.0000       0.7000       -1.0000  
142    1     -0.0973      0.5653       -1.0000  
143    1     -0.3477      0.3748       -1.0000  
144    1     -0.1829      0.4424       -1.0000  
145    1     0.0000       0.5000       -1.0000  
146    1     0.1486       0.9889       -1.0000  
147    1     0.4432       0.8964       -1.0000  
148    1     0.7071       0.7071       -1.0000  
149    1     0.8964       0.4432       -1.0000  
150    1     0.9889       0.1486       -1.0000  
151    1     0.0856       0.3771       -1.0000  
152    1     0.1680       0.2664       -1.0000  
153    1     0.0824       0.1893       -1.0000  
154    1     0.1658       0.0893       -1.0000  
155    1     0.0833       0.0000       -1.0000  
156    1     0.2477       0.3300       -1.0000  
157    1     0.3229       0.2325       -1.0000  
158    1     0.2433       0.1689       -1.0000  
159    1     0.3275       0.0796       -1.0000  
160    1     0.2500       0.0000       -1.0000  
161    1     0.3890       0.2951       -1.0000  
162    1     0.4586       0.2175       -1.0000  
163    1     0.3925       0.1549       -1.0000  
164    1     0.4817       0.0753       -1.0000  
165    1     0.4167       0.0000       -1.0000  
166    1     0.5833       0.0000       -1.0000  
167    1     0.5311       0.1641       -1.0000  
168    1     0.6328       0.0888       -1.0000  
169    1     0.7500       0.0000       -1.0000  
170    1     0.6772       0.2025       -1.0000  
171    1     0.7944       0.1136       -1.0000  
172    1     0.9167       0.0000       -1.0000  
173    1     0.8557       0.2605       -1.0000  
174    1     0.4921       0.3183       -1.0000  
175    1     0.5646       0.2649       -1.0000  
176    1     0.5927       0.4049       -1.0000  
177    1     0.7052       0.3424       -1.0000  
178    1     0.7344       0.5194       -1.0000  
179    1     0.5552       0.5312       -1.0000  
180    1     0.5184       0.7092       -1.0000  
181    1     0.3459       0.6639       -1.0000  
182    1     0.2650       0.8395       -1.0000  
183    1     0.1181       0.7615       -1.0000  
184    1     0.4508       0.3980       -1.0000  
185    1     0.4134       0.5242       -1.0000  
186    1     0.2829       0.4872       -1.0000  
187    1     0.2154       0.6269       -1.0000  
188    1     0.0973       0.5653       -1.0000  
189    1     0.3477       0.3748       -1.0000  
190    1     0.1829       0.4424       -1.0000  
191    1     -0.1486      -0.9889      -1.0000  
192    1     -0.4432      -0.8964      -1.0000  
193    1     -0.7071      -0.7071      -1.0000  
194    1     -0.8964      -0.4432      -1.0000  
195    1     -0.9889      -0.1486      -1.0000  
196    1     0.0000       -0.3000      -1.0000  
197    1     -0.0856      -0.3771      -1.0000  
198    1     -0.1680      -0.2664      -1.0000  
199    1     -0.0824      -0.1893      -1.0000  
200    1     0.0000       -0.1000      -1.0000  
201    1     -0.1658      -0.0893      -1.0000  
202    1     -0.2477      -0.3300      -1.0000  
203    1     -0.3229      -0.2325      -1.0000  
204    1     -0.2433      -0.1689      -1.0000  
205    1     -0.3275      -0.0796      -1.0000  
206    1     -0.3890      -0.2951      -1.0000  
207    1     -0.4586      -0.2175      -1.0000  
208    1     -0.3925      -0.1549      -1.0000  
209    1     -0.4817      -0.0753      -1.0000  
210    1     -0.5311      -0.1641      -1.0000  
211    1     -0.6328      -0.0888      -1.0000  
212    1     -0.6772      -0.2025      -1.0000  
213    1     -0.7944      -0.1136      -1.0000  
214    1     -0.8557      -0.2605      -1.0000  
215    1     -0.4921      -0.3183      -1.0000  
216    1     -0.5646      -0.2649      -1.0000  
217    1     -0.5927      -0.4049      -1.0000  
218    1     -0.7052      -0.3424      -1.0000  
219    1     -0.7344      -0.5194      -1.0000  
220    1     -0.5552      -0.5312      -1.0000  
221    1     -0.5184      -0.7092      -1.0000  
222    1     -0.3459      -0.6639      -1.0000  
223    1     -0.2650      -0.8395      -1.0000  
224    1     -0.1181      -0.7615      -1.0000  
225    1     0.0000       -0.9000      -1.0000  
226    1     -0.4508      -0.3980      -1.0000  
227    1     -0.4134      -0.5242      -1.0000  
228    1     -0.2829      -0.4872      -1.0000  
229    1     -0.2154      -0.6269      -1.0000  
230    1     -0.0973      -0.5653      -1.0000  
231    1     0.0000       -0.7000      -1.0000  
232    1     -0.3477      -0.3748      -1.0000  
233    1     -0.1829      -0.4424      -1.0000  
234    1     0.0000       -0.5000      -1.0000  
235    1     0.1486       -0.9889      -1.0000  
236    1     0.4432       -0.8964      -1.0000  
237    1     0.7071       -0.7071      -1.0000  
238    1     0.8964       -0.4432      -1.0000  
239    1     0.9889       -0.1486      -1.0000  
240    1     0.0824       -0.1893      -1.0000  
241    1     0.1680       -0.2664      -1.0000  
242    1     0.0856       -0.3771      -1.0000  
243    1     0.1658       -0.0893      -1.0000  
244    1     0.2433       -0.1689      -1.0000  
245    1     0.3229       -0.2325      -1.0000  
246    1     0.2477       -0.3300      -1.0000  
247    1     0.3275       -0.0796      -1.0000  
248    1     0.3925       -0.1549      -1.0000  
249    1     0.4586       -0.2175      -1.0000  
250    1     0.3890       -0.2951      -1.0000  
251    1     0.4817       -0.0753      -1.0000  
252    1     0.6328       -0.0888      -1.0000  
253    1     0.5311       -0.1641      -1.0000  
254    1     0.7944       -0.1136      -1.0000  
255    1     0.6772       -0.2025      -1.0000  
256    1     0.8557       -0.2605      -1.0000  
257    1     0.5646       -0.2649      -1.0000  
258    1     0.4921       -0.3183      -1.0000  
259    1     0.7052       -0.3424      -1.0000  
260    1     0.5927       -0.4049      -1.0000  
261    1     0.7344       -0.5194      -1.0000  
262    1     0.5184       -0.7092      -1.0000  
263    1     0.5552       -0.5312      -1.0000  
264    1     0.2650       -0.8395      -1.0000  
265    1     0.3459       -0.6639      -1.0000  
266    1     0.1181       -0.7615      -1.0000  
267    1     0.4134       -0.5242      -1.0000  
268    1     0.4508       -0.3980      -1.0000  
269    1     0.2154       -0.6269      -1.0000  
270    1     0.2829       -0.4872      -1.0000  
271    1     0.0973       -0.5653      -1.0000  
272    1     0.3477       -0.3748      -1.0000  
273    1     0.1829       -0.4424      -1.0000  
274    1     0.0000       1.0000       0.0000   
275    1     -0.2938      0.9559       0.0000   
276    1     -0.5811      0.8138       0.0000   
277    1     -0.8138      0.5811       0.0000   
278    1     -0.9559      0.2938       0.0000   
279    1     -1.0000      0.0000       0.0000   
280    1     -1.0000      0.0000       -0.2500  
281    1     -1.0000      0.0000       -0.5000  
282    1     -1.0000      0.0000       -0.7500  
283    1     0.0000       1.0000       -0.7500  
284    1     0.0000       1.0000       -0.5000  
285    1     0.0000       1.0000       -0.2500  
286    1     -0.2938      0.9559       -0.2500  
287    1     -0.5811      0.8138       -0.2500  
288    1     -0.8138      0.5811       -0.2500  
289    1     -0.9559      0.2938       -0.2500  
290    1     -0.2938      0.9559       -0.5000  
291    1     -0.5811      0.8138       -0.5000  
292    1     -0.8138      0.5811       -0.5000  
293    1     -0.9559      0.2938       -0.5000  
294    1     -0.2938      0.9559       -0.7500  
295    1     -0.5811      0.8138       -0.7500  
296    1     -0.8138      0.5811       -0.7500  
297    1     -0.9559      0.2938       -0.7500  
298    1     0.2938       0.9559       0.0000   
299    1     0.5811       0.8138       0.0000   
300    1     0.8138       0.5811       0.0000   
301    1     0.9559       0.2938       0.0000   
302    1     1.0000       0.0000       0.0000   
303    1     1.0000       0.0000       -0.2500  
304    1     1.0000       0.0000       -0.5000  
305    1     1.0000       0.0000       -0.7500  
306    1     0.2938       0.9559       -0.2500  
307    1     0.5811       0.8138       -0.2500  
308    1     0.8138       0.5811       -0.2500  
309    1     0.9559       0.2938       -0.2500  
310    1     0.2938       0.9559       -0.5000  
311    1     0.5811       0.8138       -0.5000  
312    1     0.8138       0.5811       -0.5000  
313    1     0.9559       0.2938       -0.5000  
314    1     0.2938       0.9559       -0.7500  
315    1     0.5811       0.8138       -0.7500  
316    1     0.8138       0.5811       -0.7500  
317    1     0.9559       0.2938       -0.7500  
318    1     0.0000       -1.0000      0.0000   
319    1     -0.2938      -0.9559      0.0000   
320    1     -0.5811      -0.8138      0.0000   
321    1     -0.8138      -0.5811      0.0000   
322    1     -0.9559      -0.2938      0.0000   
323    1     0.0000       -1.0000      -0.7500  
324    1     0.0000       -1.0000      -0.5000  
325    1     0.0000       -1.0000      -0.2500  
326    1     -0.2938      -0.9559      -0.2500  
327    1     -0.5811      -0.8138      -0.2500  
328    1     -0.8138      -0.5811      -0.2500  
329    1     -0.9559      -0.2938      -0.2500  
330    1     -0.2938      -0.9559      -0.5000  
331    1     -0.5811      -0.8138      -0.5000  
332    1     -0.8138      -0.5811      -0.5000  
333    1     -0.9559      -0.2938      -0.5000  
334    1     -0.2938      -0.9559      -0.7500  
335    1     -0.5811      -0.8138      -0.7500  
336    1     -0.8138      -0.5811      -0.7500  
337    1     -0.9559      -0.2938      -0.7500  
338    1     0.2938       -0.9559      0.0000   
339    1     0.5811       -0.8138      0.0000   
340    1     0.8138       -0.5811      0.0000   
341    1     0.9559       -0.2938      0.0000   
342    1     0.2938       -0.9559      -0.2500  
343    1     0.5811       -0.8138      -0.2500  
344    1     0.8138       -0.5811      -0.2500  
345    1     0.9559       -0.2938      -0.2500  
346    1     0.2938       -0.9559      -0.5000  
347    1     0.5811       -0.8138      -0.5000  
348    1     0.8138       -0.5811      -0.5000  
349    1     0.9559       -0.2938      -0.5000  
350    1     0.2938       -0.9559      -0.7500  
351    1     0.5811       -0.8138      -0.7500  
352    1     0.8138       -0.5811      -0.7500  
353    1     0.9559       -0.2938      -0.7500  
354    1     -0.1486      0.9889       0.0000   
355    1     -0.4432      0.8964       0.0000   
356    1     -0.7071      0.7071       0.0000   
357    1     -0.8964      0.4432       0.0000   
358    1     -0.9889      0.1486       0.0000   
359    1     -0.2938      0.9559       -0.1250  
360    1     -0.1486      0.9889       -0.2500  
361    1     0.0000       1.0000       -0.1250  
362    1     -0.5811      0.8138       -0.1250  
363    1     -0.4432      0.8964       -0.2500  
364    1     -0.8138      0.5811       -0.1250  
365    1     -0.7071      0.7071       -0.2500  
366    1     -0.9559      0.2938       -0.1250  
367    1     -0.8964      0.4432       -0.2500  
368    1     -1.0000      0.0000       -0.1250  
369    1     -0.9889      0.1486       -0.2500  
370    1     -0.2938      0.9559       -0.3750  
371    1     -0.1486      0.9889       -0.5000  
372    1     0.0000       1.0000       -0.3750  
373    1     -0.5811      0.8138       -0.3750  
374    1     -0.4432      0.8964       -0.5000  
375    1     -0.8138      0.5811       -0.3750  
376    1     -0.7071      0.7071       -0.5000  
377    1     -0.9559      0.2938       -0.3750  
378    1     -0.8964      0.4432       -0.5000  
379    1     -1.0000      0.0000       -0.3750  
380    1     -0.9889      0.1486       -0.5000  
381    1     -0.2938      0.9559       -0.6250  
382    1     -0.1486      0.9889       -0.7500  
383    1     0.0000       1.0000       -0.6250  
384    1     -0.5811      0.8138       -0.6250  
385    1     -0.4432      0.8964       -0.7500  
386    1     -0.8138      0.5811       -0.6250  
387    1     -0.7071      0.7071       -0.7500  
388    1     -0.9559      0.2938       -0.6250  
389    1     -0.8964      0.4432       -0.7500  
390    1     -1.0000      0.0000       -0.6250  
391    1     -0.9889      0.1486       -0.7500  
392    1     -0.2938      0.9559       -0.8750  
393    1     -0.1486      0.9889       -1.0000  
394    1     0.0000       1.0000       -0.8750  
395    1     -0.5811      0.8138       -0.8750  
396    1     -0.4432      0.8964       -1.0000  
397    1     -0.8138      0.5811       -0.8750  
398    1     -0.7071      0.7071       -1.0000  
399    1     -0.9559      0.2938       -0.8750  
400    1     -0.8964      0.4432       -1.0000  
401    1     -1.0000      0.0000       -0.8750  
402    1     -0.9889      0.1486       -1.0000  
403    1     0.1486       0.9889       0.0000   
404    1     0.4432       0.8964       0.0000   
405    1     0.7071       0.7071       0.0000   
406    1     0.8964       0.4432       0.0000   
407    1     0.9889       0.1486       0.0000   
408    1     0.1486       0.9889       -0.2500  
409    1     0.2938       0.9559       -0.1250  
410    1     0.4432       0.8964       -0.2500  
411    1     0.5811       0.8138       -0.1250  
412    1     0.7071       0.7071       -0.2500  
413    1     0.8138       0.5811       -0.1250  
414    1     0.8964       0.4432       -0.2500  
415    1     0.9559       0.2938       -0.1250  
416    1     0.9889       0.1486       -0.2500  
417    1     1.0000       0.0000       -0.1250  
418    1     0.1486       0.9889       -0.5000  
419    1     0.2938       0.9559       -0.3750  
420    1     0.4432       0.8964       -0.5000  
421    1     0.5811       0.8138       -0.3750  
422    1     0.7071       0.7071       -0.5000  
423    1     0.8138       0.5811       -0.3750  
424    1     0.8964       0.4432       -0.5000  
425    1     0.9559       0.2938       -0.3750  
426    1     0.9889       0.1486       -0.5000  
427    1     1.0000       0.0000       -0.3750  
428    1     0.1486       0.9889       -0.7500  
429    1     0.2938       0.9559       -0.6250  
430    1     0.4432       0.8964       -0.7500  
431    1     0.5811       0.8138       -0.6250  
432    1     0.7071       0.7071       -0.7500  
433    1     0.8138       0.5811       -0.6250  
434    1     0.8964       0.4432       -0.7500  
435    1     0.9559       0.2938       -0.6250  
436    1     0.9889       0.1486       -0.7500  
437    1     1.0000       0.0000       -0.6250  
438    1     0.1486       0.9889       -1.0000  
439    1     0.2938       0.9559       -0.8750  
440    1     0.4432       0.8964       -1.0000  
441    1     0.5811       0.8138       -0.8750  
442    1     0.7071       0.7071       -1.0000  
443    1     0.8138       0.5811       -0.8750  
444    1     0.8964       0.4432       -1.0000  
445    1     0.9559       0.2938       -0.8750  
446    1     0.9889       0.1486       -1.0000  
447    1     1.0000       0.0000       -0.8750  
448    1     -0.1486      -0.9889      0.0000   
449    1     -0.4432      -0.8964      0.0000   
450    1     -0.7071      -0.7071      0.0000   
451    1     -0.8964      -0.4432      0.0000   
452    1     -0.9889      -0.1486      0.0000   
453    1     0.0000       -1.0000      -0.1250  
454    1     -0.1486      -0.9889      -0.2500  
455    1     -0.2938      -0.9559      -0.1250  
456    1     -0.4432      -0.8964      -0.2500  
457    1     -0.5811      -0.8138      -0.1250  
458    1     -0.7071      -0.7071      -0.2500  
459    1     -0.8138      -0.5811      -0.1250  
460    1     -0.8964      -0.4432      -0.2500  
461    1     -0.9559      -0.2938      -0.1250  
462    1     -0.9889      -0.1486      -0.2500  
463    1     0.0000       -1.0000      -0.3750  
464    1     -0.1486      -0.9889      -0.5000  
465    1     -0.2938      -0.9559      -0.3750  
466    1     -0.4432      -0.8964      -0.5000  
467    1     -0.5811      -0.8138      -0.3750  
468    1     -0.7071      -0.7071      -0.5000  
469    1     -0.8138      -0.5811      -0.3750  
470    1     -0.8964      -0.4432      -0.5000  
471    1     -0.9559      -0.2938      -0.3750  
472    1     -0.9889      -0.1486      -0.5000  
473    1     0.0000       -1.0000      -0.6250  
474    1     -0.1486      -0.9889      -0.7500  
475    1     -0.2938      -0.9559      -0.6250  
476    1     -0.4432      -0.8964      -0.7500  
477    1     -0.5811      -0.8138      -0.6250  
478    1     -0.7071      -0.7071      -0.7500  
479    1     -0.8138      -0.5811      -0.6250  
480    1     -0.8964      -0.4432      -0.7500  
481    1     -0.9559      -0.2938      -0.6250  
482    1     -0.9889      -0.1486      -0.7500  
483    1     0.0000       -1.0000      -0.8750  
484    1     -0.1486      -0.9889      -1.0000  
485    1     -0.2938      -0.9559      -0.8750  
486    1     -0.4432      -0.8964      -1.0000  
487    1     -0.5811      -0.8138      -0.8750  
488    1     -0.7071      -0.7071      -1.0000  
489    1     -0.8138      -0.5811      -0.8750  
490    1     -0.8964      -0.4432      -1.0000  
491    1     -0.9559      -0.2938      -0.8750  
492    1     -0.9889      -0.1486      -1.0000  
493    1     0.1486       -0.9889      0.0000   
494    1     0.4432       -0.8964      0.0000   
495    1     0.7071       -0.7071      0.0000   
496    1     0.8964       -0.4432      0.0000   
497    1     0.9889       -0.1486      0.0000   
498    1     0.2938       -0.9559      -0.1250  
499    1     0.1486       -0.9889      -0.2500  
500    1     0.5811       -0.8138      -0.1250  
501    1     0.4432       -0.8964      -0.2500  
502    1     0.8138       -0.5811      -0.1250  
503    1     0.7071       -0.7071      -0.2500  
504    1     0.9559       -0.2938      -0.1250  
505    1     0.8964       -0.4432      -0.2500  
506    1     0.9889       -0.1486      -0.2500  
507    1     0.2938       -0.9559      -0.3750  
508    1     0.1486       -0.9889      -0.5000  
509    1     0.5811       -0.8138      -0.3750  
510    1     0.4432       -0.8964      -0.5000  
511    1     0.8138       -0.5811      -0.3750  
512    1     0.7071       -0.7071      -0.5000  
513    1     0.9559       -0.2938      -0.3750  
514    1     0.8964       -0.4432      -0.5000  
515    1     0.9889       -0.1486      -0.5000  
516    1     0.2938       -0.9559      -0.6250  
517    1     0.1486       -0.9889      -0.7500  
518    1     0.5811       -0.8138      -0.6250  
519    1     0.4432       -0.8964      -0.7500  
520    1     0.8138       -0.5811      -0.6250  
521    1     0.7071       -0.7071      -0.7500  
522    1     0.9559       -0.2938      -0.6250  
523    1     0.8964       -0.4432      -0.7500  
524    1     0.9889       -0.1486      -0.7500  
525    1     0.2938       -0.9559      -0.8750  
526    1     0.1486       -0.9889      -1.0000  
527    1     0.5811       -0.8138      -0.8750  
528    1     0.4432       -0.8964      -1.0000  
529    1     0.8138       -0.5811      -0.8750  
530    1     0.7071       -0.7071      -1.0000  
531    1     0.9559       -0.2938      -0.8750  
532    1     0.8964       -0.4432      -1.0000  
533    1     0.9889       -0.1486      -1.0000  
1      1     0.0000       0.0000       1.0000   
2      1     0.0000       0.0000       1.0000   
3      1     0.0000       0.0000       1.0000   
4      1     0.0000       0.0000       1.0000   
5      1     0.0000       0.0000       1.0000   
6      1     0.0000       0.0000       1.0000   
7      1     0.0000       0.0000       1.0000   
8      1     0.0000       0.0000       1.0000   
9      1     0.0000       0.0000       1.0000   
10     1     0.0000       0.0000       1.0000   
11     1     0.0000       0.0000       1.0000   
12     1     0.0000       0.0000       1.0000   
13     1     0.0000       0.0000       1.0000   
14     1     0.0000       0.0000       1.0000   
15     1     0.0000       0.0000       1.0000   
16     1     0.0000       0.0000       1.0000   
17     1     0.0000       0.0000       1.0000   
18     1     0.0000       0.0000       1.0000   
19     1     0.0000       0.0000       1.0000   
20     1     0.0000       0.0000       1.0000   
21     1     0.0000       0.0000       1.0000   
22     1     0.0000       0.0000       1.0000   
23     1     0.0000       0.0000       1.0000   
24     1     0.0000       0.0000       1.0000   
25     1     0.0000       0.0000       1.0000   
26     1     0.0000       0.0000       1.0000   
27     1     0.0000       0.0000       1.0000   
28     1     0.0000       0.0000       1.0000   
29     1     0.0000       0.0000       1.0000   
30     1     0.0000       0.0000       1.0000   
31     1     0.0000       0.0000       1.0000   
32     1     0.0000       0.0000       1.0000   
33     1     0.0000       0.0000       1.0000   
34     1     0.0000       0.0000       1.0000   
35     1     0.0000       0.0000       1.0000   
36     1     0.0000       0.0000       1.0000   
37     1     0.0000       0.0000       1.0000   
38     1     0.0000       0.0000       1.0000   
39     1     0.0000       0.0000       1.0000   
40     1     0.0000       0.0000       1.0000   
41     1     0.0000       0.0000       1.0000   
42     1     0.0000       0.0000       1.0000   
43     1     0.0000       0.0000       1.0000   
44     1     0.0000       0.0000       1.0000   
45     1     0.0000       0.0000       1.0000   
46     1     0.0000       0.0000       1.0000   
47     1     0.0000       0.0000       1.0000   
48     1     0.0000       0.0000       1.0000   
49     1     0.0000       0.0000       1.0000   
50     1     0.0000       0.0000       1.0000   
51     1     0.0000       0.0000       1.0000   
52     1     0.0000       0.0000       1.0000   
53     1     0.0000       0.0000       1.0000   
54     1     0.0000       0.0000       1.0000   
55     1     0.0000       0.0000       1.0000   
56     1     0.0000       0.0000       1.0000   
57     1     0.0000       0.0000       1.0000   
58     1     0.0000       0.0000       1.0000   
59     1     0.0000       0.0000       1.0000   
60     1     0.0000       0.0000       1.0000   
61     1     0.0000       0.0000       1.0000   
62     1     0.0000       0.0000       1.0000   
63     1     0.0000       0.0000       1.0000   
64     1     0.0000       0.0000       1.0000   
65     1     0.0000       0.0000       1.0000   
66     1     0.0000       0.0000       1.0000   
67     1     0.0000       0.0000       1.0000   
68     1     0.0000       0.0000       1.0000   
69     1     0.0000       0.0000       1.0000   
70     1     0.0000       0.0000       1.0000   
71     1     0.0000       0.0000       1.0000   
72     1     0.0000       0.0000       1.0000   
73     1     0.0000       0.0000       1.0000   
74     1     0.0000       0.0000       1.0000   
75     1     0.0000       0.0000       1.0000   
76     1     0.0000       0.0000       1.0000   
77     1     0.0000       0.0000       1.0000   
78     1     0.0000       0.0000       1.0000   
79     1     0.0000       0.0000       1.0000   
80     1     0.0000       0.0000       1.0000   
81     1     0.0000       0.0000       1.0000   
82     1     0.0000       0.0000       1.0000   
83     1     0.0000       0.0000       1.0000   
84     1     0.0000       0.0000       1.0000   
85     1     0.0000       0.0000       1.0000   
86     1     0.0000       0.0000       1.0000   
87     1     0.0000       0.0000       1.0000   
88     1     0.0000       0.0000       1.0000   
89     1     0.0000       0.0000       1.0000   
90     1     0.0000       0.0000       1.0000   
91     1     0.0000       0.0000       1.0000   
92     1     0.0000       0.0000       1.0000   
93     1     0.0000       0.0000       1.0000   
94     1     0.0000       0.0000       1.0000   
95     1     0.0000       0.0000       1.0000   
96     1     0.0000       0.0000       1.0000   
97     1     0.0000       0.0000       1.0000   
98     1     0.0000       0.0000       1.0000   
99     1     0.0000       0.0000       1.0000   
100    1     0.0000       0.0000       1.0000   
101    1     0.0000       0.0000       1.0000   
102    1     0.0000       0.0000       1.0000   
103    1     0.0000       0.0000       1.0000   
104    1     0.0000       0.0000       1.0000   
105    1     0.0000       0.0000       1.0000   
106    1     0.0000       0.0000       1.0000   
107    1     0.0000       0.0000       1.0000   
108    1     0.0000       0.0000       1.0000   
109    1     0.0000       0.0000       1.0000   
110    1     0.0000       0.0000       1.0000   
111    1     0.0000       0.0000       1.0000   
112    1     0.0000       0.0000       1.0000   
113    1     0.0000       0.0000       1.0000   
114    1     0.0000       0.0000       1.0000   
115    1     0.0000       0.0000       1.0000   
116    1     0.0000       0.0000       1.0000   
117    1     0.0000       0.0000       1.0000   
118    1     0.0000       0.0000       1.0000   
119    1     0.0000       0.0000       1.0000   
120    1     0.0000       0.0000       1.0000   
121    1     0.0000       0.0000       1.0000   
122    1     0.0000       0.0000       1.0000   
123    1     0.0000       0.0000       1.0000   
124    1     0.0000       0.0000       1.0000   
125    1     0.0000       0.0000       1.0000   
126    1     0.0000       0.0000       1.0000   
127    1     0.0000       0.0000       1.0000   
128    1     0.0000       0.0000       1.0000   
129    1     0.0000       0.0000       1.0000   
130    1     0.0000       0.0000       1.0000   
131    1     0.0000       0.0000       1.0000   
132    1     0.0000       0.0000       1.0000   
133    1     0.0000       0.0000       1.0000   
134    1     0.0000       0.0000       1.0000   
135    1     0.0000       0.0000       1.0000   
136    1     0.0000       0.0000       1.0000   
137    1     0.0000       0.0000       1.0000   
138    1     0.0000       0.0000       1.0000   
139    1     0.0000       0.0000       1.0000   
140    1     0.0000       0.0000       1.0000   
141    1     0.0000       0.0000       1.0000   
142    1     0.0000       0.0000       1.0000   
143    1     0.0000       0.0000       1.0000   
144    1     0.0000       0.0000       1.0000   
145    1     0.0000       0.0000       1.0000   
146    1     0.0000       0.0000       1.0000   
147    1     0.0000       0.0000       1.0000   
148    1     0.0000       0.0000       1.0000   
149    1     0.0000       0.0000       1.0000   
150    1     0.0000       0.0000       1.0000   
151    1     0.0000       0.0000       1.0000   
152    1     0.0000       0.0000       1.0000   
153    1     0.0000       0.0000       1.0000   
154    1     0.0000       0.0000       1.0000   
155    1     0.0000       0.0000       1.0000   
156    1     0.0000       0.0000       1.0000   
157    1     0.0000       0.0000       1.0000   
158    1     0.0000       0.0000       1.0000   
159    1     0.0000       0.0000       1.0000   
160    1     0.0000       0.0000       1.0000   
161    1     0.0000       0.0000       1.0000   
162    1     0.0000       0.0000       1.0000   
163    1     0.0000       0.0000       1.0000   
164    1     0.0000       0.0000       1.0000   
165    1     0.0000       0.0000       1.0000   
166    1     0.0000       0.0000       1.0000   
167    1     0.0000       0.0000       1.0000   
168    1     0.0000       0.0000       1.0000   
169    1     0.0000       0.0000       1.0000   
170    1     0.0000       0.0000       1.0000   
171    1     0.0000       0.0000       1.0000   
172    1     0.0000       0.0000       1.0000   
173    1     0.0000       0.0000       1.0000   
174    1     0.0000       0.0000       1.0000   
175    1     0.0000       0.0000       1.0000   
176    1     0.0000       0.0000       1.0000   
177    1     0.0000       0.0000       1.0000   
178    1     0.0000       0.0000       1.0000   
179    1     0.0000       0.0000       1.0000   
180    1     0.0000       0.0000       1.0000   
181    1     0.0000       0.0000       1.0000   
182    1     0.0000       0.0000       1.0000   
183    1     0.0000       0.0000       1.0000   
184    1     0.0000       0.0000       1.0000   
185    1     0.0000       0.0000       1.0000   
186    1     0.0000       0.0000       1.0000   
187    1     0.0000       0.0000       1.0000   
188    1     0.0000       0.0000       1.0000   
189    1     0.0000       0.0000       1.0000   
190    1     0.0000       0.0000       1.0000   
191    1     0.0000       0.0000       1.0000   
192    1     0.0000       0.0000       1.0000   
193    1     0.0000       0.0000       1.0000   
194    1     0.0000       0.0000       1.0000   
195    1     0.0000       0.0000       1.0000   
196    1     0.0000       0.0000       1.0000   
197    1     0.0000       0.0000       1.0000   
198    1     0.0000       0.0000       1.0000   
199    1     0.0000       0.0000       1.0000   
200    1     0.0000       0.0000       1.0000   
201    1     0.0000       0.0000       1.0000   
202    1     0.0000       0.0000       1.0000   
203    1     0.0000       0.0000       1.0000   
204    1     0.0000       0.0000       1.0000   
205    1     0.0000       0.0000       1.0000   
206    1     0.0000       0.0000       1.0000   
207    1     0.0000       0.0000       1.0000   
208    1     0.0000       0.0000       1.0000   
209    1     0.0000       0.0000       1.0000   
210    1     0.0000       0.0000       1.0000   
211    1     0.0000       0.0000       1.0000   
212    1     0.0000       0.0000       1.0000   
213    1     0.0000       0.0000       1.0000   
214    1     0.0000       0.0000       1.0000   
215    1     0.0000       0.0000       1.0000   
216    1     0.0000       0.0000       1.0000   
217    1     0.0000       0.0000       1.0000   
218    1     0.0000       0.0000       1.0000   
219    1     0.0000       0.0000       1.0000   
220    1     0.0000       0.0000       1.0000   
221    1     0.0000       0.0000       1.0000   
222    1     0.0000       0.0000       1.0000   
223    1     0.0000       0.0000       1.0000   
224    1     0.0000       0.0000       1.0000   
225    1     0.0000       0.0000       1.0000   
226    1     0.0000       0.0000       1.0000   
227    1     0.0000       0.0000       1.0000   
228    1     0.0000       0.0000       1.0000   
229    1     0.0000       0.0000       1.0000   
230    1     0.0000       0.0000       1.0000   
231    1     0.0000       0.0000       1.0000   
232    1     0.0000       0.0000       1.0000   
233    1     0.0000       0.0000       1.0000   
234    1     0.0000       0.0000       1.0000   
235    1     0.0000       0.0000       1.0000   
236    1     0.0000       0.0000       1.0000   
237    1     0.0000       0.0000       1.0000   
238    1     0.0000       0.0000       1.0000   
239    1     0.0000       0.0000       1.0000   
240    1     0.0000       0.0000       1.0000   
241    1     0.0000       0.0000       1.0000   
242    1     0.0000       0.0000       1.0000   
243    1     0.0000       0.0000       1.0000   
244    1     0.0000       0.0000       1.0000   
245    1     0.0000       0.0000       1.0000   
246    1     0.0000       0.0000       1.0000   
247    1     0.0000       0.0000       1.0000   
248    1     0.0000       0.0000       1.0000   
249    1     0.0000       0.0000       1.0000   
250    1     0.0000       0.0000       1.0000   
251    1     0.0000       0.0000       1.0000   
252    1     0.0000       0.0000       1.0000   
253    1     0.0000       0.0000       1.0000   
254    1     0.0000       0.0000       1.0000   
255    1     0.0000       0.0000       1.0000   
256    1     0.0000       0.0000       1.0000   
257    1     0.0000       0.0000       1.0000   
258    1     0.0000       0.0000       1.0000   
259    1     0.0000       0.0000       1.0000   
260    1     0.0000       0.0000       1.0000   
261    1     0.0000       0.0000       1.0000   
262    1     0.0000       0.0000       1.0000   
263    1     0.0000       0.0000       1.0000   
264    1     0.0000       0.0000       1.0000   
265    1     0.0000       0.0000       1.0000   
266    1     0.0000       0.0000       1.0000   
267    1     0.0000       0.0000       1.0000   
268    1     0.0000       0.0000       1.0000   
269    1     0.0000       0.0000       1.0000   
270    1     0.0000       0.0000       1.0000   
271    1     0.0000       0.0000       1.0000   
272    1     0.0000       0.0000       1.0000   
273    1     0.0000       0.0000       1.0000   
274    1     -0.0000      -1.0000      -0.0000  
275    1     0.2938       -0.9559      -0.0000  
276    1     0.5811       -0.8138      -0.0000  
277    1     0.8138       -0.5811      -0.0000  
278    1     0.9559       -0.2938      -0.0000  
279    1     1.0000       -0.0000      -0.0000  
280    1     1.0000       -0.0000      -0.0000  
281    1     1.0000       -0.0000      -0.0000  
282    1     1.0000       -0.0000      -0.0000  
283    1     1.0000       -0.0000      -0.0000  
284    1     0.9559       -0.2938      -0.0000  
285    1     0.8138       -0.5811      -0.0000  
286    1     0.5811       -0.8138      -0.0000  
287    1     0.2938       -0.9559      -0.0000  
288    1     -0.0000      -1.0000      -0.0000  
289    1     -0.0000      -1.0000      -0.0000  
290    1     -0.0000      -1.0000      -0.0000  
291    1     -0.0000      -1.0000      -0.0000  
292    1     0.2938       -0.9559      -0.0000  
293    1     0.5811       -0.8138      -0.0000  
294    1     0.8138       -0.5811      -0.0000  
295    1     0.9559       -0.2938      -0.0000  
296    1     0.2938       -0.9559      -0.0000  
297    1     0.5811       -0.8138      -0.0000  
298    1     0.8138       -0.5811      -0.0000  
299    1     0.9559       -0.2938      -0.0000  
300    1     0.2938       -0.9559      -0.0000  
301    1     0.5811       -0.8138      -0.0000  
302    1     0.8138       -0.5811      -0.0000  
303    1     0.9559       -0.2938      -0.0000  
304    1     -0.2938      -0.9559      -0.0000  
305    1     -0.5811      -0.8138      -0.0000  
306    1     -0.8138      -0.5811      -0.0000  
307    1     -0.9559      -0.2938      -0.0000  
308    1     -1.0000      -0.0000      -0.0000  
309    1     -1.0000      -0.0000      -0.0000  
310    1     -1.0000      -0.0000      -0.0000  
311    1     -1.0000      -0.0000      -0.0000  
312    1     -1.0000      -0.0000      -0.0000  
313    1     -0.9559      -0.2938      -0.0000  
314    1     -0.8138      -0.5811      -0.0000  
315    1     -0.5811      -0.8138      -0.0000  
316    1     -0.2938      -0.9559      -0.0000  
317    1     -0.2938      -0.9559      -0.0000  
318    1     -0.5811      -0.8138      -0.0000  
319    1     -0.8138      -0.5811      -0.0000  
320    1     -0.9559      -0.2938      -0.0000  
321    1     -0.2938      -0.9559      -0.0000  
322    1     -0.5811      -0.8138      -0.0000  
323    1     -0.8138      -0.5811      -0.0000  
324    1     -0.9559      -0.2938      -0.0000  
325    1     -0.2938      -0.9559      -0.0000  
326    1     -0.5811      -0.8138      -0.0000  
327    1     -0.8138      -0.5811      -0.0000  
328    1     -0.9559      -0.2938      -0.0000  
329    1     -0.0000      1.0000       -0.0000  
330    1     0.2938       0.9559       -0.0000  
331    1     0.5811       0.8138       -0.0000  
332    1     0.8138       0.5811       -0.0000  
333    1     0.9559       0.2938       -0.0000  
334    1     0.9559       0.2938       -0.0000  
335    1     0.8138       0.5811       -0.0000  
336    1     0.5811       0.8138       -0.0000  
337    1     0.2938       0.9559       -0.0000  
338    1     -0.0000      1.0000       -0.0000  
339    1     -0.0000      1.0000       -0.0000  
340    1     -0.0000      1.0000       -0.0000  
341    1     -0.0000      1.0000       -0.0000  
342    1     0.2938       0.9559       -0.0000  
343    1     0.5811       0.8138       -0.0000  
344    1     0.8138       0.5811       -0.0000  
345    1     0.9559       0.2938       -0.0000  
346    1     0.2938       0.9559       -0.0000  
347    1     0.5811       0.8138       -0.0000  
348    1     0.8138       0.5811       -0.0000  
349    1     0.9559       0.2938       -0.0000  
350    1     0.2938       0.9559       -0.0000  
351    1     0.5811       0.8138       -0.0000  
352    1     0.8138       0.5811       -0.0000  
353    1     0.9559       0.2938       -0.0000  
354    1     -0.2938      0.9559       -0.0000  
355    1     -0.5811      0.8138       -0.0000  
356    1     -0.8138      0.5811       -0.0000  
357    1     -0.9559      0.2938       -0.0000  
358    1     -0.9559      0.2938       -0.0000  
359    1     -0.8138      0.5811       -0.0000  
360    1     -0.5811      0.8138       -0.0000  
361    1     -0.2938      0.9559       -0.0000  
362    1     -0.2938      0.9559       -0.0000  
363    1     -0.5811      0.8138       -0.0000  
364    1     -0.8138      0.5811       -0.0000  
365    1     -0.9559      0.2938       -0.0000  
366    1     -0.2938      0.9559       -0.0000  
367    1     -0.5811      0.8138       -0.0000  
368    1     -0.8138      0.5811       -0.0000  
369    1     -0.9559      0.2938       -0.0000  
370    1     -0.2938      0.9559       -0.0000  
371    1     -0.5811      0.8138       -0.0000  
372    1     -0.8138      0.5811       -0.0000  
373    1     -0.9559      0.2938       -0.0000  
374    1     0.1486       -0.9889      -0.0000  
375    1     0.4432       -0.8964      -0.0000  
376    1     0.7071       -0.7071      -0.0000  
377    1     0.8964       -0.4432      -0.0000  
378    1     0.9889       -0.1486      -0.0000  
379    1     0.2938       -0.9559      -0.0000  
380    1     0.1486       -0.9889      -0.0000  
381    1     -0.0000      -1.0000      -0.0000  
382    1     0.5811       -0.8138      -0.0000  
383    1     0.4432       -0.8964      -0.0000  
384    1     0.8138       -0.5811      -0.0000  
385    1     0.7071       -0.7071      -0.0000  
386    1     0.9559       -0.2938      -0.0000  
387    1     0.8964       -0.4432      -0.0000  
388    1     1.0000       -0.0000      -0.0000  
389    1     0.9889       -0.1486      -0.0000  
390    1     0.2938       -0.9559      -0.0000  
391    1     0.1486       -0.9889      -0.0000  
392    1     -0.0000      -1.0000      -0.0000  
393    1     0.5811       -0.8138      -0.0000  
394    1     0.4432       -0.8964      -0.0000  
395    1     0.8138       -0.5811      -0.0000  
396    1     0.7071       -0.7071      -0.0000  
397    1     0.9559       -0.2938      -0.0000  
398    1     0.8964       -0.4432      -0.0000  
399    1     1.0000       -0.0000      -0.0000  
400    1     0.9889       -0.1486      -0.0000  
401    1     0.2938       -0.9559      -0.0000  
402    1     0.1486       -0.9889      -0.0000  
403    1     -0.0000      -1.0000      -0.0000  
404    1     0.5811       -0.8138      -0.0000  
405    1     0.4432       -0.8964      -0.0000  
406    1     0.8138       -0.5811      -0.0000  
407    1     0.7071       -0.7071      -0.0000  
408    1     0.9559       -0.2938      -0.0000  
409    1     0.8964       -0.4432      -0.0000  
410    1     1.0000       -0.0000      -0.0000  
411    1     0.9889       -0.1486      -0.0000  
412    1     0.2938       -0.9559      -0.0000  
413    1     0.1486       -0.9889      -0.0000  
414    1     -0.0000      -1.0000      -0.0000  
415    1     0.5811       -0.8138      -0.0000  
416    1     0.4432       -0.8964      -0.0000  
417    1     0.8138       -0.5811      -0.0000  
418    1     0.7071       -0.7071      -0.0000  
419    1     0.9559       -0.2938      -0.0000  
420    1     0.8964       -0.4432      -0.0000  
421    1     1.0000       -0.0000      -0.0000  
422    1     0.9889       -0.1486      -0.0000  
423    1     -0.1486      -0.9889      -0.0000  
424    1     -0.4432      -0.8964      -0.0000  
425    1     -0.7071      -0.7071      -0.0000  
426    1     -0.8964      -0.4432      -0.0000  
427    1     -0.9889      -0.1486      -0.0000  
428    1     -0.1486      -0.9889      -0.0000  
429    1     -0.2938      -0.9559      -0.0000  
430    1     -0.4432      -0.8964      -0.0000  
431    1     -0.5811      -0.8138      -0.0000  
432    1     -0.7071      -0.7071      -0.0000  
433    1     -0.8138      -0.5811      -0.0000  
434    1     -0.8964      -0.4432      -0.0000  
435    1     -0.9559      -0.2938      -0.0000  
436    1     -0.9889      -0.1486      -0.0000  
437    1     -1.0000      -0.0000      -0.0000  
438    1     -0.1486      -0.9889      -0.0000  
439    1     -0.2938      -0.9559      -0.0000  
440    1     -0.4432      -0.8964      -0.0000  
441    1     -0.5811      -0.8138      -0.0000  
442    1     -0.7071      -0.7071      -0.0000  
443    1     -0.8138      -0.5811      -0.0000  
444    1     -0.8964      -0.4432      -0.0000  
445    1     -0.9559      -0.2938      -0.0000  
446    1     -0.9889      -0.1486      -0.0000  
447    1     -1.0000      -0.0000      -0.0000  
448    1     -0.1486      -0.9889      -0.0000  
449    1     -0.2938      -0.9559      -0.0000  
450    1     -0.4432      -0.8964      -0.0000  
451    1     -0.5811      -0.8138      -0.0000  
452    1     -0.7071      -0.7071      -0.0000  
453    1     -0.8138      -0.5811      -0.0000  
454    1     -0.8964      -0.4432      -0.0000  
455    1     -0.9559      -0.2938      -0.0000  
456    1     -0.9889      -0.1486      -0.0000  
457    1     -1.0000      -0.0000      -0.0000  
458    1     -0.1486      -0.9889      -0.0000  
459    1     -0.2938      -0.9559      -0.0000  
460    1     -0.4432      -0.8964      -0.0000  
461    1     -0.5811      -0.8138      -0.0000  
462    1     -0.7071      -0.7071      -0.0000  
463    1     -0.8138      -0.5811      -0.0000  
464    1     -0.8964      -0.4432      -0.0000  
465    1     -0.9559      -0.2938      -0.0000  
466    1     -0.9889      -0.1486      -0.0000  
467    1     -1.0000      -0.0000      -0.0000  
468    1     0.1486       0.9889       -0.0000  
469    1     0.4432       0.8964       -0.0000  
470    1     0.7071       0.7071       -0.0000  
471    1     0.8964       0.4432       -0.0000  
472    1     0.9889       0.1486       -0.0000  
473    1     -0.0000      1.0000       -0.0000  
474    1     0.1486       0.9889       -0.0000  
475    1     0.2938       0.9559       -0.0000  
476    1     0.4432       0.8964       -0.0000  
477    1     0.5811       0.8138       -0.0000  
478    1     0.7071       0.7071       -0.0000  
479    1     0.8138       0.5811       -0.0000  
480    1     0.8964       0.4432       -0.0000  
481    1     0.9559       0.2938       -0.0000  
482    1     0.9889       0.1486       -0.0000  
483    1     -0.0000      1.0000       -0.0000  
484    1     0.1486       0.9889       -0.0000  
485    1     0.2938       0.9559       -0.0000  
486    1     0.4432       0.8964       -0.0000  
487    1     0.5811       0.8138       -0.0000  
488    1     0.7071       0.7071       -0.0000  
489    1     0.8138       0.5811       -0.0000  
490    1     0.8964       0.4432       -0.0000  
491    1     0.9559       0.2938       -0.0000  
492    1     0.9889       0.1486       -0.0000  
493    1     -0.0000      1.0000       -0.0000  
494    1     0.1486       0.9889       -0.0000  
495    1     0.2938       0.9559       -0.0000  
496    1     0.4432       0.8964       -0.0000  
497    1     0.5811       0.8138       -0.0000  
498    1     0.7071       0.7071       -0.0000  
499    1     0.8138       0.5811       -0.0000  
500    1     0.8964       0.4432       -0.0000  
501    1     0.9559       0.2938       -0.0000  
502    1     0.9889       0.1486       -0.0000  
503    1     -0.0000      1.0000       -0.0000  
504    1     0.1486       0.9889       -0.0000  
505    1     0.2938       0.9559       -0.0000  
506    1     0.4432       0.8964       -0.0000  
507    1     0.5811       0.8138       -0.0000  
508    1     0.7071       0.7071       -0.0000  
509    1     0.8138       0.5811       -0.0000  
510    1     0.8964       0.4432       -0.0000  
511    1     0.9559       0.2938       -0.0000  
512    1     0.9889       0.1486       -0.0000  
513    1     -0.1486      0.9889       -0.0000  
514    1     -0.4432      0.8964       -0.0000  
515    1     -0.7071      0.7071       -0.0000  
516    1     -0.8964      0.4432       -0.0000  
517    1     -0.9889      0.1486       -0.0000  
518    1     -0.2938      0.9559       -0.0000  
519    1     -0.1486      0.9889       -0.0000  
520    1     -0.5811      0.8138       -0.0000  
521    1     -0.4432      0.8964       -0.0000  
522    1     -0.8138      0.5811       -0.0000  
523    1     -0.7071      0.7071       -0.0000  
524    1     -0.9559      0.2938       -0.0000  
525    1     -0.8964      0.4432       -0.0000  
526    1     -0.9889      0.1486       -0.0000  
527    1     -0.2938      0.9559       -0.0000  
528    1     -0.1486      0.9889       -0.0000  
529    1     -0.5811      0.8138       -0.0000  
530    1     -0.4432      0.8964       -0.0000  
531    1     -0.8138      0.5811       -0.0000  
532    1     -0.7071      0.7071       -0.0000  
533    1     -0.9559      0.2938       -0.0000  
534    1     -0.8964      0.4432       -0.0000  
535    1     -0.9889      0.1486       -0.0000  
536    1     -0.2938      0.9559       -0.0000  
537    1     -0.1486      0.9889       -0.0000  
538    1     -0.5811      0.8138       -0.0000  
539    1     -0.4432      0.8964       -0.0000  
540    1     -0.8138      0.5811       -0.0000  
541    1     -0.7071      0.7071       -0.0000  
542    1     -0.9559      0.2938       -0.0000  
543    1     -0.8964      0.4432       -0.0000  
544    1     -0.9889      0.1486       -0.0000  
545    1     -0.2938      0.9559       -0.0000  
546    1     -0.1486      0.9889       -0.0000  
547    1     -0.5811      0.8138       -0.0000  
548    1     -0.4432      0.8964       -0.0000  
549    1     -0.8138      0.5811       -0.0000  
550    1     -0.7071      0.7071       -0.0000  
551    1     -0.9559      0.2938       -0.0000  
552    1     -0.8964      0.4432       -0.0000  
553    1     -0.9889      0.1486       -0.0000  
1         8
15    101    16    102    23    103    22    104
2         8
16    105    7    106    8    107    23    102
3         8
22    103    23    108    24    109    21    110
4         8
23    107    8    111    9    112    24    108
5         8
21    109    24    113    18    114    17    115
6         8
24    112    9    116    10    117    18    113
7         8
10    118    11    119    25    120    18    117
8         8
11    121    12    122    26    123    25    119
9         8
12    124    1    100    2    125    26    122
10        8
18    120    25    126    19    127    17    114
11        8
25    123    26    128    20    129    19    126
12        8
26    125    2    99    3    130    20    128
13        8
3    98    4    131    27    132    20    130
14        8
4    97    5    133    28    134    27    131
15        8
5    96    6    135    13    136    28    133
16        8
20    132    27    137    29    138    19    129
17        8
27    134    28    139    30    140    29    137
18        8
28    136    13    141    14    142    30    139
19        8
19    138    29    143    21    115    17    127
20        8
29    140    30    144    22    110    21    143
21        8
30    142    14    145    15    104    22    144
22        8
16    101    15    151    46    152    47    153
23        8
7    105    16    153    47    154    36    155
24        8
47    152    46    156    45    157    48    158
25        8
36    154    47    158    48    159    37    160
26        8
48    157    45    161    41    162    42    163
27        8
37    159    48    163    42    164    38    165
28        8
39    166    38    164    42    167    49    168
29        8
40    169    39    168    49    170    50    171
30        8
31    172    40    171    50    173    32    150
31        8
49    167    42    162    41    174    43    175
32        8
50    170    49    175    43    176    44    177
33        8
32    173    50    177    44    178    33    149
34        8
34    148    33    178    44    179    51    180
35        8
35    147    34    180    51    181    52    182
36        8
6    146    35    182    52    183    13    135
37        8
51    179    44    176    43    184    53    185
38        8
52    181    51    185    53    186    54    187
39        8
13    183    52    187    54    188    14    141
40        8
53    184    43    174    41    161    45    189
41        8
54    186    53    189    45    156    46    190
42        8
14    188    54    190    46    151    15    145
43        8
63    196    62    197    69    198    70    199
44        8
7    200    63    199    70    201    8    106
45        8
70    198    69    202    68    203    71    204
46        8
8    201    70    204    71    205    9    111
47        8
71    203    68    206    64    207    65    208
48        8
9    205    71    208    65    209    10    116
49        8
11    118    10    209    65    210    72    211
50        8
12    121    11    211    72    212    73    213
51        8
1    124    12    213    73    214    55    195
52        8
72    210    65    207    64    215    66    216
53        8
73    212    72    216    66    217    67    218
54        8
55    214    73    218    67    219    56    194
55        8
57    193    56    219    67    220    74    221
56        8
58    192    57    221    74    222    75    223
57        8
59    191    58    223    75    224    60    225
58        8
74    220    67    217    66    226    76    227
59        8
75    222    74    227    76    228    77    229
60        8
60    224    75    229    77    230    61    231
61        8
76    226    66    215    64    206    68    232
62        8
77    228    76    232    68    202    69    233
63        8
61    230    77    233    69    197    62    234
64        8
62    196    63    240    88    241    87    242
65        8
63    200    7    155    36    243    88    240
66        8
87    241    88    244    89    245    86    246
67        8
88    243    36    160    37    247    89    244
68        8
86    245    89    248    83    249    82    250
69        8
89    247    37    165    38    251    83    248
70        8
38    166    39    252    90    253    83    251
71        8
39    169    40    254    91    255    90    252
72        8
40    172    31    239    78    256    91    254
73        8
83    253    90    257    84    258    82    249
74        8
90    255    91    259    85    260    84    257
75        8
91    256    78    238    79    261    85    259
76        8
79    237    80    262    92    263    85    261
77        8
80    236    81    264    93    265    92    262
78        8
81    235    59    225    60    266    93    264
79        8
85    263    92    267    94    268    84    260
80        8
92    265    93    269    95    270    94    267
81        8
93    266    60    231    61    271    95    269
82        8
84    268    94    272    86    250    82    258
83        8
94    270    95    273    87    246    86    272
84        8
95    271    61    234    62    242    87    273
85        8
274    354    275    359    286    360    285    361
86        8
275    355    276    362    287    363    286    359
87        8
276    356    277    364    288    365    287    362
88        8
277    357    278    366    289    367    288    364
89        8
278    358    279    368    280    369    289    366
90        8
285    360    286    370    290    371    284    372
91        8
286    363    287    373    291    374    290    370
92        8
287    365    288    375    292    376    291    373
93        8
288    367    289    377    293    378    292    375
94        8
289    369    280    379    281    380    293    377
95        8
284    371    290    381    294    382    283    383
96        8
290    374    291    384    295    385    294    381
97        8
291    376    292    386    296    387    295    384
98        8
292    378    293    388    297    389    296    386
99        8
293    380    281    390    282    391    297    388
100       8
283    382    294    392    5    393    6    394
101       8
294    385    295    395    4    396    5    392
102       8
295    387    296    397    3    398    4    395
103       8
296    389    297    399    2    400    3    397
104       8
297    391    282    401    1    402    2    399
105       8
298    403    274    361    285    408    306    409
106       8
299    404    298    409    306    410    307    411
107       8
300    405    299    411    307    412    308    413
108       8
301    406    300    413    308    414    309    415
109       8
302    407    301    415    309    416    303    417
110       8
306    408    285    372    284    418    310    419
111       8
307    410    306    419    310    420    311    421
112       8
308    412    307    421    311    422    312    423
113       8
309    414    308    423    312    424    313    425
114       8
303    416    309    425    313    426    304    427
115       8
310    418    284    383    283    428    314    429
116       8
311    420    310    429    314    430    315    431
117       8
312    422    311    431    315    432    316    433
118       8
313    424    312    433    316    434    317    435
119       8
304    426    313    435    317    436    305    437
120       8
314    428    283    394    6    438    35    439
121       8
315    430    314    439    35    440    34    441
122       8
316    432    315    441    34    442    33    443
123       8
317    434    316    443    33    444    32    445
124       8
305    436    317    445    32    446    31    447
125       8
319    448    318    453    325    454    326    455
126       8
320    449    319    455    326    456    327    457
127       8
321    450    320    457    327    458    328    459
128       8
322    451    321    459    328    460    329    461
129       8
279    452    322    461    329    462    280    368
130       8
326    454    325    463    324    464    330    465
131       8
327    456    326    465    330    466    331    467
132       8
328    458    327    467    331    468    332    469
133       8
329    460    328    469    332    470    333    471
134       8
280    462    329    471    333    472    281    379
135       8
330    464    324    473    323    474    334    475
136       8
331    466    330    475    334    476    335    477
137       8
332    468    331    477    335    478    336    479
138       8
333    470    332    479    336    480    337    481
139       8
281    472    333    481    337    482    282    390
140       8
334    474    323    483    59    484    58    485
141       8
335    476    334    485    58    486    57    487
142       8
336    478    335    487    57    488    56    489
143       8
337    480    336    489    56    490    55    491
144       8
282    482    337    491    55    492    1    401
145       8
318    493    338    498    342    499    325    453
146       8
338    494    339    500    343    501    342    498
147       8
339    495    340    502    344    503    343    500
148       8
340    496    341    504    345    505    344    502
149       8
341    497    302    417    303    506    345    504
150       8
325    499    342    507    346    508    324    463
151       8
342    501    343    509    347    510    346    507
152       8
343    503    344    511    348    512    347    509
153       8
344    505    345    513    349    514    348    511
154       8
345    506    303    427    304    515    349    513
155       8
324    508    346    516    350    517    323    473
156       8
346    510    347    518    351    519    350    516
157       8
347    512    348    520    352    521    351    518
158       8
348    514    349    522    353    523    352    520
159       8
349    515    304    437    305    524    353    522
160       8
323    517    350    525    81    526    59    483
161       8
350    519    351    527    80    528    81    525
162       8
351    521    352    529    79    530    80    527
163       8
352    523    353    531    78    532    79    529
164       8
353    524    305    447    31    533    78    531
1         8
15    101    16    102    23    103    22    104
2         8
16    105    7    106    8    107    23    102
3         8
22    103    23    108    24    109    21    110
4         8
23    107    8    111    9    112    24    108
5         8
21    109    24    113    18    114    17    115
6         8
24    112    9    116    10    117    18    113
7         8
10    118    11    119    25    120    18    117
8         8
11    121    12    122    26    123    25    119
9         8
12    124    1    100    2    125    26    122
10        8
18    120    25    126    19    127    17    114
11        8
25    123    26    128    20    129    19    126
12        8
26    125    2    99    3    130    20    128
13        8
3    98    4    131    27    132    20    130
14        8
4    97    5    133    28    134    27    131
15        8
5    96    6    135    13    136    28    133
16        8
20    132    27    137    29    138    19    129
17        8
27    134    28    139    30    140    29    137
18        8
28    136    13    141    14    142    30    139
19        8
19    138    29    143    21    115    17    127
20        8
29    140    30    144    22    110    21    143
21        8
30    142    14    145    15    104    22    144
22        8
16    101    15    151    46    152    47    153
23        8
7    105    16    153    47    154    36    155
24        8
47    152    46    156    45    157    48    158
25        8
36    154    47    158    48    159    37    160
26        8
48    157    45    161    41    162    42    163
27        8
37    159    48    163    42    164    38    165
28        8
39    166    38    164    42    167    49    168
29        8
40    169    39    168    49    170    50    171
30        8
31    172    40    171    50    173    32    150
31        8
49    167    42    162    41    174    43    175
32        8
50    170    49    175    43    176    44    177
33        8
32    173    50    177    44    178    33    149
34        8
34    148    33    178    44    179    51    180
35        8
35    147    34    180    51    181    52    182
36        8
6    146    35    182    52    183    13    135
37        8
51    179    44    176    43    184    53    185
38        8
52    181    51    185    53    186    54    187
39        8
13    183    52    187    54    188    14    141
40        8
53    184    43    174    41    161    45    189
41        8
54    186    53    189    45    156    46    190
42        8
14    188    54    190    46    151    15    145
43        8
63    196    62    197    69    198    70    199
44        8
7    200    63    199    70    201    8    106
45        8
70    198    69    202    68    203    71    204
46        8
8    201    70    204    71    205    9    111
47        8
71    203    68    206    64    207    65    208
48        8
9    205    71    208    65    209    10    116
49        8
11    118    10    209    65    210    72    211
50        8
12    121    11    211    72    212    73    213
51        8
1    124    12    213    73    214    55    195
52        8
72    210    65    207    64    215    66    216
53        8
73    212    72    216    66    217    67    218
54        8
55    214    73    218    67    219    56    194
55        8
57    193    56    219    67    220    74    221
56        8
58    192    57    221    74    222    75    223
57        8
59    191    58    223    75    224    60    225
58        8
74    220    67    217    66    226    76    227
59        8
75    222    74    227    76    228    77    229
60        8
60    224    75    229    77    230    61    231
61        8
76    226    66    215    64    206    68    232
62        8
77    228    76    232    68    202    69    233
63        8
61    230    77    233    69    197    62    234
64        8
62    196    63    240    88    241    87    242
65        8
63    200    7    155    36    243    88    240
66        8
87    241    88    244    89    245    86    246
67        8
88    243    36    160    37    247    89    244
68        8
86    245    89    248    83    249    82    250
69        8
89    247    37    165    38    251    83    248
70        8
38    166    39    252    90    253    83    251
71        8
39    169    40    254    91    255    90    252
72        8
40    172    31    239    78    256    91    254
73        8
83    253    90    257    84    258    82    249
74        8
90    255    91    259    85    260    84    257
75        8
91    256    78    238    79    261    85    259
76        8
79    237    80    262    92    263    85    261
77        8
80    236    81    264    93    265    92    262
78        8
81    235    59    225    60    266    93    264
79        8
85    263    92    267    94    268    84    260
80        8
92    265    93    269    95    270    94    267
81        8
93    266    60    231    61    271    95    269
82        8
84    268    94    272    86    250    82    258
83        8
94    270    95    273    87    246    86    272
84        8
95    271    61    234    62    242    87    273
85        8
274    374    275    379    292    380    291    381
86        8
275    375    276    382    293    383    292    379
87        8
276    376    277    384    294    385    293    382
88        8
277    377    278    386    295    387    294    384
89        8
278    378    279    388    280    389    295    386
90        8
291    380    292    390    296    391    290    392
91        8
292    383    293    393    297    394    296    390
92        8
293    385    294    395    298    396    297    393
93        8
294    387    295    397    299    398    298    395
94        8
295    389    280    399    281    400    299    397
95        8
290    391    296    401    300    402    289    403
96        8
296    394    297    404    301    405    300    401
97        8
297    396    298    406    302    407    301    404
98        8
298    398    299    408    303    409    302    406
99        8
299    400    281    410    282    411    303    408
100       8
289    402    300    412    287    413    288    414
101       8
300    405    301    415    286    416    287    412
102       8
301    407    302    417    285    418    286    415
103       8
302    409    303    419    284    420    285    417
104       8
303    411    282    421    283    422    284    419
105       8
304    423    274    381    291    428    317    429
106       8
305    424    304    429    317    430    318    431
107       8
306    425    305    431    318    432    319    433
108       8
307    426    306    433    319    434    320    435
109       8
308    427    307    435    320    436    309    437
110       8
317    428    291    392    290    438    321    439
111       8
318    430    317    439    321    440    322    441
112       8
319    432    318    441    322    442    323    443
113       8
320    434    319    443    323    444    324    445
114       8
309    436    320    445    324    446    310    447
115       8
321    438    290    403    289    448    325    449
116       8
322    440    321    449    325    450    326    451
117       8
323    442    322    451    326    452    327    453
118       8
324    444    323    453    327    454    328    455
119       8
310    446    324    455    328    456    311    457
120       8
325    448    289    414    288    458    316    459
121       8
326    450    325    459    316    460    315    461
122       8
327    452    326    461    315    462    314    463
123       8
328    454    327    463    314    464    313    465
124       8
311    456    328    465    313    466    312    467
125       8
330    468    329    473    341    474    342    475
126       8
331    469    330    475    342    476    343    477
127       8
332    470    331    477    343    478    344    479
128       8
333    471    332    479    344    480    345    481
129       8
279    472    333    481    345    482    280    388
130       8
342    474    341    483    340    484    346    485
131       8
343    476    342    485    346    486    347    487
132       8
344    478    343    487    347    488    348    489
133       8
345    480    344    489    348    490    349    491
134       8
280    482    345    491    349    492    281    399
135       8
346    484    340    493    339    494    350    495
136       8
347    486    346    495    350    496    351    497
137       8
348    488    347    497    351    498    352    499
138       8
349    490    348    499    352    500    353    501
139       8
281    492    349    501    353    502    282    410
140       8
350    494    339    503    338    504    337    505
141       8
351    496    350    505    337    506    336    507
142       8
352    498    351    507    336    508    335    509
143       8
353    500    352    509    335    510    334    511
144       8
282    502    353    511    334    512    283    421
145       8
329    513    354    518    362    519    341    473
146       8
354    514    355    520    363    521    362    518
147       8
355    515    356    522    364    523    363    520
148       8
356    516    357    524    365    525    364    522
149       8
357    517    308    437    309    526    365    524
150       8
341    519    362    527    366    528    340    483
151       8
362    521    363    529    367    530    366    527
152       8
363    523    364    531    368    532    367    529
153       8
364    525    365    533    369    534    368    531
154       8
365    526    309    447    310    535    369    533
155       8
340    528    366    536    370    537    339    493
156       8
366    530    367    538    371    539    370    536
157       8
367    532    368    540    372    541    371    538
158       8
368    534    369    542    373    543    372    540
159       8
369    535    310    457    311    544    373    542
160       8
339    537    370    545    361    546    338    503
161       8
370    539    371    547    360    548    361    545
162       8
371    541    372    549    359    550    360    547
163       8
372    543    373    551    358    552    359    549
164       8
373    544    311    467    312    553    358    551
