       1 -0.6220037575 -0.2377047618
       2 -0.4427420720 -0.5200785363
       3 -0.1425885876 -0.6868988331
       4 -0.1233220780 -0.6916097494
       5 -0.1415402011 -0.6866888646
       6 -0.4418670639 -0.5202831776
       7 -0.6214043190 -0.2381402401
       8 -0.6151653114 -0.2572787917
       9  0.1903338840 -0.6948839615
      10  0.4993733963 -0.5475176422
      11  0.5138960578 -0.5353497307
      12  0.5000801958 -0.5462859959
      13  0.1913439205 -0.6941656098
      14  0.7054832476 -0.2881800330
      15  0.7837851222  0.0438083927
      16  0.7836765876  0.0618792826
      17  0.7832399919  0.0455050660
      18  0.7056549573 -0.2865923597
      19  0.7204599635  0.3668200677
      20  0.5275394977  0.6461897384
      21  0.5148688442  0.6578379014
      22  0.5256211439  0.6471535235
      23  0.7191867066  0.3683118302
      24  0.2526241383  0.8225725816
      25 -0.0789169537  0.8859777789
      26 -0.0952830087  0.8856535455
      27 -0.0813251918  0.8852765193
      28  0.2503092049  0.8227862199
      29 -0.3974296510  0.8287929830
      30 -0.6866640688  0.6594673541
      31 -0.6983061766  0.6491643692
      32 -0.6882466343  0.6570907176
      33 -0.3995914063  0.8272080459
      34 -0.8938184193  0.4155975595
      35 -1.0176472563  0.1073021955
      36 -1.0205867868  0.0928518100
      37 -1.0174509497  0.1041354770
      38 -0.8946034681  0.4126864978
      39 -1.0412566036 -0.2074430729
      40 -0.9704032079 -0.5284159221
      41 -0.9651504406 -0.5413649742
      42 -0.9682952271 -0.5311303286
      43 -1.0400894739 -0.2105402817
      44 -0.8232177638 -0.8017300270
      45 -0.6007496587 -1.0378971949
      46 -0.5902950340 -1.0460095874
      47 -0.5973731781 -1.0391775241
      48 -0.8203770266 -0.8038335200
      49 -0.3445419032 -1.2019071155
      50 -0.0433373438 -1.3081377460
      51 -0.0310478774 -1.3105820959
      52 -0.0397361068 -1.3076391314
      53 -0.3409189650 -1.2023219642
      54  0.2511562815 -1.3450803563
      55  0.5637541087 -1.3220263446
      56  0.5753857980 -1.3196312690
      57  0.5665929053 -1.3201102022
      58  0.2544936341 -1.3438122824
      59  0.8424055881 -1.2492210027
      60  1.1221496379 -1.1238460577
      61  1.1318695424 -1.1180883299
      62  1.1236503439 -1.1214227441
      63  0.8446374915 -1.2469228541
      64  1.3556905717 -0.9740047222
      65  1.5832952799 -0.7809423862
      66  1.5908955851 -0.7732137006
      67  1.5835156421 -0.7792080890
      68  1.3565288354 -0.9717553435
      69  1.7635258687 -0.5876783354
      70  1.9374633843 -0.3582768550
      71  1.9434135420 -0.3494999159
      72  1.9371842752 -0.3583803748
      73  1.7633680195 -0.5866886619
      74  2.0681140255 -0.1505718444
      75  2.1945994982  0.0883784429
      76  2.1996596363  0.0978582646
      77  2.1952034438  0.0857613922
      78  2.0680509426 -0.1518054033
      79 -0.1219252297 -0.6908960605
      80 -0.1396813641 -0.6854321067
      81 -0.4395271503 -0.5202565116
      82 -0.6193329922 -0.2394324263
      83 -0.6138701968 -0.2581046863
      84  0.5140540268 -0.5337661660
      85  0.4997176367 -0.5442214117
      86  0.1922069428 -0.6921831726
      87  0.7824550433  0.0629194710
      88  0.7812434234  0.0459973742
      89  0.7042643272 -0.2850747139
      90  0.5133015351  0.6574617470
      91  0.5242408884  0.6454293596
      92  0.7171933375  0.3676459643
      93 -0.0959228008  0.8841561492
      94 -0.0803195731  0.8828425355
      95  0.2499788383  0.8204302803
      96 -0.6974477595  0.6477048921
      97 -0.6849446911  0.6563348603
      98 -0.3973217413  0.8253100830
      99 -1.0187104819  0.0926585264
     100 -1.0137409676  0.1067254676
     101 -0.8907877848  0.4134500350
     102 -0.9635212479 -0.5396940459
     103 -0.9668716063 -0.5251628878
     104 -1.0371548168 -0.2061953512
     105 -0.5904078213 -1.0428243083
     106 -0.6006410375 -1.0314597539
     107 -0.8209873338 -0.7967236880
     108 -0.0341092995 -1.3071236223
     109 -0.0491280678 -1.3009746023
     110 -0.3470525573 -1.1947153823
     111  0.5687750866 -1.3178023509
     112  0.5508041971 -1.3179312906
     113  0.2419746866 -1.3388636235
     114  1.1218498463 -1.1202311612
     115  1.1022685884 -1.1274853362
     116  0.8259992398 -1.2482213512
     117  1.5784264681 -0.7819546554
     118  1.5583285850 -0.7975352732
     119  1.3330466448 -0.9831533174
     120  1.9303629999 -0.3675333027
     121  1.9110366827 -0.3931659391
     122  1.7373049027 -0.6122695144
     123  2.1887522537  0.0683777567
     124  2.1720008377  0.0308992603
     125  2.0427369856 -0.1955608536
     126 -0.1191593589 -0.6888992905
     127 -0.1357716266 -0.6826234038
     128 -0.4347249059 -0.5198594772
     129 -0.6149945912 -0.2415438197
     130 -0.6107400771 -0.2597129646
     131  0.5136370203 -0.5304653079
     132  0.4992906727 -0.5394218702
     133  0.1942254671 -0.6878136726
     134  0.7794117574  0.0641912142
     135  0.7769329975  0.0482402975
     136  0.7015930878 -0.2810481842
     137  0.5105799807  0.6554561744
     138  0.5198593524  0.6430730285
     139  0.7122901178  0.3676374991
     140 -0.0956703778  0.8805026012
     141 -0.0810003407  0.8776500984
     142  0.2470715636  0.8162652929
     143 -0.6938076789  0.6454929801
     144 -0.6808654662  0.6522660538
     145 -0.3955890614  0.8201410096
     146 -1.0136946548  0.0943923286
     147 -1.0070455857  0.1073211788
     148 -0.8849984894  0.4113340961
     149 -0.9604694002 -0.5334356030
     150 -0.9616589447 -0.5186392114
     151 -1.0306198534 -0.2026880451
     152 -0.5925924079 -1.0336378623
     153 -0.6011949885 -1.0205265209
     154 -0.8180951432 -0.7877053719
     155 -0.0437512592 -1.2982969079
     156 -0.0585789081 -1.2894170380
     157 -0.3516360714 -1.1828981197
     158  0.5509008132 -1.3136550560
     159  0.5310869628 -1.3109867175
     160  0.2276165044 -1.3288197929
     161  1.0964146146 -1.1256758969
     162  1.0727501632 -1.1312392832
     163  0.8014015555 -1.2456215113
     164  1.5474989518 -0.8023440485
     165  1.5212525431 -0.8186678339
     166  1.2995294576 -0.9943381449
     167  1.8975129468 -0.4084585656
     168  1.8705322296 -0.4386743268
     169  1.6979718308 -0.6440517729
     170  2.1590424176  0.0021009574
     171  2.1340735548 -0.0450714523
     172  2.0025936853 -0.2546097657
     173 -0.1140475408 -0.6847720781
     174 -0.1290597640 -0.6771544933
     175 -0.4263365732 -0.5184615873
     176 -0.6071465325 -0.2444177768
     177 -0.6047441052 -0.2620240565
     178  0.5128958196 -0.5237830860
     179  0.4984002784 -0.5304935342
     180  0.1976196601 -0.6796828904
     181  0.7733576513  0.0674988453
     182  0.7689023558  0.0529514846
     183  0.6966809113 -0.2733459510
     184  0.5040886061  0.6525313849
     185  0.5108199369  0.6395853475
     186  0.7028336475  0.3684329775
     187 -0.0975534597  0.8733095068
     188 -0.0843965127  0.8680917559
     189  0.2401409284  0.8091969888
     190 -0.6892761665  0.6389760335
     191 -0.6758333408  0.6427699275
     192 -0.3948775866  0.8097509807
     193 -1.0049760678  0.0932764876
     194 -0.9958711236  0.1040707767
     195 -0.8764016750  0.4042579334
     196 -0.9524392596 -0.5270505121
     197 -0.9501244474 -0.5124970342
     198 -1.0184314567 -0.2014940250
     199 -0.5906295020 -1.0210484618
     200 -0.5959648881 -1.0059749574
     201 -0.8088375441 -0.7770981622
     202 -0.0520248529 -1.2836935362
     203 -0.0650372231 -1.2710469536
     204 -0.3515388774 -1.1657420098
     205  0.5302710629 -1.3031546265
     206  0.5099390500 -1.2958227326
     207  0.2142702776 -1.3110151981
     208  1.0635294574 -1.1265581449
     209  1.0365256063 -1.1277692523
     210  0.7728952076 -1.2349534279
     211  1.5046322840 -0.8226970973
     212  1.4720993797 -0.8363755664
     213  1.2567118951 -0.9997403043
     214  1.8492336343 -0.4568393237
     215  1.8132098590 -0.4876778164
     216  1.6441982879 -0.6752733082
     217  2.1122389253 -0.0819050002
     218  2.0760214667 -0.1345764482
     219  1.9438674966 -0.3214589132
     220 -0.1059117876 -0.6771858930
     221 -0.1188688087 -0.6675590087
     222 -0.4130407167 -0.5151794100
     223 -0.5942195402 -0.2479902600
     224 -0.5944580451 -0.2649344205
     225  0.5110952290 -0.5123360546
     226  0.4960956470 -0.5160459348
     227  0.2022502392 -0.6661506894
     228  0.7626676965  0.0731455153
     229  0.7553732806  0.0601415151
     230  0.6880011576 -0.2611595054
     231  0.4924293843  0.6476288392
     232  0.4959270520  0.6334944983
     233  0.6871673543  0.3692471949
     234 -0.1018642510  0.8607284422
     235 -0.0902239907  0.8521492811
     236  0.2286638782  0.7973334998
     237 -0.6828142094  0.6264325032
     238 -0.6681398312  0.6264537141
     239 -0.3941428494  0.7922989970
     240 -0.9905447417  0.0884634158
     241 -0.9778206828  0.0969406040
     242 -0.8628380426  0.3914433449
     243 -0.9370648936 -0.5201587167
     244 -0.9300695475 -0.5053030347
     245 -0.9981875210 -0.2019077357
     246 -0.5823819924 -1.0034409902
     247 -0.5835912990 -0.9852434378
     248 -0.7913671450 -0.7628636626
     249 -0.0574483105 -1.2606262658
     250 -0.0682763474 -1.2426100546
     251 -0.3459364126 -1.1402978888
     252  0.5074228622 -1.2827061122
     253  0.4863865780 -1.2687789647
     254  0.2015840677 -1.2819787946
     255  1.0224894938 -1.1184529208
     256  0.9913454719 -1.1130294213
     257  0.7389145519 -1.2123849956
     258  1.4474141687 -0.8377827329
     259  1.4069724811 -0.8460343174
     260  1.2016274958 -0.9950720555
     261  1.7806368801 -0.5067714493
     262  1.7326588448 -0.5347565302
     263  1.5710413354 -0.7009537384
     264  2.0399656050 -0.1775731746
     265  1.9875398939 -0.2315092169
     266  1.8585276360 -0.3903233002
     267 -0.0939829333 -0.6645793813
     268 -0.1042885375 -0.6522689412
     269 -0.3933202648 -0.5091008322
     270 -0.5744837789 -0.2521972996
     271 -0.5782096677 -0.2683269544
     272  0.5073235659 -0.4945514036
     273  0.4915983903 -0.4943390776
     274  0.2082144790 -0.6453620907
     275  0.7454458951  0.0813788995
     276  0.7344036392  0.0703465429
     277  0.6740684732 -0.2432129776
     278  0.4740785034  0.6394165920
     279  0.4733497313  0.6236893502
     280  0.6632367951  0.3697919032
     281 -0.1087586059  0.8406095662
     282 -0.0991112657  0.8276182721
     283  0.2113023011  0.7789134245
     284 -0.6730526145  0.6059989302
     285 -0.6568198096  0.6010385990
     286 -0.3932349782  0.7654125557
     287 -0.9680135853  0.0792047417
     288 -0.9506086375  0.0844880333
     289 -0.8426326824  0.3709287344
     290 -0.9116939803 -0.5120771724
     291 -0.8984936353 -0.4971507806
     292 -0.9671717429 -0.2047530340
     293 -0.5655639708 -0.9787902387
     294 -0.5609675209 -0.9569224960
     295 -0.7625634007 -0.7443677499
     296 -0.0584787479 -1.2259498685
     297 -0.0655316353 -1.2012109442
     298 -0.3318412314 -1.1044327881
     299  0.4829620561 -1.2481621393
     300  0.4625601704 -1.2254379567
     301  0.1920472574 -1.2380949149
     302  0.9727621607 -1.0960851618
     303  0.9384149314 -1.0808241904
     304  0.7011861260 -1.1726943926
     305  1.3737189647 -0.8408035528
     306  1.3256681029 -0.8390977690
     307  1.1348964335 -0.9731047652
     308  1.6870320345 -0.5494003040
     309  1.6263003137 -0.5681669263
     310  1.4773380917 -0.7111480308
     311  1.9333971146 -0.2736470118
     312  1.8620826107 -0.3200912089
     313  1.7423865407 -0.4476657310
     314 -0.0773476593 -0.6453629321
     315 -0.0843558455 -0.6297759510
     316 -0.3656662653 -0.4993651506
     317 -0.5462499939 -0.2569851312
     318 -0.5542621169 -0.2720896458
     319  0.5008277342 -0.4686401590
     320  0.4842764331 -0.4635745947
     321  0.2157218561 -0.6154844745
     322  0.7197286255  0.0928359023
     323  0.7041036548  0.0843366040
     324  0.6535220362 -0.2180838654
     325  0.4470760814  0.6268741994
     326  0.4410586308  0.6093214177
     327  0.6289266311  0.3700552972
     328 -0.1190849075  0.8107241876
     329 -0.1121170531  0.7923516487
     330  0.1863884255  0.7523664814
     331 -0.6592308954  0.5751904116
     332 -0.6413682193  0.5639386908
     333 -0.3924805724  0.7266080784
     334 -0.9351556848  0.0636872399
     335 -0.9121731963  0.0646120323
     336 -0.8144884707  0.3402590941
     337 -0.8731371555 -0.5033340758
     338 -0.8521763191 -0.4889634749
     339 -0.9226931594 -0.2116234292
     340 -0.5365998632 -0.9460472033
     341 -0.5242427491 -0.9203570984
     342 -0.7188326445 -0.7218011642
     343 -0.0516270790 -1.1769268520
     344 -0.0527954643 -1.1443972924
     345 -0.3052732817 -1.0566426837
     346  0.4599393459 -1.1949583660
     347  0.4422436859 -1.1613267714
     348  0.1896014042 -1.1759693427
     349  0.9166388070 -1.0527201388
     350  0.8809652952 -1.0242526840
     351  0.6632747958 -1.1103095750
     352  1.2845812413 -0.8221783162
     353  1.2304169670 -0.8054843349
     354  1.0593399397 -0.9255409048
     355  1.5672780792 -0.5712604153
     356  1.4945726328 -0.5734686449
     357  1.3645980893 -0.6938919336
     358  1.7876908334 -0.3516114975
     359  1.6969650242 -0.3800836898
     360  1.5946290978 -0.4765293200
     361 -0.0551137860 -0.6181024907
     362 -0.0582112498 -0.5988251684
     363 -0.3287890406 -0.4852682817
     364 -0.5080968847 -0.2623118185
     365 -0.5210299331 -0.2761281546
     366  0.4910092307 -0.4328988458
     367  0.4736736718 -0.4221814888
     368  0.2250212611 -0.5749620326
     369  0.6837269561  0.1082770822
     370  0.6628898609  0.1029123972
     371  0.6252752763 -0.1844621712
     372  0.4094540295  0.6092447099
     373  0.3971905881  0.5898371564
     374  0.5823908655  0.3702008475
     375 -0.1339488784  0.7690435927
     376 -0.1304299197  0.7445584407
     377  0.1522860931  0.7164771438
     378 -0.6409901574  0.5314695664
     379 -0.6216746876  0.5127468503
     380 -0.3924808149  0.6736976482
     381 -0.8900806950  0.0397293503
     382 -0.8609350856  0.0350671377
     383 -0.7775708076  0.2970125917
     384 -0.8182797215 -0.4950670961
     385 -0.7882528113 -0.4821473207
     386 -0.8625077866 -0.2244260080
     387 -0.4915997562 -0.9048638806
     388 -0.4696151237 -0.8756241344
     389 -0.6568077262 -0.6959720815
     390 -0.0326515132 -1.1114365299
     391 -0.0256849741 -1.0705602851
     392 -0.2621084446 -0.9962268845
     393  0.4426218219 -1.1189093404
     394  0.4301262930 -1.0727946575
     395  0.1988073600 -1.0930578595
     396  0.8581352299 -0.9816208148
     397  0.8237942308 -0.9370783901
     398  0.6299413106 -1.0204238298
     399  1.1834387947 -0.7717490319
     400  1.1259445341 -0.7354359172
     401  0.9797506685 -0.8446103384
     402  1.4236542092 -0.5573771388
     403  1.3418338570 -0.5358470983
     404  1.2374268642 -0.6372680290
     405  1.6029048523 -0.3898583905
     406  1.4955404485 -0.3895175136
     407  1.4192510453 -0.4590577890
     408 -0.0265262089 -0.5817277993
     409 -0.0251817028 -0.5586232234
     410 -0.2818112544 -0.4663856929
     411 -0.4591040789 -0.2681467260
     412 -0.4773135934 -0.2803701941
     413  0.4775412072 -0.3859246548
     414  0.4596795277 -0.3689693500
     415  0.2364473683 -0.5227348333
     416  0.6360803391  0.1285426820
     417  0.6097199281  0.1269886327
     418  0.5887451161 -0.1412042104
     419  0.3594472223  0.5862095949
     420  0.3401288391  0.5652439671
     421  0.5222323089  0.3707592021
     422 -0.1546830032  0.7140358434
     423 -0.1555469985  0.6830714667
     424  0.1073395345  0.6706813515
     425 -0.6185607874  0.4725190008
     426 -0.5983876109  0.4453173580
     427 -0.3943983316  0.6049838144
     428 -0.8315905350  0.0049059648
     429 -0.7961915909 -0.0067197759
     430 -0.7319108679  0.2387501664
     431 -0.7445109080 -0.4891238595
     432 -0.7044930769 -0.4790105312
     433 -0.7851697183 -0.2456940116
     434 -0.4267655413 -0.8559390631
     435 -0.3934200378 -0.8241122268
     436 -0.5735375477 -0.6688159404
     437  0.0031455787 -1.0285796810
     438  0.0206783751 -0.9796280312
     439 -0.1980655363 -0.9239255829
     440  0.4363762604 -1.0170945212
     441  0.4321096624 -0.9578358804
     442  0.2250531402 -0.9884127847
     443  0.8031849226 -0.8772766071
     444  0.7737951102 -0.8148158365
     445  0.6075532338 -0.8999202085
     446  1.0768178490 -0.6804774950
     447  1.0203502830 -0.6211429986
     448  0.9035502519 -0.7243768254
     449  1.2633725760 -0.4936334795
     450  1.1778786963 -0.4427718775
     451  1.1046483237 -0.5314549665
     452  1.3869555745 -0.3669584925
     453  1.2699947363 -0.3290577031
     454  1.2270744478 -0.3798503347
     455  0.0087382796 -0.5357074893
     456  0.0146995598 -0.5089688498
     457 -0.2246172541 -0.4425605873
     458 -0.3990715114 -0.2744584091
     459 -0.4225276833 -0.2847697381
     460  0.4602106320 -0.3270892706
     461  0.4420344534 -0.3039285251
     462  0.2498276287 -0.4586567852
     463  0.5761437229  0.1539403817
     464  0.5444376835  0.1562677145
     465  0.5436778238 -0.0884613150
     466  0.2963067598  0.5575528708
     467  0.2700639158  0.5351794630
     468  0.4484540698  0.3713563322
     469 -0.1818107132  0.6450064675
     470 -0.1870092837  0.6077893452
     471  0.0519023896  0.6147113776
     472 -0.5920169221  0.3973477887
     473 -0.5710871863  0.3619245656
     474 -0.3977519570  0.5205538242
     475 -0.7592043697 -0.0418645323
     476 -0.7178297521 -0.0602757237
     477 -0.6772172072  0.1658806447
     478 -0.6507348316 -0.4864720734
     479 -0.6011142729 -0.4792087963
     480 -0.6907429723 -0.2749742793
     481 -0.3403230697 -0.7999317358
     482 -0.2959410470 -0.7658734116
     483 -0.4693191155 -0.6401599869
     484  0.0583291387 -0.9284605068
     485  0.0864171374 -0.8720883403
     486 -0.1132967380 -0.8400159497
     487  0.4447383959 -0.8886980482
     488  0.4493026387 -0.8171068804
     489  0.2688626548 -0.8626581521
     490  0.7565905547 -0.7373751592
     491  0.7337088430 -0.6576683433
     492  0.5979212378 -0.7493377448
     493  0.9712715889 -0.5436042743
     494  0.9187781530 -0.4612999886
     495  0.8345192794 -0.5644863641
     496  1.0954901145 -0.3712847030
     497  1.0112805374 -0.2897678127
     498  0.9728765009 -0.3739030379
     499  1.1523798370 -0.2679357614
     500  1.0336439383 -0.1886782692
     501  1.0286955332 -0.2321881342
     502  0.0403207986 -0.5431140157
     503  0.3580788734 -0.4256475331
     504  0.5515077763 -0.1385237917
     505  0.5576968270 -0.1150182231
     506  0.5513587593 -0.1378099557
     507  0.3583823551 -0.4249889822
     508  0.0409521908 -0.5427667607
     509  0.0656468302 -0.5414068381
     510  0.5405606500  0.2154461897
     511  0.3197753935  0.5031465997
     512  0.3004207706  0.5158996605
     513  0.3190414385  0.5032088998
     514  0.5400121734  0.2159331814
     515 -0.0362228263  0.6104469731
     516 -0.3972714555  0.4865424260
     517 -0.4146105540  0.4730159221
     518 -0.3975354237  0.4858504260
     519 -0.0368493302  0.6100548644
     520 -0.6243672216  0.1664604211
     521 -0.6241576287  0.1657494748
     522  0.5572850833 -0.1135776474
     523  0.5507096842 -0.1355538281
     524  0.3591967868 -0.4228076443
     525  0.0428861477 -0.5415066116
     526  0.0668840795 -0.5405979479
     527  0.2989045359  0.5159235233
     528  0.3166572830  0.5032341423
     529  0.5381308478  0.2173677251
     530 -0.4150619710  0.4715544366
     531 -0.3982301512  0.4835360657
     532 -0.0387852917  0.6086348238
     533 -0.6233054408  0.1634734691
     534  0.5560521703 -0.1104871811
     535  0.5489720919 -0.1314245578
     536  0.3602413355 -0.4185063232
     537  0.0462400351 -0.5386981369
     538  0.0694169940 -0.5385445582
     539  0.2955233813  0.5156376944
     540  0.3120925597  0.5027521799
     541  0.5342287132  0.2196778197
     542 -0.4157556454  0.4681668661
     543 -0.3990725854  0.4789063935
     544 -0.0421962366  0.6054779485
     545 -0.6211599098  0.1592193319
     546  0.5532162733 -0.1053495066
     547  0.5452264469 -0.1249037557
     548  0.3610785709 -0.4111501194
     549  0.0511949892 -0.5333479685
     550  0.0733602655 -0.5344149978
     551  0.2896104870  0.5144067151
     552  0.3045154542  0.5010302319
     553  0.5272309592  0.2227495049
     554 -0.4162942819  0.4619655625
     555 -0.3996213318  0.4708781007
     556 -0.0473406545  0.5994764806
     557 -0.6167058334  0.1523374484
     558  0.5476980824 -0.0976144499
     559  0.5383114351 -0.1153374922
     560  0.3611535937 -0.3995603111
     561  0.0579793529 -0.5242014300
     562  0.0788687289 -0.5270608403
     563  0.2802457113  0.5113530097
     564  0.2928777920  0.4971421215
     565  0.5157809253  0.2264381473
     566 -0.4161306078  0.4517246984
     567 -0.3993233295  0.4580814584
     568 -0.0545493283  0.5892322927
     569 -0.6086640734  0.1420039328
     570  0.5382288721 -0.0866374930
     571  0.5269447461 -0.1020080409
     572  0.3598520677 -0.3824376577
     573  0.0668401735 -0.5098738674
     574  0.0861227017 -0.5151322856
     575  0.2663463996  0.5054469858
     576  0.2760218219  0.4900677958
     577  0.4983815669  0.2305856979
     578 -0.4146257336  0.4360024017
     579 -0.3975707336  0.4390059069
     580 -0.0641859031  0.5732042013
     581 -0.5956273737  0.1273058088
     582  0.5234888723 -0.0717532597
     583  0.5098704411 -0.0842192757
     584  0.3565648675 -0.3585173487
     585  0.0780084831 -0.4890105719
     586  0.0953024032 -0.4972263384
     587  0.2467899702  0.4956180143
     588  0.2528212049  0.4788069197
     589  0.4735726834  0.2350283442
     590 -0.4111184565  0.4133008079
     591 -0.3937716896  0.4121755523
     592 -0.0766056259  0.5498867104
     593 -0.5762237618  0.1073494110
     594  0.5022677658 -0.0523642784
     595  0.4860215117 -0.0614003599
     596  0.3507621540 -0.3267406745
     597  0.0916584480 -0.4604657994
     598  0.1065578098 -0.4720595492
     599  0.2205570780  0.4808832638
     600  0.2223334606  0.4625088621
     601  0.4401245323  0.2396158867
     602 -0.4050039471  0.3822537166
     603 -0.3874221550  0.3763504494
     604 -0.0920969319  0.5180100653
     605 -0.5492979700  0.0813830578
     606  0.4736359581 -0.0280396125
     607  0.4546869769 -0.0332117088
     608  0.3420634747 -0.2864366389
     609  0.1078637750 -0.4234867384
     610  0.1199749524 -0.4386534841
     611  0.1868867345  0.4604844953
     612  0.1839677051  0.4405989059
     613  0.3972421095  0.2442177061
     614 -0.3958148848  0.3418297824
     615 -0.3781788257  0.3307331588
     616 -0.1108250698  0.4767449218
     617 -0.5140949861  0.0489299831
     618  0.4371121303  0.0013868382
     619  0.4156660647  0.0003524121
     620  0.3303043464 -0.2374893424
     621  0.1265506831 -0.3778855310
     622  0.1355360677 -0.3965177816
     623  0.1454359210  0.4340175825
     624  0.1376366158  0.4128972131
     625  0.3447552062  0.2487279419
     626 -0.3832941602  0.2915367512
     627 -0.3659185003  0.2751664534
     628 -0.1327671662  0.4258929953
     629 -0.4704279696  0.0099170706
     630  0.4379795296  0.0299572797
     631  0.3866668324 -0.1767388585
     632  0.2479149673 -0.3296817115
     633  0.2556004000 -0.3223645039
     634  0.2369047597 -0.3287721975
     635  0.3763340999 -0.1811635233
     636  0.4307783331  0.0210542834
     637  0.4360406284  0.0398507485
     638  0.2516720563  0.3959573179
     639  0.3896337693  0.2317701817
     640  0.3870559794  0.2203899662
     641  0.2544264097  0.3843737926
     642  0.2429821192  0.3999457731
     643 -0.1546231844  0.4794757557
     644  0.0614632318  0.4816821567
     645  0.0689221296  0.4720882424
     646 -0.1436273541  0.4736962779
     647 -0.1627342169  0.4754548462
     648 -0.4922994746  0.2312106023
     649 -0.3455011563  0.3922773296
     650 -0.3328483397  0.3911763825
     651 -0.4799065675  0.2351622681
     652 -0.4946369803  0.2229758426
     653 -0.5604398471 -0.1870003485
     654 -0.5650081583  0.0329284503
     655 -0.5546069904  0.0412553681
     656 -0.5535112439 -0.1752126603
     657 -0.5565577022 -0.1940958672
     658 -0.3359412038 -0.5521827283
     659 -0.4821276691 -0.3847300061
     660 -0.4793912688 -0.3709668202
     661 -0.3379010803 -0.5378845470
     662 -0.3287625198 -0.5548045990
     663  0.0685306761 -0.7095681208
     664 -0.1509090019 -0.6603090632
     665 -0.1572212649 -0.6468766355
     666  0.0582262041 -0.6982599315
     667  0.0754149149 -0.7073511564
     668  0.4985968353 -0.6174292829
     669  0.2841094557 -0.6943902315
     670  0.2707658600 -0.6859911772
     671  0.4830140358 -0.6126745000
     672  0.5027968391 -0.6119924821
     673  0.8328816540 -0.3219184070
     674  0.6784707579 -0.4941008025
     675  0.6616738377 -0.4930831080
     676  0.8156995955 -0.3248560773
     677  0.8336679627 -0.3153950676
     678  1.0123216234  0.0941655689
     679  0.9405939704 -0.1298110683
     680  0.9237633751 -0.1363165560
     681  0.9964510423  0.0841975780
     682  1.0101534851  0.1001380157
     683  1.0332494840  0.5543935518
     684  1.0409070122  0.3148524761
     685  1.0263160804  0.3020026645
     686  1.0202444982  0.5388767171
     687  1.0290489850  0.5590157059
     688  0.9251664402  1.0105150261
     689  0.9949096793  0.7759333362
     690  0.9834255445  0.7582953891
     691  0.9152170237  0.9909230155
     692  0.9197611812  1.0137248219
     693  0.7299220460  1.4451481935
     694  0.8401826598  1.2207484767
     695  0.8314238885  1.1996063433
     696  0.7221071337  1.4225094741
     697  0.7237770413  1.4473568161
     698  0.4901108942  1.8618855992
     699  0.6196821792  1.6436272942
     700  0.6123124138  1.6197635608
     701  0.4827021212  1.8367687441
     702  0.4833025591  1.8637678722
     703  0.2467390464  2.2667603837
     704  0.3750447022  2.0515887457
     705  0.3671006970  2.0254632314
     706  0.2376024527  2.2396186382
     707  0.2391046748  2.2691183851
     708  0.2336907283 -0.3212255410
     709  0.2046291036 -0.3261101145
     710  0.3458363406 -0.1945194344
     711  0.4096634191 -0.0059458465
     712  0.4222385284  0.0213303134
     713  0.3801033692  0.1858030592
     714  0.2639884727  0.3492858984
     715  0.2497785875  0.3765292544
     716  0.0931069690  0.4434554617
     717 -0.1085401343  0.4573842003
     718 -0.1392185933  0.4648033370
     719 -0.2929318773  0.3899726993
     720 -0.4414587273  0.2502299848
     721 -0.4691425682  0.2330720093
     722 -0.5233101186  0.0702845780
     723 -0.5342604977 -0.1354000495
     724 -0.5437671167 -0.1678129855
     725 -0.4744868349 -0.3254355285
     726 -0.3489039386 -0.4916350582
     727 -0.3357453117 -0.5243128379
     728 -0.1827827033 -0.6046870315
     729  0.0195619316 -0.6644991723
     730  0.0504065912 -0.6848788044
     731  0.2224585791 -0.6632795749
     732  0.4280765086 -0.6035298632
     733  0.4671010539 -0.6053165655
     734  0.6037895971 -0.4976855790
     735  0.7579856804 -0.3438955641
     736  0.7959103679 -0.3267849106
     737  0.8688475274 -0.1682986486
     738  0.9466829839  0.0397065531
     739  0.9771341356  0.0724403821
     740  0.9828142034  0.2471029518
     741  0.9843240443  0.4742861922
     742  1.0044521688  0.5184526109
     743  0.9548424420  0.6858647868
     744  0.8943438585  0.9109970959
     745  0.9042254127  0.9634064727
     746  0.8170509410  1.1133409883
     747  0.7138366965  1.3294862964
     748  0.7155514382  1.3888867715
     749  0.6083729908  1.5204519790
     750  0.4820207959  1.7298805520
     751  0.4789307934  1.7970068776
     752  0.3677445673  1.9112575697
     753  0.2378938196  2.1162084382
     754  0.2341057896  2.1929418560
     755  0.1913672716 -0.3190328227
     756  0.1532748553 -0.3218839212
     757  0.2973542662 -0.2157006529
     758  0.3760698252 -0.0487340831
     759  0.3955778214 -0.0146463401
     760  0.3689243389  0.1310052130
     761  0.2789171382  0.2936692155
     762  0.2632373958  0.3310429519
     763  0.1311481039  0.3979874178
     764 -0.0532456870  0.4313037776
     765 -0.0931547948  0.4443648094
     766 -0.2299394743  0.3876742030
     767 -0.3806640053  0.2735606140
     768 -0.4194123568  0.2533576507
     769 -0.4736497931  0.1156359123
     770 -0.5034335192 -0.0729886383
     771 -0.5192958772 -0.1158431729
     772 -0.4661324803 -0.2538951111
     773 -0.3655059876 -0.4187905187
     774 -0.3504461800 -0.4644097580
     775 -0.2222665684 -0.5380358085
     776 -0.0405673874 -0.6108940572
     777  0.0001136587 -0.6413316780
     778  0.1470723266 -0.6268581969
     779  0.3421180736 -0.5882667749
     780  0.3959468898 -0.5935850024
     781  0.5130245006 -0.5039066093
     782  0.6672819364 -0.3727229988
     783  0.7212234396 -0.3513585337
     784  0.7823415704 -0.2174314081
     785  0.8680660566 -0.0290912485
     786  0.9126356646  0.0150998158
     787  0.9138796746  0.1619095041
     788  0.9271645127  0.3738042509
     789  0.9576824708  0.4352091280
     790  0.9091263201  0.5729965460
     791  0.8607015365  0.7862906766
     792  0.8767068099  0.8603642214
     793  0.7936367940  0.9786355924
     794  0.7000862860  1.1841605867
     795  0.7041326378  1.2689396651
     796  0.6015532558  1.3652794452
     797  0.4805177889  1.5629052691
     798  0.4771500242  1.6592381779
     799  0.3685504882  1.7329169797
     800  0.2384633443  1.9236089154
     801  0.2334284793  2.0340629175
     802  0.1314655130 -0.3159415364
     803  0.0862320773 -0.3163772270
     804  0.2340995609 -0.2433306549
     805  0.3322528838 -0.1045123444
     806  0.3578623038 -0.0654475657
     807  0.3543248984  0.0596017168
     808  0.2983199120  0.2212185295
     809  0.2821101001  0.2668332528
     810  0.1806335922  0.3387605578
     811  0.0186862407  0.3973127572
     812 -0.0283247227  0.4153992863
     813 -0.1479971356  0.3846245535
     814 -0.3015823872  0.3038464843
     815 -0.3493308901  0.2816856210
     816 -0.4090494233  0.1745599495
     817 -0.4633255146  0.0081205813
     818 -0.4846259958 -0.0428913815
     819 -0.4552508993 -0.1609151583
     820 -0.3870864631 -0.3241175092
     821 -0.3707882895 -0.3801622185
     822 -0.2736169279 -0.4514280331
     823 -0.1187859063 -0.5412784426
     824 -0.0703016815 -0.5799143340
     825  0.0489955008 -0.5796360530
     826  0.2302821751 -0.5686379122
     827  0.2960753023 -0.5767944887
     828  0.3949454114 -0.5123234635
     829  0.5493257141 -0.4106849222
     830  0.6162345680 -0.3856370567
     831  0.6699316374 -0.2819690114
     832  0.7660697397 -0.1194142214
     833  0.8219057922 -0.0654188293
     834  0.8246926275  0.0500423935
     835  0.8536129721  0.2417898595
     836  0.8920055839  0.3179851975
     837  0.8508532154  0.4246052100
     838  0.8186746540  0.6221801554
     839  0.8385033474  0.7149505013
     840  0.7655290681  0.8011845466
     841  0.6853628660  0.9924542418
     842  0.6893171717  1.0993443724
     843  0.5967113161  1.1602718530
     844  0.4837067964  1.3418333780
     845  0.4770158311  1.4640345227
     846  0.3758346935  1.4962566468
     847  0.2467809930  1.6672115767
     848  0.2362884445  1.8083199208
     849  0.0578690725 -0.3121512304
     850  0.0077515408 -0.3099288827
     851  0.1600534106 -0.2757137104
     852  0.2810027256 -0.1698823951
     853  0.3115706084 -0.1278761089
     854  0.3373491590 -0.0240616171
     855  0.3212293728  0.1363807621
     856  0.3053816801  0.1879979895
     857  0.2388143910  0.2695061982
     858  0.1031449934  0.3577491985
     859  0.0513691948  0.3799752530
     860 -0.0518921219  0.3814390095
     861 -0.2089853994  0.3398241317
     862 -0.2633383060  0.3167288804
     863 -0.3336305766  0.2441391133
     864 -0.4168642798  0.1036577289
     865 -0.4423772378  0.0469284594
     866 -0.4432951994 -0.0516030964
     867 -0.4134127663 -0.2130730043
     868 -0.3963630787 -0.2767028064
     869 -0.3350023561 -0.3501759458
     870 -0.2117422308 -0.4603860838
     871 -0.1575097419 -0.5049491520
     872 -0.0671987134 -0.5254781846
     873  0.0981421540 -0.5473741712
     874  0.1728071651 -0.5572658229
     875  0.2558043928 -0.5244704052
     876  0.4108239569 -0.4580168267
     877  0.4871492258 -0.4295435908
     878  0.5385496583 -0.3609471167
     879  0.6477166908 -0.2290930308
     880  0.7112186083 -0.1668325795
     881  0.7222817779 -0.0852887126
     882  0.7706958963  0.0824668730
     883  0.8134523394  0.1708140618
     884  0.7871043763  0.2457695795
     885  0.7755417782  0.4245876736
     886  0.7956257797  0.5324659426
     887  0.7403822919  0.5876156392
     888  0.6780208538  0.7617123053
     889  0.6778151283  0.8862445074
     890  0.6031638745  0.9133581988
     891  0.5024144655  1.0751578281
     892  0.4870812011  1.2179013406
     893  0.4021808175  1.2101336601
     894  0.2779578272  1.3560915816
     895  0.2544361445  1.5218124662
     896 -0.0248795179 -0.3078757477
     897 -0.0774706111 -0.3028902812
     898  0.0796261753 -0.3109006350
     899  0.2253696541 -0.2409534845
     900  0.2595626108 -0.1981547881
     901  0.3190256432 -0.1150205724
     902  0.3463326665  0.0441937665
     903  0.3317757779  0.0993194057
     904  0.3023066185  0.1943670463
     905  0.1951927300  0.3150447241
     906  0.1412797703  0.3404100791
     907  0.0527197985  0.3784499408
     908 -0.1083866556  0.3795551321
     909 -0.1666249084  0.3567552952
     910 -0.2519839327  0.3204653714
     911 -0.3670448134  0.2081540735
     912 -0.3954696174  0.1486133656
     913 -0.4313336063  0.0676809126
     914 -0.4433878285 -0.0922553737
     915 -0.4263952729 -0.1601513428
     916 -0.4033066580 -0.2404790783
     917 -0.3144486743 -0.3734408607
     918 -0.2571950650 -0.4214436797
     919 -0.1950693675 -0.4682675066
     920 -0.0467508507 -0.5266665406
     921  0.0328564656 -0.5374242207
     922  0.1038134047 -0.5407857727
     923  0.2602993484 -0.5132738406
     924  0.3417231306 -0.4823830955
     925  0.3967140293 -0.4511806224
     926  0.5212790386 -0.3531994229
     927  0.5883486191 -0.2854560022
     928  0.6145500618 -0.2376280716
     929  0.6858643812 -0.0961893479
     930  0.7293823282 -0.0000270629
     931  0.7249413974  0.0457989241
     932  0.7380661361  0.2042235072
     933  0.7552289908  0.3214461020
     934  0.7248763049  0.3499482412
     935  0.6849536604  0.5054575219
     936  0.6774333881  0.6403455205
     937  0.6283509861  0.6395402117
     938  0.5451968959  0.7796946826
     939  0.5173323178  0.9338253607
     940  0.4576364196  0.8931232932
     941  0.3444179964  1.0109740823
     942  0.3021380413  1.1898080296
     943 -0.1120075538 -0.3033134219
     944 -0.1647225674 -0.2955865468
     945 -0.0027651764 -0.3468927911
     946  0.1683823696 -0.3137665773
     947  0.2048082467 -0.2722237442
     948  0.3003192637 -0.2082416654
     949  0.3722060709 -0.0502587529
     950  0.3597780853  0.0058943120
     951  0.3675830301  0.1174778029
     952  0.2897383402  0.2715515184
     953  0.2362659581  0.2990171728
     954  0.1600562816  0.3758336820
     955 -0.0053609537  0.4208772933
     956 -0.0647784240  0.3995717205
     957 -0.1686713787  0.3993666238
     958 -0.3167194990  0.3158741205
     959 -0.3467735909  0.2564190490
     960 -0.4201796035  0.1903496542
     961 -0.4755552993  0.0315938045
     962 -0.4594821308 -0.0372694803
     963 -0.4749791516 -0.1285643457
     964 -0.4214421895 -0.2855427328
     965 -0.3639696715 -0.3345793578
     966 -0.3277051560 -0.4116028858
     967 -0.1964241265 -0.5082500772
     968 -0.1158464212 -0.5191777829
     969 -0.0524856500 -0.5610947198
     970  0.1064695735 -0.5742453939
     971  0.1887279688 -0.5422056028
     972  0.2529736310 -0.5485959821
     973  0.3948606722 -0.4858012549
     974  0.4616090918 -0.4156785891
     975  0.5090183456 -0.3994285710
     976  0.6059372003 -0.2850307586
     977  0.6470310237 -0.1857425314
     978  0.6705392471 -0.1647441397
     979  0.7118229445 -0.0268486415
     980  0.7235711372  0.0935775713
     981  0.7241968371  0.1016710294
     982  0.7111791449  0.2388860176
     983  0.6942322860  0.3763834823
     984  0.6774495286  0.3557549978
     985  0.6178407276  0.4746385290
     986  0.5751116869  0.6302927408
     987  0.5489818150  0.5667150355
     988  0.4546806714  0.6563739509
     989  0.3901829418  0.8355583656
     990 -0.1989335601 -0.2986266124
     991 -0.2496740868 -0.2882885588
     992 -0.0830636755 -0.3818226426
     993  0.1128125615 -0.3846462613
     994  0.1501346676 -0.3461415224
     995  0.2820886905 -0.2990590214
     996  0.3974903233 -0.1422720111
     997  0.3878595405 -0.0873627987
     998  0.4313274107  0.0426561171
     999  0.3820120000  0.2294151285
    1000  0.3312905653  0.2579619080
    1001  0.2647077991  0.3736940741
    1002  0.0948872768  0.4616951098
    1003  0.0367916215  0.4429189777
    1004 -0.0879262229  0.4768559259
    1005 -0.2684892011  0.4213602972
    1006 -0.2989513727  0.3646372985
    1007 -0.4104832332  0.3101534508
    1008 -0.5083901246  0.1521018648
    1009 -0.4940182070  0.0853304374
    1010 -0.5464864505 -0.0202781700
    1011 -0.5273545049 -0.2014170835
    1012 -0.4722920690 -0.2492595527
    1013 -0.4583538652 -0.3587166749
    1014 -0.3431240416 -0.4935002587
    1015 -0.2653274402 -0.5040201730
    1016 -0.2048261770 -0.5848603591
    1017 -0.0422867003 -0.6383433042
    1018  0.0368001770 -0.6065132381
    1019  0.1154621860 -0.6487140622
    1020  0.2760426351 -0.6205181585
    1021  0.3389095203 -0.5512192743
    1022  0.4125558451 -0.5626353958
    1023  0.5368967829 -0.4743187003
    1024  0.5728572887 -0.3767354773
    1025  0.6290094017 -0.3746156137
    1026  0.7010050769 -0.2557511445
    1027  0.7056014328 -0.1384806531
    1028  0.7417684796 -0.1427495576
    1029  0.7594235132 -0.0216020106
    1030  0.7321842659  0.1104094953
    1031  0.7527316949  0.0804417816
    1032  0.7223723094  0.1811543176
    1033  0.6645097228  0.3278471465
    1034  0.6783124058  0.2549431978
    1035  0.6113115348  0.3202334772
    1036  0.5244673951  0.4858066417
    1037 -0.2816322179 -0.2939309952
    1038 -0.3286950250 -0.2812001808
    1039 -0.1578384409 -0.4141180666
    1040  0.0610551870 -0.4504814563
    1041  0.0980500086 -0.4164076774
    1042  0.2651401047 -0.3834717769
    1043  0.4211018767 -0.2277343251
    1044  0.4146660441 -0.1760364567
    1045  0.4907351654 -0.0266735877
    1046  0.4678682287  0.1906732696
    1047  0.4218018829  0.2192396960
    1048  0.3618650222  0.3723070983
    1049  0.1876124837  0.5003222207
    1050  0.1331097458  0.4847694732
    1051 -0.0137358082  0.5494953031
    1052 -0.2249513347  0.5197438461
    1053 -0.2545102599  0.4679994798
    1054 -0.4031061182  0.4213730778
    1055 -0.5407465882  0.2632945728
    1056 -0.5285282259  0.2014444560
    1057 -0.6147628673  0.0787639712
    1058 -0.6273014537 -0.1257303874
    1059 -0.5768970241 -0.1701275607
    1060 -0.5806986109 -0.3129233791
    1061 -0.4794389247 -0.4839676554
    1062 -0.4079005682 -0.4932980148
    1063 -0.3451762425 -0.6117480001
    1064 -0.1777276925 -0.7031426869
    1065 -0.1056975244 -0.6726432182
    1066 -0.0077673935 -0.7471200885
    1067  0.1723207384 -0.7508762638
    1068  0.2277937820 -0.6854697140
    1069  0.3318529504 -0.7189218272
    1070  0.4843395961 -0.6538309682
    1071  0.5126187002 -0.5628206389
    1072  0.6047627256 -0.5718849846
    1073  0.7086109251 -0.4687125042
    1074  0.7048600696 -0.3611509692
    1075  0.7791972676 -0.3677873711
    1076  0.8296871699 -0.2583801121
    1077  0.7925843965 -0.1402059160
    1078  0.8526826809 -0.1666169548
    1079  0.8555178979 -0.0781517257
    1080  0.7848395418  0.0489221111
    1081  0.8407451442 -0.0166109245
    1082  0.8075337534  0.0321986816
    1083  0.7028583910  0.1702429817
    1084 -0.3569029308 -0.2892985369
    1085  0.0504936647 -0.4802448118
    1086  0.4390798944 -0.2567064723
    1087  0.5042458082  0.1843050225
    1088  0.2204146126  0.5234473985
    1089 -0.2151991424  0.5624183489
    1090 -0.5616639193  0.3064315499
    1091 -0.6736042514 -0.1004516508
    1092 -0.5377071392 -0.4876096278
    1093 -0.2326372470 -0.7380447862
    1094  0.1334515110 -0.8128382091
    1095  0.4697391697 -0.7356785385
    1096  0.7225102028 -0.5635172652
    1097  0.8739903614 -0.3615641067
    1098  0.9316454279 -0.1883920381
    1099  0.9173403406 -0.0867402903
    1100 -0.0173965792  0.3430162073
    1101  0.1814998600  0.2815310325
    1102  0.3043720665  0.1197119196
    1103  0.2984165282  0.1316801914
    1104  0.3014810684  0.1112046327
    1105  0.1841581007  0.2727428397
    1106 -0.0099550634  0.3372873237
    1107 -0.0300000789  0.3412108965
    1108 -0.3490220897  0.0980965663
    1109 -0.2200276804  0.2755512287
    1110 -0.2104178274  0.2752097863
    1111 -0.3408015161  0.1035371114
    1112 -0.3511391831  0.0862197170
    1113 -0.2173042959 -0.3179976235
    1114 -0.3508659810 -0.1275932884
    1115 -0.3472397029 -0.1181463746
    1116 -0.2199033738 -0.3079254157
    1117 -0.2073029255 -0.3233833394
    1118  0.0090809133 -0.3980319940
    1119  0.0008885228 -0.3911328299
    1120  0.2934548718  0.1145411307
    1121  0.2929943619  0.0862704361
    1122  0.1919390721  0.2469780285
    1123  0.0118520659  0.3204855720
    1124 -0.0147582004  0.3304641664
    1125 -0.1822474124  0.2742004646
    1126 -0.3167000132  0.1194795713
    1127 -0.3352380569  0.0976383992
    1128 -0.3366050696 -0.0904556583
    1129 -0.2275195150 -0.2783995956
    1130 -0.2131471150 -0.3035702878
    1131 -0.0231259507 -0.3709091147
    1132  0.2838460637  0.0814399411
    1133  0.2794501419  0.0466113188
    1134  0.2042819961  0.2059715382
    1135  0.0465282564  0.2937240761
    1136  0.0146722093  0.3096876857
    1137 -0.1374266340  0.2725637456
    1138 -0.2783379962  0.1448253018
    1139 -0.3045134944  0.1196843930
    1140 -0.3196670943 -0.0464036582
    1141 -0.2396271672 -0.2314185129
    1142 -0.2244312072 -0.2652959320
    1143 -0.0613347468 -0.3387301292
    1144  0.2701840174  0.0346087124
    1145  0.2616808740 -0.0051350660
    1146  0.2203142825  0.1524125291
    1147  0.0917513365  0.2587256559
    1148  0.0562954909  0.2802382527
    1149 -0.0789154653  0.2703593081
    1150 -0.2282252931  0.1778663090
    1151 -0.2610059243  0.1508553038
    1152 -0.2975136104  0.0110905395
    1153 -0.2554057456 -0.1700778864
    1154 -0.2403848737 -0.2111207298
    1155 -0.1112086457 -0.2967126097
    1156  0.2532794828 -0.0228976989
    1157  0.2407264921 -0.0656618955
    1158  0.2389392732  0.0896687209
    1159  0.1446084038  0.2176449950
    1160  0.1073765259  0.2439696060
    1161 -0.0104227018  0.2676553904
    1162 -0.1695017981  0.2164571228
    1163 -0.2075044433  0.1890901035
    1164 -0.2714987701  0.0783642436
    1165 -0.2738152300 -0.0982548342
    1166 -0.2599453862 -0.1445469216
    1167 -0.1695692150 -0.2474987580
    1168  0.2340771267 -0.0875049553
    1169  0.2177323820 -0.1313168026
    1170  0.2589411498  0.0214580778
    1171  0.2018793691  0.1728561335
    1172  0.1647131624  0.2030448927
    1173  0.0639542270  0.2645189663
    1174 -0.1056299007  0.2582189229
    1175 -0.1472660555  0.2319698391
    1176 -0.2431059861  0.1513691646
    1177 -0.2936921304 -0.0202267120
    1178 -0.2818559082 -0.0696673562
    1179 -0.2328936976 -0.1939923373
    1180  0.2135663098 -0.1554594962
    1181  0.1938456319 -0.1984378304
    1182  0.2790981356 -0.0484933215
    1183  0.2603320014  0.1267354868
    1184  0.2249396201  0.1597302072
    1185  0.1401088890  0.2610094290
    1186 -0.0400743202  0.3007584778
    1187 -0.0837042398  0.2769459097
    1188 -0.2138099518  0.2260405900
    1189 -0.3138526479  0.0597216859
    1190 -0.3047802097  0.0092251555
    1191 -0.2976360047 -0.1390877581
    1192  0.1926966299 -0.2231605411
    1193  0.1701229515 -0.2636624836
    1194  0.2982891607 -0.1167619995
    1195  0.3169970202  0.0814645273
    1196  0.2848244854  0.1161965407
    1197  0.2142679090  0.2571772950
    1198  0.0239854793  0.3418708110
    1199 -0.0200878181  0.3215653545
    1200 -0.1849538636  0.2986416072
    1201 -0.3331938637  0.1376590812
    1202 -0.3274193497  0.0880169535
    1203 -0.3605248632 -0.0854273498
    1204  0.1723092849 -0.2874463714
    1205  0.1474608378 -0.3241770661
    1206  0.3155833131 -0.1804781392
    1207  0.3693905583  0.0388754849
    1208  0.3415303019  0.0743520501
    1209  0.2832706406  0.2530678215
    1210  0.0838878183  0.3797081171
    1211  0.0407139234  0.3636692006
    1212 -0.1576588315  0.3660390587
    1213 -0.3507819844  0.2102939228
    1214 -0.3486189401  0.1630976871
    1215 -0.4188091658 -0.0352122048
    1216  0.1530877675 -0.3458090816
    1217  0.3928077939  0.0357231228
    1218  0.0964190181  0.4015445397
    1219 -0.3674553904  0.2316003806
    1220 -0.6151653114 -0.2572787917
    1221 -0.6214043190 -0.2381402401
    1222 -0.4418670639 -0.5202831776
    1223 -0.1415402011 -0.6866888646
    1224 -0.1233220780 -0.6916097494
    1225  0.1913439205 -0.6941656098
    1226  0.5000801958 -0.5462859959
    1227  0.5138960578 -0.5353497307
    1228  0.7056549573 -0.2865923597
    1229  0.7832399919  0.0455050660
    1230  0.7836765876  0.0618792826
    1231  0.7191867066  0.3683118302
    1232  0.5256211439  0.6471535235
    1233  0.5148688442  0.6578379014
    1234  0.2503092049  0.8227862199
    1235 -0.0813251918  0.8852765193
    1236 -0.0952830087  0.8856535455
    1237 -0.3995914063  0.8272080459
    1238 -0.6882466343  0.6570907176
    1239 -0.6983061766  0.6491643692
    1240 -0.8946034681  0.4126864978
    1241 -1.0174509497  0.1041354770
    1242 -1.0205867868  0.0928518100
    1243 -1.0400894739 -0.2105402817
    1244 -0.9682952271 -0.5311303286
    1245 -0.9651504406 -0.5413649742
    1246 -0.8203770266 -0.8038335200
    1247 -0.5973731781 -1.0391775241
    1248 -0.5902950340 -1.0460095874
    1249 -0.3409189650 -1.2023219642
    1250 -0.0397361068 -1.3076391314
    1251 -0.0310478774 -1.3105820959
    1252  0.2544936341 -1.3438122824
    1253  0.5665929053 -1.3201102022
    1254  0.5753857980 -1.3196312690
    1255  0.8446374915 -1.2469228541
    1256  1.1236503439 -1.1214227441
    1257  1.1318695424 -1.1180883299
    1258  1.3565288354 -0.9717553435
    1259  1.5835156421 -0.7792080890
    1260  1.5908955851 -0.7732137006
    1261  1.7633680195 -0.5866886619
    1262  1.9371842752 -0.3583803748
    1263  1.9434135420 -0.3494999159
    1264  2.0680509426 -0.1518054033
    1265  2.1952034438  0.0857613922
    1266  2.1996596363  0.0978582646
    1267 -0.6138701968 -0.2581046863
    1268 -0.6193329922 -0.2394324263
    1269 -0.4395271503 -0.5202565116
    1270 -0.1396813641 -0.6854321067
    1271 -0.1219252297 -0.6908960605
    1272  0.1922069428 -0.6921831726
    1273  0.4997176367 -0.5442214117
    1274  0.5140540268 -0.5337661660
    1275  0.7042643272 -0.2850747139
    1276  0.7812434234  0.0459973742
    1277  0.7824550433  0.0629194710
    1278  0.7171933375  0.3676459643
    1279  0.5242408884  0.6454293596
    1280  0.5133015351  0.6574617470
    1281  0.2499788383  0.8204302803
    1282 -0.0803195731  0.8828425355
    1283 -0.0959228008  0.8841561492
    1284 -0.3973217413  0.8253100830
    1285 -0.6849446911  0.6563348603
    1286 -0.6974477595  0.6477048921
    1287 -0.8907877848  0.4134500350
    1288 -1.0137409676  0.1067254676
    1289 -1.0187104819  0.0926585264
    1290 -1.0371548168 -0.2061953512
    1291 -0.9668716063 -0.5251628878
    1292 -0.9635212479 -0.5396940459
    1293 -0.8209873338 -0.7967236880
    1294 -0.6006410375 -1.0314597539
    1295 -0.5904078213 -1.0428243083
    1296 -0.3470525573 -1.1947153823
    1297 -0.0491280678 -1.3009746023
    1298 -0.0341092995 -1.3071236223
    1299  0.2419746866 -1.3388636235
    1300  0.5508041971 -1.3179312906
    1301  0.5687750866 -1.3178023509
    1302  0.8259992398 -1.2482213512
    1303  1.1022685884 -1.1274853362
    1304  1.1218498463 -1.1202311612
    1305  1.3330466448 -0.9831533174
    1306  1.5583285850 -0.7975352732
    1307  1.5784264681 -0.7819546554
    1308  1.7373049027 -0.6122695144
    1309  1.9110366827 -0.3931659391
    1310  1.9303629999 -0.3675333027
    1311  2.0427369856 -0.1955608536
    1312  2.1720008377  0.0308992603
    1313  2.1887522537  0.0683777567
    1314 -0.6107400771 -0.2597129646
    1315 -0.6149945912 -0.2415438197
    1316 -0.4347249059 -0.5198594772
    1317 -0.1357716266 -0.6826234038
    1318 -0.1191593589 -0.6888992905
    1319  0.1942254671 -0.6878136726
    1320  0.4992906727 -0.5394218702
    1321  0.5136370203 -0.5304653079
    1322  0.7015930878 -0.2810481842
    1323  0.7769329975  0.0482402975
    1324  0.7794117574  0.0641912142
    1325  0.7122901178  0.3676374991
    1326  0.5198593524  0.6430730285
    1327  0.5105799807  0.6554561744
    1328  0.2470715636  0.8162652929
    1329 -0.0810003407  0.8776500984
    1330 -0.0956703778  0.8805026012
    1331 -0.3955890614  0.8201410096
    1332 -0.6808654662  0.6522660538
    1333 -0.6938076789  0.6454929801
    1334 -0.8849984894  0.4113340961
    1335 -1.0070455857  0.1073211788
    1336 -1.0136946548  0.0943923286
    1337 -1.0306198534 -0.2026880451
    1338 -0.9616589447 -0.5186392114
    1339 -0.9604694002 -0.5334356030
    1340 -0.8180951432 -0.7877053719
    1341 -0.6011949885 -1.0205265209
    1342 -0.5925924079 -1.0336378623
    1343 -0.3516360714 -1.1828981197
    1344 -0.0585789081 -1.2894170380
    1345 -0.0437512592 -1.2982969079
    1346  0.2276165044 -1.3288197929
    1347  0.5310869628 -1.3109867175
    1348  0.5509008132 -1.3136550560
    1349  0.8014015555 -1.2456215113
    1350  1.0727501632 -1.1312392832
    1351  1.0964146146 -1.1256758969
    1352  1.2995294576 -0.9943381449
    1353  1.5212525431 -0.8186678339
    1354  1.5474989518 -0.8023440485
    1355  1.6979718308 -0.6440517729
    1356  1.8705322296 -0.4386743268
    1357  1.8975129468 -0.4084585656
    1358  2.0025936853 -0.2546097657
    1359  2.1340735548 -0.0450714523
    1360  2.1590424176  0.0021009574
    1361 -0.6047441052 -0.2620240565
    1362 -0.6071465325 -0.2444177768
    1363 -0.4263365732 -0.5184615873
    1364 -0.1290597640 -0.6771544933
    1365 -0.1140475408 -0.6847720781
    1366  0.1976196601 -0.6796828904
    1367  0.4984002784 -0.5304935342
    1368  0.5128958196 -0.5237830860
    1369  0.6966809113 -0.2733459510
    1370  0.7689023558  0.0529514846
    1371  0.7733576513  0.0674988453
    1372  0.7028336475  0.3684329775
    1373  0.5108199369  0.6395853475
    1374  0.5040886061  0.6525313849
    1375  0.2401409284  0.8091969888
    1376 -0.0843965127  0.8680917559
    1377 -0.0975534597  0.8733095068
    1378 -0.3948775866  0.8097509807
    1379 -0.6758333408  0.6427699275
    1380 -0.6892761665  0.6389760335
    1381 -0.8764016750  0.4042579334
    1382 -0.9958711236  0.1040707767
    1383 -1.0049760678  0.0932764876
    1384 -1.0184314567 -0.2014940250
    1385 -0.9501244474 -0.5124970342
    1386 -0.9524392596 -0.5270505121
    1387 -0.8088375441 -0.7770981622
    1388 -0.5959648881 -1.0059749574
    1389 -0.5906295020 -1.0210484618
    1390 -0.3515388774 -1.1657420098
    1391 -0.0650372231 -1.2710469536
    1392 -0.0520248529 -1.2836935362
    1393  0.2142702776 -1.3110151981
    1394  0.5099390500 -1.2958227326
    1395  0.5302710629 -1.3031546265
    1396  0.7728952076 -1.2349534279
    1397  1.0365256063 -1.1277692523
    1398  1.0635294574 -1.1265581449
    1399  1.2567118951 -0.9997403043
    1400  1.4720993797 -0.8363755664
    1401  1.5046322840 -0.8226970973
    1402  1.6441982879 -0.6752733082
    1403  1.8132098590 -0.4876778164
    1404  1.8492336343 -0.4568393237
    1405  1.9438674966 -0.3214589132
    1406  2.0760214667 -0.1345764482
    1407  2.1122389253 -0.0819050002
    1408 -0.5944580451 -0.2649344205
    1409 -0.5942195402 -0.2479902600
    1410 -0.4130407167 -0.5151794100
    1411 -0.1188688087 -0.6675590087
    1412 -0.1059117876 -0.6771858930
    1413  0.2022502392 -0.6661506894
    1414  0.4960956470 -0.5160459348
    1415  0.5110952290 -0.5123360546
    1416  0.6880011576 -0.2611595054
    1417  0.7553732806  0.0601415151
    1418  0.7626676965  0.0731455153
    1419  0.6871673543  0.3692471949
    1420  0.4959270520  0.6334944983
    1421  0.4924293843  0.6476288392
    1422  0.2286638782  0.7973334998
    1423 -0.0902239907  0.8521492811
    1424 -0.1018642510  0.8607284422
    1425 -0.3941428494  0.7922989970
    1426 -0.6681398312  0.6264537141
    1427 -0.6828142094  0.6264325032
    1428 -0.8628380426  0.3914433449
    1429 -0.9778206828  0.0969406040
    1430 -0.9905447417  0.0884634158
    1431 -0.9981875210 -0.2019077357
    1432 -0.9300695475 -0.5053030347
    1433 -0.9370648936 -0.5201587167
    1434 -0.7913671450 -0.7628636626
    1435 -0.5835912990 -0.9852434378
    1436 -0.5823819924 -1.0034409902
    1437 -0.3459364126 -1.1402978888
    1438 -0.0682763474 -1.2426100546
    1439 -0.0574483105 -1.2606262658
    1440  0.2015840677 -1.2819787946
    1441  0.4863865780 -1.2687789647
    1442  0.5074228622 -1.2827061122
    1443  0.7389145519 -1.2123849956
    1444  0.9913454719 -1.1130294213
    1445  1.0224894938 -1.1184529208
    1446  1.2016274958 -0.9950720555
    1447  1.4069724811 -0.8460343174
    1448  1.4474141687 -0.8377827329
    1449  1.5710413354 -0.7009537384
    1450  1.7326588448 -0.5347565302
    1451  1.7806368801 -0.5067714493
    1452  1.8585276360 -0.3903233002
    1453  1.9875398939 -0.2315092169
    1454  2.0399656050 -0.1775731746
    1455 -0.5782096677 -0.2683269544
    1456 -0.5744837789 -0.2521972996
    1457 -0.3933202648 -0.5091008322
    1458 -0.1042885375 -0.6522689412
    1459 -0.0939829333 -0.6645793813
    1460  0.2082144790 -0.6453620907
    1461  0.4915983903 -0.4943390776
    1462  0.5073235659 -0.4945514036
    1463  0.6740684732 -0.2432129776
    1464  0.7344036392  0.0703465429
    1465  0.7454458951  0.0813788995
    1466  0.6632367951  0.3697919032
    1467  0.4733497313  0.6236893502
    1468  0.4740785034  0.6394165920
    1469  0.2113023011  0.7789134245
    1470 -0.0991112657  0.8276182721
    1471 -0.1087586059  0.8406095662
    1472 -0.3932349782  0.7654125557
    1473 -0.6568198096  0.6010385990
    1474 -0.6730526145  0.6059989302
    1475 -0.8426326824  0.3709287344
    1476 -0.9506086375  0.0844880333
    1477 -0.9680135853  0.0792047417
    1478 -0.9671717429 -0.2047530340
    1479 -0.8984936353 -0.4971507806
    1480 -0.9116939803 -0.5120771724
    1481 -0.7625634007 -0.7443677499
    1482 -0.5609675209 -0.9569224960
    1483 -0.5655639708 -0.9787902387
    1484 -0.3318412314 -1.1044327881
    1485 -0.0655316353 -1.2012109442
    1486 -0.0584787479 -1.2259498685
    1487  0.1920472574 -1.2380949149
    1488  0.4625601704 -1.2254379567
    1489  0.4829620561 -1.2481621393
    1490  0.7011861260 -1.1726943926
    1491  0.9384149314 -1.0808241904
    1492  0.9727621607 -1.0960851618
    1493  1.1348964335 -0.9731047652
    1494  1.3256681029 -0.8390977690
    1495  1.3737189647 -0.8408035528
    1496  1.4773380917 -0.7111480308
    1497  1.6263003137 -0.5681669263
    1498  1.6870320345 -0.5494003040
    1499  1.7423865407 -0.4476657310
    1500  1.8620826107 -0.3200912089
    1501  1.9333971146 -0.2736470118
    1502 -0.5542621169 -0.2720896458
    1503 -0.5462499939 -0.2569851312
    1504 -0.3656662653 -0.4993651506
    1505 -0.0843558455 -0.6297759510
    1506 -0.0773476593 -0.6453629321
    1507  0.2157218561 -0.6154844745
    1508  0.4842764331 -0.4635745947
    1509  0.5008277342 -0.4686401590
    1510  0.6535220362 -0.2180838654
    1511  0.7041036548  0.0843366040
    1512  0.7197286255  0.0928359023
    1513  0.6289266311  0.3700552972
    1514  0.4410586308  0.6093214177
    1515  0.4470760814  0.6268741994
    1516  0.1863884255  0.7523664814
    1517 -0.1121170531  0.7923516487
    1518 -0.1190849075  0.8107241876
    1519 -0.3924805724  0.7266080784
    1520 -0.6413682193  0.5639386908
    1521 -0.6592308954  0.5751904116
    1522 -0.8144884707  0.3402590941
    1523 -0.9121731963  0.0646120323
    1524 -0.9351556848  0.0636872399
    1525 -0.9226931594 -0.2116234292
    1526 -0.8521763191 -0.4889634749
    1527 -0.8731371555 -0.5033340758
    1528 -0.7188326445 -0.7218011642
    1529 -0.5242427491 -0.9203570984
    1530 -0.5365998632 -0.9460472033
    1531 -0.3052732817 -1.0566426837
    1532 -0.0527954643 -1.1443972924
    1533 -0.0516270790 -1.1769268520
    1534  0.1896014042 -1.1759693427
    1535  0.4422436859 -1.1613267714
    1536  0.4599393459 -1.1949583660
    1537  0.6632747958 -1.1103095750
    1538  0.8809652952 -1.0242526840
    1539  0.9166388070 -1.0527201388
    1540  1.0593399397 -0.9255409048
    1541  1.2304169670 -0.8054843349
    1542  1.2845812413 -0.8221783162
    1543  1.3645980893 -0.6938919336
    1544  1.4945726328 -0.5734686449
    1545  1.5672780792 -0.5712604153
    1546  1.5946290978 -0.4765293200
    1547  1.6969650242 -0.3800836898
    1548  1.7876908334 -0.3516114975
    1549 -0.5210299331 -0.2761281546
    1550 -0.5080968847 -0.2623118185
    1551 -0.3287890406 -0.4852682817
    1552 -0.0582112498 -0.5988251684
    1553 -0.0551137860 -0.6181024907
    1554  0.2250212611 -0.5749620326
    1555  0.4736736718 -0.4221814888
    1556  0.4910092307 -0.4328988458
    1557  0.6252752763 -0.1844621712
    1558  0.6628898609  0.1029123972
    1559  0.6837269561  0.1082770822
    1560  0.5823908655  0.3702008475
    1561  0.3971905881  0.5898371564
    1562  0.4094540295  0.6092447099
    1563  0.1522860931  0.7164771438
    1564 -0.1304299197  0.7445584407
    1565 -0.1339488784  0.7690435927
    1566 -0.3924808149  0.6736976482
    1567 -0.6216746876  0.5127468503
    1568 -0.6409901574  0.5314695664
    1569 -0.7775708076  0.2970125917
    1570 -0.8609350856  0.0350671377
    1571 -0.8900806950  0.0397293503
    1572 -0.8625077866 -0.2244260080
    1573 -0.7882528113 -0.4821473207
    1574 -0.8182797215 -0.4950670961
    1575 -0.6568077262 -0.6959720815
    1576 -0.4696151237 -0.8756241344
    1577 -0.4915997562 -0.9048638806
    1578 -0.2621084446 -0.9962268845
    1579 -0.0256849741 -1.0705602851
    1580 -0.0326515132 -1.1114365299
    1581  0.1988073600 -1.0930578595
    1582  0.4301262930 -1.0727946575
    1583  0.4426218219 -1.1189093404
    1584  0.6299413106 -1.0204238298
    1585  0.8237942308 -0.9370783901
    1586  0.8581352299 -0.9816208148
    1587  0.9797506685 -0.8446103384
    1588  1.1259445341 -0.7354359172
    1589  1.1834387947 -0.7717490319
    1590  1.2374268642 -0.6372680290
    1591  1.3418338570 -0.5358470983
    1592  1.4236542092 -0.5573771388
    1593  1.4192510453 -0.4590577890
    1594  1.4955404485 -0.3895175136
    1595  1.6029048523 -0.3898583905
    1596 -0.4773135934 -0.2803701941
    1597 -0.4591040789 -0.2681467260
    1598 -0.2818112544 -0.4663856929
    1599 -0.0251817028 -0.5586232234
    1600 -0.0265262089 -0.5817277993
    1601  0.2364473683 -0.5227348333
    1602  0.4596795277 -0.3689693500
    1603  0.4775412072 -0.3859246548
    1604  0.5887451161 -0.1412042104
    1605  0.6097199281  0.1269886327
    1606  0.6360803391  0.1285426820
    1607  0.5222323089  0.3707592021
    1608  0.3401288391  0.5652439671
    1609  0.3594472223  0.5862095949
    1610  0.1073395345  0.6706813515
    1611 -0.1555469985  0.6830714667
    1612 -0.1546830032  0.7140358434
    1613 -0.3943983316  0.6049838144
    1614 -0.5983876109  0.4453173580
    1615 -0.6185607874  0.4725190008
    1616 -0.7319108679  0.2387501664
    1617 -0.7961915909 -0.0067197759
    1618 -0.8315905350  0.0049059648
    1619 -0.7851697183 -0.2456940116
    1620 -0.7044930769 -0.4790105312
    1621 -0.7445109080 -0.4891238595
    1622 -0.5735375477 -0.6688159404
    1623 -0.3934200378 -0.8241122268
    1624 -0.4267655413 -0.8559390631
    1625 -0.1980655363 -0.9239255829
    1626  0.0206783751 -0.9796280312
    1627  0.0031455787 -1.0285796810
    1628  0.2250531402 -0.9884127847
    1629  0.4321096624 -0.9578358804
    1630  0.4363762604 -1.0170945212
    1631  0.6075532338 -0.8999202085
    1632  0.7737951102 -0.8148158365
    1633  0.8031849226 -0.8772766071
    1634  0.9035502519 -0.7243768254
    1635  1.0203502830 -0.6211429986
    1636  1.0768178490 -0.6804774950
    1637  1.1046483237 -0.5314549665
    1638  1.1778786963 -0.4427718775
    1639  1.2633725760 -0.4936334795
    1640  1.2270744478 -0.3798503347
    1641  1.2699947363 -0.3290577031
    1642  1.3869555745 -0.3669584925
    1643 -0.4225276833 -0.2847697381
    1644 -0.3990715114 -0.2744584091
    1645 -0.2246172541 -0.4425605873
    1646  0.0146995598 -0.5089688498
    1647  0.0087382796 -0.5357074893
    1648  0.2498276287 -0.4586567852
    1649  0.4420344534 -0.3039285251
    1650  0.4602106320 -0.3270892706
    1651  0.5436778238 -0.0884613150
    1652  0.5444376835  0.1562677145
    1653  0.5761437229  0.1539403817
    1654  0.4484540698  0.3713563322
    1655  0.2700639158  0.5351794630
    1656  0.2963067598  0.5575528708
    1657  0.0519023896  0.6147113776
    1658 -0.1870092837  0.6077893452
    1659 -0.1818107132  0.6450064675
    1660 -0.3977519570  0.5205538242
    1661 -0.5710871863  0.3619245656
    1662 -0.5920169221  0.3973477887
    1663 -0.6772172072  0.1658806447
    1664 -0.7178297521 -0.0602757237
    1665 -0.7592043697 -0.0418645323
    1666 -0.6907429723 -0.2749742793
    1667 -0.6011142729 -0.4792087963
    1668 -0.6507348316 -0.4864720734
    1669 -0.4693191155 -0.6401599869
    1670 -0.2959410470 -0.7658734116
    1671 -0.3403230697 -0.7999317358
    1672 -0.1132967380 -0.8400159497
    1673  0.0864171374 -0.8720883403
    1674  0.0583291387 -0.9284605068
    1675  0.2688626548 -0.8626581521
    1676  0.4493026387 -0.8171068804
    1677  0.4447383959 -0.8886980482
    1678  0.5979212378 -0.7493377448
    1679  0.7337088430 -0.6576683433
    1680  0.7565905547 -0.7373751592
    1681  0.8345192794 -0.5644863641
    1682  0.9187781530 -0.4612999886
    1683  0.9712715889 -0.5436042743
    1684  0.9728765009 -0.3739030379
    1685  1.0112805374 -0.2897678127
    1686  1.0954901145 -0.3712847030
    1687  1.0286955332 -0.2321881342
    1688  1.0336439383 -0.1886782692
    1689  1.1523798370 -0.2679357614
    1690  0.0656468302 -0.5414068381
    1691  0.0409521908 -0.5427667607
    1692  0.3583823551 -0.4249889822
    1693  0.5513587593 -0.1378099557
    1694  0.5576968270 -0.1150182231
    1695  0.5400121734  0.2159331814
    1696  0.3190414385  0.5032088998
    1697  0.3004207706  0.5158996605
    1698 -0.0368493302  0.6100548644
    1699 -0.3975354237  0.4858504260
    1700 -0.4146105540  0.4730159221
    1701 -0.6241576287  0.1657494748
    1702  0.0668840795 -0.5405979479
    1703  0.0428861477 -0.5415066116
    1704  0.3591967868 -0.4228076443
    1705  0.5507096842 -0.1355538281
    1706  0.5572850833 -0.1135776474
    1707  0.5381308478  0.2173677251
    1708  0.3166572830  0.5032341423
    1709  0.2989045359  0.5159235233
    1710 -0.0387852917  0.6086348238
    1711 -0.3982301512  0.4835360657
    1712 -0.4150619710  0.4715544366
    1713 -0.6233054408  0.1634734691
    1714  0.0694169940 -0.5385445582
    1715  0.0462400351 -0.5386981369
    1716  0.3602413355 -0.4185063232
    1717  0.5489720919 -0.1314245578
    1718  0.5560521703 -0.1104871811
    1719  0.5342287132  0.2196778197
    1720  0.3120925597  0.5027521799
    1721  0.2955233813  0.5156376944
    1722 -0.0421962366  0.6054779485
    1723 -0.3990725854  0.4789063935
    1724 -0.4157556454  0.4681668661
    1725 -0.6211599098  0.1592193319
    1726  0.0733602655 -0.5344149978
    1727  0.0511949892 -0.5333479685
    1728  0.3610785709 -0.4111501194
    1729  0.5452264469 -0.1249037557
    1730  0.5532162733 -0.1053495066
    1731  0.5272309592  0.2227495049
    1732  0.3045154542  0.5010302319
    1733  0.2896104870  0.5144067151
    1734 -0.0473406545  0.5994764806
    1735 -0.3996213318  0.4708781007
    1736 -0.4162942819  0.4619655625
    1737 -0.6167058334  0.1523374484
    1738  0.0788687289 -0.5270608403
    1739  0.0579793529 -0.5242014300
    1740  0.3611535937 -0.3995603111
    1741  0.5383114351 -0.1153374922
    1742  0.5476980824 -0.0976144499
    1743  0.5157809253  0.2264381473
    1744  0.2928777920  0.4971421215
    1745  0.2802457113  0.5113530097
    1746 -0.0545493283  0.5892322927
    1747 -0.3993233295  0.4580814584
    1748 -0.4161306078  0.4517246984
    1749 -0.6086640734  0.1420039328
    1750  0.0861227017 -0.5151322856
    1751  0.0668401735 -0.5098738674
    1752  0.3598520677 -0.3824376577
    1753  0.5269447461 -0.1020080409
    1754  0.5382288721 -0.0866374930
    1755  0.4983815669  0.2305856979
    1756  0.2760218219  0.4900677958
    1757  0.2663463996  0.5054469858
    1758 -0.0641859031  0.5732042013
    1759 -0.3975707336  0.4390059069
    1760 -0.4146257336  0.4360024017
    1761 -0.5956273737  0.1273058088
    1762  0.0953024032 -0.4972263384
    1763  0.0780084831 -0.4890105719
    1764  0.3565648675 -0.3585173487
    1765  0.5098704411 -0.0842192757
    1766  0.5234888723 -0.0717532597
    1767  0.4735726834  0.2350283442
    1768  0.2528212049  0.4788069197
    1769  0.2467899702  0.4956180143
    1770 -0.0766056259  0.5498867104
    1771 -0.3937716896  0.4121755523
    1772 -0.4111184565  0.4133008079
    1773 -0.5762237618  0.1073494110
    1774  0.1065578098 -0.4720595492
    1775  0.0916584480 -0.4604657994
    1776  0.3507621540 -0.3267406745
    1777  0.4860215117 -0.0614003599
    1778  0.5022677658 -0.0523642784
    1779  0.4401245323  0.2396158867
    1780  0.2223334606  0.4625088621
    1781  0.2205570780  0.4808832638
    1782 -0.0920969319  0.5180100653
    1783 -0.3874221550  0.3763504494
    1784 -0.4050039471  0.3822537166
    1785 -0.5492979700  0.0813830578
    1786  0.1199749524 -0.4386534841
    1787  0.1078637750 -0.4234867384
    1788  0.3420634747 -0.2864366389
    1789  0.4546869769 -0.0332117088
    1790  0.4736359581 -0.0280396125
    1791  0.3972421095  0.2442177061
    1792  0.1839677051  0.4405989059
    1793  0.1868867345  0.4604844953
    1794 -0.1108250698  0.4767449218
    1795 -0.3781788257  0.3307331588
    1796 -0.3958148848  0.3418297824
    1797 -0.5140949861  0.0489299831
    1798  0.1355360677 -0.3965177816
    1799  0.1265506831 -0.3778855310
    1800  0.3303043464 -0.2374893424
    1801  0.4156660647  0.0003524121
    1802  0.4371121303  0.0013868382
    1803  0.3447552062  0.2487279419
    1804  0.1376366158  0.4128972131
    1805  0.1454359210  0.4340175825
    1806 -0.1327671662  0.4258929953
    1807 -0.3659185003  0.2751664534
    1808 -0.3832941602  0.2915367512
    1809 -0.4704279696  0.0099170706
    1810  0.4360406284  0.0398507485
    1811  0.4307783331  0.0210542834
    1812  0.3763340999 -0.1811635233
    1813  0.2369047597 -0.3287721975
    1814  0.2556004000 -0.3223645039
    1815  0.2429821192  0.3999457731
    1816  0.2544264097  0.3843737926
    1817  0.3870559794  0.2203899662
    1818 -0.1627342169  0.4754548462
    1819 -0.1436273541  0.4736962779
    1820  0.0689221296  0.4720882424
    1821 -0.4946369803  0.2229758426
    1822 -0.4799065675  0.2351622681
    1823 -0.3328483397  0.3911763825
    1824 -0.5565577022 -0.1940958672
    1825 -0.5535112439 -0.1752126603
    1826 -0.5546069904  0.0412553681
    1827 -0.3287625198 -0.5548045990
    1828 -0.3379010803 -0.5378845470
    1829 -0.4793912688 -0.3709668202
    1830  0.0754149149 -0.7073511564
    1831  0.0582262041 -0.6982599315
    1832 -0.1572212649 -0.6468766355
    1833  0.5027968391 -0.6119924821
    1834  0.4830140358 -0.6126745000
    1835  0.2707658600 -0.6859911772
    1836  0.8336679627 -0.3153950676
    1837  0.8156995955 -0.3248560773
    1838  0.6616738377 -0.4930831080
    1839  1.0101534851  0.1001380157
    1840  0.9964510423  0.0841975780
    1841  0.9237633751 -0.1363165560
    1842  1.0290489850  0.5590157059
    1843  1.0202444982  0.5388767171
    1844  1.0263160804  0.3020026645
    1845  0.9197611812  1.0137248219
    1846  0.9152170237  0.9909230155
    1847  0.9834255445  0.7582953891
    1848  0.7237770413  1.4473568161
    1849  0.7221071337  1.4225094741
    1850  0.8314238885  1.1996063433
    1851  0.4833025591  1.8637678722
    1852  0.4827021212  1.8367687441
    1853  0.6123124138  1.6197635608
    1854  0.2391046748  2.2691183851
    1855  0.2376024527  2.2396186382
    1856  0.3671006970  2.0254632314
    1857  0.4222385284  0.0213303134
    1858  0.4096634191 -0.0059458465
    1859  0.3458363406 -0.1945194344
    1860  0.2046291036 -0.3261101145
    1861  0.2336907283 -0.3212255410
    1862  0.2497785875  0.3765292544
    1863  0.2639884727  0.3492858984
    1864  0.3801033692  0.1858030592
    1865 -0.1392185933  0.4648033370
    1866 -0.1085401343  0.4573842003
    1867  0.0931069690  0.4434554617
    1868 -0.4691425682  0.2330720093
    1869 -0.4414587273  0.2502299848
    1870 -0.2929318773  0.3899726993
    1871 -0.5437671167 -0.1678129855
    1872 -0.5342604977 -0.1354000495
    1873 -0.5233101186  0.0702845780
    1874 -0.3357453117 -0.5243128379
    1875 -0.3489039386 -0.4916350582
    1876 -0.4744868349 -0.3254355285
    1877  0.0504065912 -0.6848788044
    1878  0.0195619316 -0.6644991723
    1879 -0.1827827033 -0.6046870315
    1880  0.4671010539 -0.6053165655
    1881  0.4280765086 -0.6035298632
    1882  0.2224585791 -0.6632795749
    1883  0.7959103679 -0.3267849106
    1884  0.7579856804 -0.3438955641
    1885  0.6037895971 -0.4976855790
    1886  0.9771341356  0.0724403821
    1887  0.9466829839  0.0397065531
    1888  0.8688475274 -0.1682986486
    1889  1.0044521688  0.5184526109
    1890  0.9843240443  0.4742861922
    1891  0.9828142034  0.2471029518
    1892  0.9042254127  0.9634064727
    1893  0.8943438585  0.9109970959
    1894  0.9548424420  0.6858647868
    1895  0.7155514382  1.3888867715
    1896  0.7138366965  1.3294862964
    1897  0.8170509410  1.1133409883
    1898  0.4789307934  1.7970068776
    1899  0.4820207959  1.7298805520
    1900  0.6083729908  1.5204519790
    1901  0.2341057896  2.1929418560
    1902  0.2378938196  2.1162084382
    1903  0.3677445673  1.9112575697
    1904  0.3955778214 -0.0146463401
    1905  0.3760698252 -0.0487340831
    1906  0.2973542662 -0.2157006529
    1907  0.1532748553 -0.3218839212
    1908  0.1913672716 -0.3190328227
    1909  0.2632373958  0.3310429519
    1910  0.2789171382  0.2936692155
    1911  0.3689243389  0.1310052130
    1912 -0.0931547948  0.4443648094
    1913 -0.0532456870  0.4313037776
    1914  0.1311481039  0.3979874178
    1915 -0.4194123568  0.2533576507
    1916 -0.3806640053  0.2735606140
    1917 -0.2299394743  0.3876742030
    1918 -0.5192958772 -0.1158431729
    1919 -0.5034335192 -0.0729886383
    1920 -0.4736497931  0.1156359123
    1921 -0.3504461800 -0.4644097580
    1922 -0.3655059876 -0.4187905187
    1923 -0.4661324803 -0.2538951111
    1924  0.0001136587 -0.6413316780
    1925 -0.0405673874 -0.6108940572
    1926 -0.2222665684 -0.5380358085
    1927  0.3959468898 -0.5935850024
    1928  0.3421180736 -0.5882667749
    1929  0.1470723266 -0.6268581969
    1930  0.7212234396 -0.3513585337
    1931  0.6672819364 -0.3727229988
    1932  0.5130245006 -0.5039066093
    1933  0.9126356646  0.0150998158
    1934  0.8680660566 -0.0290912485
    1935  0.7823415704 -0.2174314081
    1936  0.9576824708  0.4352091280
    1937  0.9271645127  0.3738042509
    1938  0.9138796746  0.1619095041
    1939  0.8767068099  0.8603642214
    1940  0.8607015365  0.7862906766
    1941  0.9091263201  0.5729965460
    1942  0.7041326378  1.2689396651
    1943  0.7000862860  1.1841605867
    1944  0.7936367940  0.9786355924
    1945  0.4771500242  1.6592381779
    1946  0.4805177889  1.5629052691
    1947  0.6015532558  1.3652794452
    1948  0.2334284793  2.0340629175
    1949  0.2384633443  1.9236089154
    1950  0.3685504882  1.7329169797
    1951  0.3578623038 -0.0654475657
    1952  0.3322528838 -0.1045123444
    1953  0.2340995609 -0.2433306549
    1954  0.0862320773 -0.3163772270
    1955  0.1314655130 -0.3159415364
    1956  0.2821101001  0.2668332528
    1957  0.2983199120  0.2212185295
    1958  0.3543248984  0.0596017168
    1959 -0.0283247227  0.4153992863
    1960  0.0186862407  0.3973127572
    1961  0.1806335922  0.3387605578
    1962 -0.3493308901  0.2816856210
    1963 -0.3015823872  0.3038464843
    1964 -0.1479971356  0.3846245535
    1965 -0.4846259958 -0.0428913815
    1966 -0.4633255146  0.0081205813
    1967 -0.4090494233  0.1745599495
    1968 -0.3707882895 -0.3801622185
    1969 -0.3870864631 -0.3241175092
    1970 -0.4552508993 -0.1609151583
    1971 -0.0703016815 -0.5799143340
    1972 -0.1187859063 -0.5412784426
    1973 -0.2736169279 -0.4514280331
    1974  0.2960753023 -0.5767944887
    1975  0.2302821751 -0.5686379122
    1976  0.0489955008 -0.5796360530
    1977  0.6162345680 -0.3856370567
    1978  0.5493257141 -0.4106849222
    1979  0.3949454114 -0.5123234635
    1980  0.8219057922 -0.0654188293
    1981  0.7660697397 -0.1194142214
    1982  0.6699316374 -0.2819690114
    1983  0.8920055839  0.3179851975
    1984  0.8536129721  0.2417898595
    1985  0.8246926275  0.0500423935
    1986  0.8385033474  0.7149505013
    1987  0.8186746540  0.6221801554
    1988  0.8508532154  0.4246052100
    1989  0.6893171717  1.0993443724
    1990  0.6853628660  0.9924542418
    1991  0.7655290681  0.8011845466
    1992  0.4770158311  1.4640345227
    1993  0.4837067964  1.3418333780
    1994  0.5967113161  1.1602718530
    1995  0.2362884445  1.8083199208
    1996  0.2467809930  1.6672115767
    1997  0.3758346935  1.4962566468
    1998  0.3115706084 -0.1278761089
    1999  0.2810027256 -0.1698823951
    2000  0.1600534106 -0.2757137104
    2001  0.0077515408 -0.3099288827
    2002  0.0578690725 -0.3121512304
    2003  0.3053816801  0.1879979895
    2004  0.3212293728  0.1363807621
    2005  0.3373491590 -0.0240616171
    2006  0.0513691948  0.3799752530
    2007  0.1031449934  0.3577491985
    2008  0.2388143910  0.2695061982
    2009 -0.2633383060  0.3167288804
    2010 -0.2089853994  0.3398241317
    2011 -0.0518921219  0.3814390095
    2012 -0.4423772378  0.0469284594
    2013 -0.4168642798  0.1036577289
    2014 -0.3336305766  0.2441391133
    2015 -0.3963630787 -0.2767028064
    2016 -0.4134127663 -0.2130730043
    2017 -0.4432951994 -0.0516030964
    2018 -0.1575097419 -0.5049491520
    2019 -0.2117422308 -0.4603860838
    2020 -0.3350023561 -0.3501759458
    2021  0.1728071651 -0.5572658229
    2022  0.0981421540 -0.5473741712
    2023 -0.0671987134 -0.5254781846
    2024  0.4871492258 -0.4295435908
    2025  0.4108239569 -0.4580168267
    2026  0.2558043928 -0.5244704052
    2027  0.7112186083 -0.1668325795
    2028  0.6477166908 -0.2290930308
    2029  0.5385496583 -0.3609471167
    2030  0.8134523394  0.1708140618
    2031  0.7706958963  0.0824668730
    2032  0.7222817779 -0.0852887126
    2033  0.7956257797  0.5324659426
    2034  0.7755417782  0.4245876736
    2035  0.7871043763  0.2457695795
    2036  0.6778151283  0.8862445074
    2037  0.6780208538  0.7617123053
    2038  0.7403822919  0.5876156392
    2039  0.4870812011  1.2179013406
    2040  0.5024144655  1.0751578281
    2041  0.6031638745  0.9133581988
    2042  0.2544361445  1.5218124662
    2043  0.2779578272  1.3560915816
    2044  0.4021808175  1.2101336601
    2045  0.2595626108 -0.1981547881
    2046  0.2253696541 -0.2409534845
    2047  0.0796261753 -0.3109006350
    2048 -0.0774706111 -0.3028902812
    2049 -0.0248795179 -0.3078757477
    2050  0.3317757779  0.0993194057
    2051  0.3463326665  0.0441937665
    2052  0.3190256432 -0.1150205724
    2053  0.1412797703  0.3404100791
    2054  0.1951927300  0.3150447241
    2055  0.3023066185  0.1943670463
    2056 -0.1666249084  0.3567552952
    2057 -0.1083866556  0.3795551321
    2058  0.0527197985  0.3784499408
    2059 -0.3954696174  0.1486133656
    2060 -0.3670448134  0.2081540735
    2061 -0.2519839327  0.3204653714
    2062 -0.4263952729 -0.1601513428
    2063 -0.4433878285 -0.0922553737
    2064 -0.4313336063  0.0676809126
    2065 -0.2571950650 -0.4214436797
    2066 -0.3144486743 -0.3734408607
    2067 -0.4033066580 -0.2404790783
    2068  0.0328564656 -0.5374242207
    2069 -0.0467508507 -0.5266665406
    2070 -0.1950693675 -0.4682675066
    2071  0.3417231306 -0.4823830955
    2072  0.2602993484 -0.5132738406
    2073  0.1038134047 -0.5407857727
    2074  0.5883486191 -0.2854560022
    2075  0.5212790386 -0.3531994229
    2076  0.3967140293 -0.4511806224
    2077  0.7293823282 -0.0000270629
    2078  0.6858643812 -0.0961893479
    2079  0.6145500618 -0.2376280716
    2080  0.7552289908  0.3214461020
    2081  0.7380661361  0.2042235072
    2082  0.7249413974  0.0457989241
    2083  0.6774333881  0.6403455205
    2084  0.6849536604  0.5054575219
    2085  0.7248763049  0.3499482412
    2086  0.5173323178  0.9338253607
    2087  0.5451968959  0.7796946826
    2088  0.6283509861  0.6395402117
    2089  0.3021380413  1.1898080296
    2090  0.3444179964  1.0109740823
    2091  0.4576364196  0.8931232932
    2092  0.2048082467 -0.2722237442
    2093  0.1683823696 -0.3137665773
    2094 -0.0027651764 -0.3468927911
    2095 -0.1647225674 -0.2955865468
    2096 -0.1120075538 -0.3033134219
    2097  0.3597780853  0.0058943120
    2098  0.3722060709 -0.0502587529
    2099  0.3003192637 -0.2082416654
    2100  0.2362659581  0.2990171728
    2101  0.2897383402  0.2715515184
    2102  0.3675830301  0.1174778029
    2103 -0.0647784240  0.3995717205
    2104 -0.0053609537  0.4208772933
    2105  0.1600562816  0.3758336820
    2106 -0.3467735909  0.2564190490
    2107 -0.3167194990  0.3158741205
    2108 -0.1686713787  0.3993666238
    2109 -0.4594821308 -0.0372694803
    2110 -0.4755552993  0.0315938045
    2111 -0.4201796035  0.1903496542
    2112 -0.3639696715 -0.3345793578
    2113 -0.4214421895 -0.2855427328
    2114 -0.4749791516 -0.1285643457
    2115 -0.1158464212 -0.5191777829
    2116 -0.1964241265 -0.5082500772
    2117 -0.3277051560 -0.4116028858
    2118  0.1887279688 -0.5422056028
    2119  0.1064695735 -0.5742453939
    2120 -0.0524856500 -0.5610947198
    2121  0.4616090918 -0.4156785891
    2122  0.3948606722 -0.4858012549
    2123  0.2529736310 -0.5485959821
    2124  0.6470310237 -0.1857425314
    2125  0.6059372003 -0.2850307586
    2126  0.5090183456 -0.3994285710
    2127  0.7235711372  0.0935775713
    2128  0.7118229445 -0.0268486415
    2129  0.6705392471 -0.1647441397
    2130  0.6942322860  0.3763834823
    2131  0.7111791449  0.2388860176
    2132  0.7241968371  0.1016710294
    2133  0.5751116869  0.6302927408
    2134  0.6178407276  0.4746385290
    2135  0.6774495286  0.3557549978
    2136  0.3901829418  0.8355583656
    2137  0.4546806714  0.6563739509
    2138  0.5489818150  0.5667150355
    2139  0.1501346676 -0.3461415224
    2140  0.1128125615 -0.3846462613
    2141 -0.0830636755 -0.3818226426
    2142 -0.2496740868 -0.2882885588
    2143 -0.1989335601 -0.2986266124
    2144  0.3878595405 -0.0873627987
    2145  0.3974903233 -0.1422720111
    2146  0.2820886905 -0.2990590214
    2147  0.3312905653  0.2579619080
    2148  0.3820120000  0.2294151285
    2149  0.4313274107  0.0426561171
    2150  0.0367916215  0.4429189777
    2151  0.0948872768  0.4616951098
    2152  0.2647077991  0.3736940741
    2153 -0.2989513727  0.3646372985
    2154 -0.2684892011  0.4213602972
    2155 -0.0879262229  0.4768559259
    2156 -0.4940182070  0.0853304374
    2157 -0.5083901246  0.1521018648
    2158 -0.4104832332  0.3101534508
    2159 -0.4722920690 -0.2492595527
    2160 -0.5273545049 -0.2014170835
    2161 -0.5464864505 -0.0202781700
    2162 -0.2653274402 -0.5040201730
    2163 -0.3431240416 -0.4935002587
    2164 -0.4583538652 -0.3587166749
    2165  0.0368001770 -0.6065132381
    2166 -0.0422867003 -0.6383433042
    2167 -0.2048261770 -0.5848603591
    2168  0.3389095203 -0.5512192743
    2169  0.2760426351 -0.6205181585
    2170  0.1154621860 -0.6487140622
    2171  0.5728572887 -0.3767354773
    2172  0.5368967829 -0.4743187003
    2173  0.4125558451 -0.5626353958
    2174  0.7056014328 -0.1384806531
    2175  0.7010050769 -0.2557511445
    2176  0.6290094017 -0.3746156137
    2177  0.7321842659  0.1104094953
    2178  0.7594235132 -0.0216020106
    2179  0.7417684796 -0.1427495576
    2180  0.6645097228  0.3278471465
    2181  0.7223723094  0.1811543176
    2182  0.7527316949  0.0804417816
    2183  0.5244673951  0.4858066417
    2184  0.6113115348  0.3202334772
    2185  0.6783124058  0.2549431978
    2186  0.0980500086 -0.4164076774
    2187  0.0610551870 -0.4504814563
    2188 -0.1578384409 -0.4141180666
    2189 -0.3286950250 -0.2812001808
    2190 -0.2816322179 -0.2939309952
    2191  0.4146660441 -0.1760364567
    2192  0.4211018767 -0.2277343251
    2193  0.2651401047 -0.3834717769
    2194  0.4218018829  0.2192396960
    2195  0.4678682287  0.1906732696
    2196  0.4907351654 -0.0266735877
    2197  0.1331097458  0.4847694732
    2198  0.1876124837  0.5003222207
    2199  0.3618650222  0.3723070983
    2200 -0.2545102599  0.4679994798
    2201 -0.2249513347  0.5197438461
    2202 -0.0137358082  0.5494953031
    2203 -0.5285282259  0.2014444560
    2204 -0.5407465882  0.2632945728
    2205 -0.4031061182  0.4213730778
    2206 -0.5768970241 -0.1701275607
    2207 -0.6273014537 -0.1257303874
    2208 -0.6147628673  0.0787639712
    2209 -0.4079005682 -0.4932980148
    2210 -0.4794389247 -0.4839676554
    2211 -0.5806986109 -0.3129233791
    2212 -0.1056975244 -0.6726432182
    2213 -0.1777276925 -0.7031426869
    2214 -0.3451762425 -0.6117480001
    2215  0.2277937820 -0.6854697140
    2216  0.1723207384 -0.7508762638
    2217 -0.0077673935 -0.7471200885
    2218  0.5126187002 -0.5628206389
    2219  0.4843395961 -0.6538309682
    2220  0.3318529504 -0.7189218272
    2221  0.7048600696 -0.3611509692
    2222  0.7086109251 -0.4687125042
    2223  0.6047627256 -0.5718849846
    2224  0.7925843965 -0.1402059160
    2225  0.8296871699 -0.2583801121
    2226  0.7791972676 -0.3677873711
    2227  0.7848395418  0.0489221111
    2228  0.8555178979 -0.0781517257
    2229  0.8526826809 -0.1666169548
    2230  0.7028583910  0.1702429817
    2231  0.8075337534  0.0321986816
    2232  0.8407451442 -0.0166109245
    2233  0.0504936647 -0.4802448118
    2234 -0.3569029308 -0.2892985369
    2235  0.4390798944 -0.2567064723
    2236  0.5042458082  0.1843050225
    2237  0.2204146126  0.5234473985
    2238 -0.2151991424  0.5624183489
    2239 -0.5616639193  0.3064315499
    2240 -0.6736042514 -0.1004516508
    2241 -0.5377071392 -0.4876096278
    2242 -0.2326372470 -0.7380447862
    2243  0.1334515110 -0.8128382091
    2244  0.4697391697 -0.7356785385
    2245  0.7225102028 -0.5635172652
    2246  0.8739903614 -0.3615641067
    2247  0.9316454279 -0.1883920381
    2248  0.9173403406 -0.0867402903
    2249 -0.0300000789  0.3412108965
    2250 -0.0099550634  0.3372873237
    2251  0.1841581007  0.2727428397
    2252  0.3014810684  0.1112046327
    2253  0.2984165282  0.1316801914
    2254 -0.3511391831  0.0862197170
    2255 -0.3408015161  0.1035371114
    2256 -0.2104178274  0.2752097863
    2257 -0.2073029255 -0.3233833394
    2258 -0.2199033738 -0.3079254157
    2259 -0.3472397029 -0.1181463746
    2260  0.0008885228 -0.3911328299
    2261 -0.0147582004  0.3304641664
    2262  0.0118520659  0.3204855720
    2263  0.1919390721  0.2469780285
    2264  0.2929943619  0.0862704361
    2265  0.2934548718  0.1145411307
    2266 -0.3352380569  0.0976383992
    2267 -0.3167000132  0.1194795713
    2268 -0.1822474124  0.2742004646
    2269 -0.2131471150 -0.3035702878
    2270 -0.2275195150 -0.2783995956
    2271 -0.3366050696 -0.0904556583
    2272 -0.0231259507 -0.3709091147
    2273  0.0146722093  0.3096876857
    2274  0.0465282564  0.2937240761
    2275  0.2042819961  0.2059715382
    2276  0.2794501419  0.0466113188
    2277  0.2838460637  0.0814399411
    2278 -0.3045134944  0.1196843930
    2279 -0.2783379962  0.1448253018
    2280 -0.1374266340  0.2725637456
    2281 -0.2244312072 -0.2652959320
    2282 -0.2396271672 -0.2314185129
    2283 -0.3196670943 -0.0464036582
    2284 -0.0613347468 -0.3387301292
    2285  0.0562954909  0.2802382527
    2286  0.0917513365  0.2587256559
    2287  0.2203142825  0.1524125291
    2288  0.2616808740 -0.0051350660
    2289  0.2701840174  0.0346087124
    2290 -0.2610059243  0.1508553038
    2291 -0.2282252931  0.1778663090
    2292 -0.0789154653  0.2703593081
    2293 -0.2403848737 -0.2111207298
    2294 -0.2554057456 -0.1700778864
    2295 -0.2975136104  0.0110905395
    2296 -0.1112086457 -0.2967126097
    2297  0.1073765259  0.2439696060
    2298  0.1446084038  0.2176449950
    2299  0.2389392732  0.0896687209
    2300  0.2407264921 -0.0656618955
    2301  0.2532794828 -0.0228976989
    2302 -0.2075044433  0.1890901035
    2303 -0.1695017981  0.2164571228
    2304 -0.0104227018  0.2676553904
    2305 -0.2599453862 -0.1445469216
    2306 -0.2738152300 -0.0982548342
    2307 -0.2714987701  0.0783642436
    2308 -0.1695692150 -0.2474987580
    2309  0.1647131624  0.2030448927
    2310  0.2018793691  0.1728561335
    2311  0.2589411498  0.0214580778
    2312  0.2177323820 -0.1313168026
    2313  0.2340771267 -0.0875049553
    2314 -0.1472660555  0.2319698391
    2315 -0.1056299007  0.2582189229
    2316  0.0639542270  0.2645189663
    2317 -0.2818559082 -0.0696673562
    2318 -0.2936921304 -0.0202267120
    2319 -0.2431059861  0.1513691646
    2320 -0.2328936976 -0.1939923373
    2321  0.2249396201  0.1597302072
    2322  0.2603320014  0.1267354868
    2323  0.2790981356 -0.0484933215
    2324  0.1938456319 -0.1984378304
    2325  0.2135663098 -0.1554594962
    2326 -0.0837042398  0.2769459097
    2327 -0.0400743202  0.3007584778
    2328  0.1401088890  0.2610094290
    2329 -0.3047802097  0.0092251555
    2330 -0.3138526479  0.0597216859
    2331 -0.2138099518  0.2260405900
    2332 -0.2976360047 -0.1390877581
    2333  0.2848244854  0.1161965407
    2334  0.3169970202  0.0814645273
    2335  0.2982891607 -0.1167619995
    2336  0.1701229515 -0.2636624836
    2337  0.1926966299 -0.2231605411
    2338 -0.0200878181  0.3215653545
    2339  0.0239854793  0.3418708110
    2340  0.2142679090  0.2571772950
    2341 -0.3274193497  0.0880169535
    2342 -0.3331938637  0.1376590812
    2343 -0.1849538636  0.2986416072
    2344 -0.3605248632 -0.0854273498
    2345  0.3415303019  0.0743520501
    2346  0.3693905583  0.0388754849
    2347  0.3155833131 -0.1804781392
    2348  0.1474608378 -0.3241770661
    2349  0.1723092849 -0.2874463714
    2350  0.0407139234  0.3636692006
    2351  0.0838878183  0.3797081171
    2352  0.2832706406  0.2530678215
    2353 -0.3486189401  0.1630976871
    2354 -0.3507819844  0.2102939228
    2355 -0.1576588315  0.3660390587
    2356 -0.4188091658 -0.0352122048
    2357  0.3928077939  0.0357231228
    2358  0.1530877675 -0.3458090816
    2359  0.0964190181  0.4015445397
    2360 -0.3674553904  0.2316003806
