       1 -0.0000000000  0.0547883509
       2  0.4635044496 -0.1241615035
       3  0.9069244441 -0.3511074600
       4  1.0633320084 -0.2145749341
       5  1.2167985279 -0.0681207456
       6  0.6207129065  0.1903132160
       7 -0.0000000000  0.4240096250
       8 -0.0000000000  0.2343731788
       9  1.3429006154 -0.6364467621
      10  1.7191028151 -0.9443815394
      11  1.9200026108 -0.7983985275
      12  2.1089663954 -0.6563521470
      13  1.6871732309 -0.3610212379
      14  2.0344120428 -1.2605253672
      15  2.2764318296 -1.5522692260
      16  2.4951582537 -1.3518783744
      17  2.6847576494 -1.1711621562
      18  2.4459336716 -0.9248251112
      19  2.4461096665 -1.7919302413
      20  2.5579388226 -1.9712571016
      21  2.8175071561 -1.6753710303
      22  3.0021858602 -1.4214301157
      23  2.8662440608 -1.3517735081
      24  2.6162250297 -2.0732855076
      25  2.6351614937 -2.1079064176
      26  2.9549824563 -1.7008906897
      27  3.1146504673 -1.3630341541
      28  3.0714602524 -1.4448012368
      29  1.4444440057  0.0910517553
      30  1.6627718253  0.2390988005
      31  0.8650446456  0.4946218202
      32 -0.0000000000  0.7247331412
      33 -0.0000000000  0.5919126698
      34  2.3305017331 -0.5020517267
      35  2.5285383028 -0.3534354578
      36  2.1340650994 -0.0512741862
      37  2.8641535618 -0.9650989831
      38  2.9992229318 -0.7742978747
      39  2.8218548462 -0.5730927424
      40  3.1179689865 -1.1336383902
      41  3.1154193889 -0.8691301194
      42  3.1174817649 -0.8773697491
      43  3.1055104137 -1.0577460915
      44  2.9280587854 -0.7720001314
      45  3.0476125109 -0.8787541787
      46  1.6381327412  0.4398051275
      47  1.6133534395  0.5883817280
      48  0.8371405611  0.7397199385
      49 -0.0000000000  0.8632721959
      50 -0.0000000000  0.8160927274
      51  2.7235975080 -0.2535209528
      52  2.8827744407 -0.1529500908
      53  2.6990153779 -0.0136762211
      54  2.4693321570  0.1328703911
      55  2.0978487761  0.1754412166
      56  2.5407411639  0.2375960798
      57  2.6084793553  0.3291967713
      58  2.1638279390  0.4561989898
      59  2.9815660615 -0.0379577961
      60  3.0559401278  0.0682540338
      61  2.8803293053  0.1921064056
      62  3.0688757338 -0.5929896521
      63  3.1129607991 -0.4251011621
      64  3.0364304956 -0.2936570700
      65  3.1316120242 -0.2874865267
      66  3.1135017274 -0.1582033751
      67  3.1280818320 -0.0489577464
      68  3.1106693439 -0.7177284699
      69  3.1053119657 -0.5535229046
      70  3.1314485576 -0.5055727262
      71  2.9491177417 -0.6304474574
      72  2.6118840589 -0.3926783364
      73  2.7718735346 -0.3724566471
      74  2.9039583139 -0.3050018252
      75  3.0290214440 -0.4278745671
      76  3.0376188363 -0.2508111379
      77  2.5919113858 -0.5026021217
      78  2.1152890612 -0.2508739971
      79  2.3814024991 -0.3526054897
      80  1.7066001890  0.6624663209
      81  1.7977423295  0.7003028491
      82  0.9425823053  0.7833657813
      83 -0.0000000000  0.8266845861
      84 -0.0000000000  0.8661324563
      85  2.7203456670  0.4187670502
      86  2.8196035373  0.4893709591
      87  2.3855610245  0.6016377384
      88  3.1085158560  0.1767292010
      89  3.1308009909  0.2720759902
      90  3.0444573196  0.3766171198
      91  3.0489415912 -0.0255202680
      92  2.9385477407  0.0957304944
      93  3.0836538684  0.1805777802
      94  2.6887775226 -0.1464434484
      95  2.4094338000  0.0011228829
      96  2.7130864776  0.0287862434
      97  2.1867891542 -0.1742591508
      98  1.6625107545  0.0265077080
      99  2.0620226450 -0.0107284518
     100  1.5240234553 -0.0202128416
     101  0.8501557552  0.1852018255
     102  1.2691733765  0.0840706762
     103  1.9998296934  0.6930886922
     104  2.1887372467  0.6536314380
     105  1.1817371432  0.6699107346
     106 -0.0000000000  0.6380376438
     107 -0.0000000000  0.7488193865
     108  2.9414065771  0.5361187621
     109  3.0339026093  0.5650506915
     110  2.7119177829  0.6283222677
     111  3.1191466359  0.3573567001
     112  3.0683849856  0.4269541776
     113  3.1306666363  0.4961926245
     114  2.7767427000  0.2142688640
     115  2.5697130718  0.3165603342
     116  2.8654179716  0.3695393231
     117  2.0754377426  0.1507043766
     118  1.6926876109  0.2812887111
     119  2.1726644262  0.2832965254
     120  1.0332343739  0.2244180911
     121  0.3526049940  0.3901167594
     122  1.0500860730  0.3169022617
     123  0.1302148568  0.3611950560
     124 -0.5967841509  0.5041344367
     125 -0.1235205942  0.4312887505
     126  2.1030470169  0.5842491535
     127  2.0143849685  0.4705448576
     128  1.0719491254  0.4240433401
     129 -0.0000000000  0.3458954292
     130 -0.0000000000  0.5011433184
     131  3.1114059452  0.5683577425
     132  3.1307749446  0.5643008907
     133  3.0912375633  0.5777550642
     134  2.9474638660  0.5821870914
     135  2.6351919496  0.6156656312
     136  2.9837562281  0.5446505132
     137  3.0161547488  0.4938264893
     138  2.6327341105  0.4878958614
     139  3.1079504615  0.5530724350
     140  3.0541510731  0.5293906689
     141  3.1306536619  0.5174259704
     142  2.9696110144  0.4786680268
     143  2.8268569452  0.5153363205
     144  3.0462787714  0.5410367385
     145  2.6521357003  0.5369965105
     146  2.4418562915  0.5430340270
     147  2.8202457219  0.5388470758
     148  2.3367953024  0.4034534267
     149  2.0702193840  0.4715567726
     150  2.4818802355  0.4924128010
     151  1.7624208557  0.5205133890
     152  1.4273440392  0.5515010426
     153  1.9563439622  0.5469835743
     154  1.4003794599  0.3828363002
     155  1.0919199611  0.4650726454
     156  1.6079326388  0.4606790603
     157  0.6970911303  0.5278536263
     158  0.2901924564  0.5726196305
     159  0.8745439988  0.5585806732
     160  0.2896438154  0.4442551376
     161  0.2265672510  0.4964137216
     162  0.6659325582  0.4753445330
     163 -0.4838528369  0.5274893675
     164 -1.2857729287  0.6284275079
     165 -1.0100040021  0.6152968726
     166 -0.7251820066  0.6085414708
     167 -0.2522579391  0.5598462688
     168 -0.2204252718  0.5868793843
     169 -1.2914414659  0.6112959697
     170 -1.9161020151  0.6811155539
     171 -1.6120848512  0.6535692881
     172  2.0337857290  0.3398324742
     173  2.0530525931  0.1946334520
     174  1.0958031351  0.1161462871
     175 -0.0000000000  0.0138143078
     176 -0.0000000000  0.1806207355
     177  3.0751090847  0.4046994718
     178  3.1133292773  0.3008122077
     179  2.7748672845  0.2579198919
     180  2.9602540840  0.4901780059
     181  2.8309229559  0.4385992000
     182  3.0881259122  0.3804200585
     183  2.1899188824  0.5337214467
     184  1.9065669639  0.5097308478
     185  2.4369899529  0.4790066352
     186  1.0627798550  0.5650370732
     187  0.6810961961  0.5608884484
     188  1.3002344343  0.5355915330
     189 -0.1616487484  0.6012597051
     190 -0.6101233207  0.6091873278
     191  0.0362651897  0.5852370720
     192 -1.3336374922  0.6501053629
     193 -1.8855782939  0.6600047793
     194 -1.2801279575  0.6359905458
     195 -1.9226399625  0.6837571119
     196 -2.4511493605  0.7024799065
     197 -2.1858112833  0.6845508257
     198 -2.4369143157  0.7133432738
     199 -2.8256531790  0.7091031320
     200 -2.6553458440  0.7117441226
     201  2.0280193794  0.0406269244
     202  2.0027611001 -0.1110211811
     203  1.0648282452 -0.1952993708
     204 -0.0000000000 -0.2919495183
     205 -0.0000000000 -0.1462586625
     206  3.0941575320  0.1631289013
     207  3.0682367223  0.0152636240
     208  2.6872710475 -0.0410515986
     209  2.6183513952  0.3874839216
     210  2.3553790928  0.3305397312
     211  2.7082202507  0.2887587825
     212  2.9600129593  0.2400574545
     213  3.1119105257  0.2709554227
     214  2.9358278105  0.1616598349
     215  2.9101035382  0.0809586092
     216  3.1193783590  0.0524112251
     217  2.1392978073  0.2567340854
     218  1.9021619010  0.1782197467
     219  2.4964549913  0.1343240016
     220  1.5829663327  0.4729345641
     221  1.2348114753  0.4245417411
     222  1.8406680482  0.3819962555
     223  0.8791800835  0.3645018811
     224  0.5107497002  0.2962351053
     225  1.2434334772  0.2426066298
     226  0.2996020993  0.5395688171
     227 -0.0864473611  0.5029862464
     228  0.5635092498  0.4643688055
     229 -0.4900704096  0.4533459982
     230 -0.8854797794  0.3923606503
     231 -0.2169417975  0.3451027726
     232 -0.9383091780  0.5948691962
     233 -1.2555163316  0.5638287216
     234 -0.6836041703  0.5362641755
     235 -1.6567443536  0.5219239574
     236 -2.0232271592  0.4668987708
     237 -1.4863509790  0.4348961461
     238 -1.9476497978  0.6380502989
     239 -2.0085006357  0.6040386831
     240 -1.6485727181  0.5859436283
     241 -2.4745434415  0.6495553649
     242 -2.8907966713  0.6092334666
     243 -2.7746022745  0.5797594542
     244 -2.6372126415  0.5397167295
     245 -2.3501202523  0.5768947183
     246 -2.3564675181  0.5085034285
     247 -2.8473167847  0.6863906287
     248 -3.0770147793  0.6371679443
     249 -3.0000724763  0.6302601592
     250 -3.0612460459  0.6708738144
     251 -3.1309261958  0.6023938978
     252 -3.1208242780  0.6289670388
     253  1.9962149882 -0.2477561715
     254  1.9896541749 -0.3664450619
     255  1.0568256541 -0.4394054486
     256 -0.0000000000 -0.5146783948
     257 -0.0000000000 -0.4165689710
     258  3.0672494212 -0.1146571541
     259  3.0662552500 -0.2350470281
     260  2.6803578081 -0.2967593128
     261  2.8645797563 -0.0261841244
     262  2.8150112317 -0.1288657079
     263  3.1073974291 -0.1770388000
     264  1.5952173236  0.0765915220
     265  1.2659685959 -0.0239779163
     266  2.1726171088 -0.0696917225
     267  0.1171410383  0.2186041101
     268 -0.2783378223  0.1371283728
     269  0.5099990469  0.0621721077
     270 -1.2821650281  0.3189555205
     271 -1.6554605180  0.2384557370
     272 -1.0173940369  0.1886602841
     273 -2.4257911109  0.3841557758
     274 -2.7467370388  0.2888578994
     275 -2.2754880067  0.2717052188
     276 -2.9219759398  0.4746249803
     277 -3.0883745095  0.3954329516
     278 -2.9588770940  0.3514876725
     279 -3.0907273983  0.5430015185
     280 -3.1236801209  0.4557788896
     281 -3.1280679003  0.4338059024
     282 -3.1278027094  0.5602430842
     283 -3.0046930311  0.4601333097
     284 -3.0818919720  0.4670929158
     285 -3.0309163637  0.5085007317
     286 -2.7666383830  0.3949166463
     287 -2.9004378416  0.4374489624
     288  1.9950710938 -0.4601105921
     289  2.0004778636 -0.5259437739
     290  1.0634321863 -0.5746028263
     291 -0.0000000000 -0.6171675226
     292 -0.0000000000 -0.5823205808
     293  3.0702916300 -0.3400115387
     294  3.0742000303 -0.4232225712
     295  2.6943183975 -0.4739909741
     296  2.7959892759 -0.2349870275
     297  2.7764457440 -0.3253261381
     298  3.0989517011 -0.3715913149
     299  1.3003628056 -0.1399042014
     300  1.3345678307 -0.2435258541
     301  2.1689335062 -0.2804184598
     302 -0.7016293546  0.0698668010
     303 -1.1117787722  0.0027816370
     304 -0.5970824399 -0.0341735995
     305 -0.0649491195 -0.0756289209
     306  0.6151274324 -0.0483272247
     307 -0.2007028905 -0.1391939154
     308 -0.3360795726 -0.1977452126
     309  0.5185711603 -0.2169175723
     310 -1.4054324255 -0.0665138225
     311 -1.6843369033 -0.1317803813
     312 -1.0375754979 -0.1614705654
     313 -1.9018402540  0.1592775380
     314 -2.1308254372  0.0791722275
     315 -1.6652083368  0.0415001861
     316 -2.3925329904  0.0076394696
     317 -2.6191754750 -0.0616633986
     318 -2.2133818437 -0.0962115043
     319 -2.7418966654  0.2100780687
     320 -2.7370258872  0.1280065091
     321 -2.4644350410  0.1066887474
     322 -3.0416431576  0.2050859521
     323 -3.1309589755  0.1120066639
     324 -3.1149074399  0.0641570205
     325 -3.0511963049  0.0084057394
     326 -2.9227713023  0.0683682833
     327 -2.8799434900 -0.0226900935
     328 -3.1250197703  0.2994084695
     329 -2.9952647660  0.1935933242
     330 -3.0924549605  0.1601485661
     331 -2.9862102747  0.3494306696
     332 -2.6849593379  0.2312980321
     333 -2.8614639146  0.2211224265
     334 -2.7177220803  0.3431821544
     335 -2.2822458036  0.2153437245
     336 -2.4978357839  0.2325781195
     337 -2.3524143864  0.2679870612
     338 -1.8106923426  0.1343952865
     339 -2.0567469148  0.1837448519
     340  2.0141571482 -0.5611954731
     341  2.0277713189 -0.5646244165
     342  1.0801778231 -0.5820149465
     343 -0.0000000000 -0.5876464831
     344 -0.0000000000 -0.6185906082
     345  3.0817109504 -0.4805277314
     346  3.0886994057 -0.5093026355
     347  2.7237104564 -0.5395197333
     348  2.7425908443 -0.3963197642
     349  2.7072997885 -0.4425874172
     350  3.0807681256 -0.4759531503
     351  1.2305388991 -0.3202609116
     352  1.1248817436 -0.3769411930
     353  2.0312763587 -0.4079612634
     354 -0.5802057141 -0.2664249387
     355 -0.8207315540 -0.3214931682
     356  0.1600144748 -0.3462168190
     357 -1.9758794244 -0.1997978303
     358 -2.2413710354 -0.2587492787
     359 -1.5869657033 -0.2874612397
     360 -2.8332079868 -0.1358033385
     361 -2.9917338704 -0.2030736310
     362 -2.7021707735 -0.2304715933
     363 -3.1284507111 -0.0757908599
     364 -3.1021747739 -0.1550780600
     365 -3.1212452599 -0.1743940390
     366 -3.0361317291  0.0116995469
     367 -2.7853447655 -0.0869962351
     368 -2.9861724988 -0.1160124958
     369 -2.6992937558  0.0782139871
     370 -2.2542835920 -0.0370022507
     371 -2.5470065555 -0.0552044564
     372 -2.2340442692  0.1054116060
     373 -1.6594590093 -0.0202477249
     374 -1.9716588069 -0.0208785990
     375 -1.7175095395  0.0818793739
     376 -1.0575287196 -0.0492490972
     377 -1.3663108481 -0.0268785137
     378 -1.1708367418  0.0008617315
     379 -0.4675244231 -0.1261600139
     380 -0.7661509490 -0.0811224831
     381  2.0466223826 -0.5364263077
     382  2.0653448995 -0.4790915290
     383  1.1034385974 -0.4669691334
     384 -0.0000000000 -0.4406505852
     385 -0.0000000000 -0.5269795874
     386  3.0971828575 -0.5080031291
     387  3.1047371054 -0.4765119729
     388  2.7618501330 -0.4824472416
     389  2.6576430637 -0.4619768553
     390  2.6054752157 -0.4526285284
     391  3.0502133737 -0.4671492579
     392  0.9627085567 -0.4119195671
     393  0.7976313895 -0.4199711361
     394  1.8198696396 -0.4369326583
     395 -1.1939395751 -0.3675700687
     396 -1.5482281915 -0.3885528997
     397 -0.4053256780 -0.4028411903
     398 -2.5128522140 -0.3112516960
     399 -2.7394995286 -0.3494635547
     400 -2.2268962993 -0.3705380003
     401 -3.0965843370 -0.2680687467
     402 -3.1316124728 -0.3200044909
     403 -3.0377746829 -0.3344844802
     404 -2.9394548705 -0.2466465225
     405 -2.6414954807 -0.3200185182
     406 -3.0063285780 -0.3152568778
     407 -2.3675384035 -0.1884081493
     408 -1.8152558222 -0.2772520928
     409 -2.2704083607 -0.2950226873
     410 -1.6667508591 -0.1511809976
     411 -0.9818073641 -0.2534964348
     412 -1.4143492695 -0.2603713884
     413 -0.9712712622 -0.1437343161
     414 -0.2259481674 -0.2542697169
     415 -0.6084981443 -0.2482604948
     416 -0.3310631867 -0.1730677268
     417  0.4141500689 -0.2820476178
     418  0.0945967195 -0.2628635179
     419  0.2611281447 -0.2407664397
     420  0.9756266933 -0.3378595006
     421  0.6978460323 -0.3062834806
     422  2.0858118183 -0.3940681169
     423  2.1061220459 -0.2882918873
     424  1.1289789706 -0.2572619558
     425 -0.0000000000 -0.2128434476
     426 -0.0000000000 -0.3338973276
     427  3.1117197768 -0.4146091283
     428  3.1176568219 -0.3277497973
     429  2.8007789901 -0.3135052075
     430  2.5569769006 -0.4127542961
     431  2.5065664018 -0.3452121887
     432  3.0146322171 -0.3406240153
     433  0.7066101310 -0.4001042134
     434  0.6149553854 -0.3512911180
     435  1.6709309864 -0.3510814496
     436 -1.5331951817 -0.3855187092
     437 -1.5181155308 -0.3510964049
     438 -0.4810553777 -0.3525798819
     439 -2.9357252068 -0.3698367457
     440 -3.0658220538 -0.3791506668
     441 -2.8948566795 -0.3803436738
     442 -2.6240313139 -0.3808648597
     443 -2.1467253886 -0.3856171721
     444 -2.7072174997 -0.3695346470
     445 -2.7834585825 -0.3475023012
     446 -2.2474402499 -0.3495526215
     447 -3.1195479924 -0.3766468443
     448 -3.1302295187 -0.3615616180
     449 -3.0539674062 -0.3552630720
     450 -3.1133042729 -0.3551239110
     451 -3.0589900739 -0.3764585586
     452 -3.1314590966 -0.3777711280
     453 -2.9353356367 -0.3843768677
     454 -2.7541204394 -0.3796855197
     455 -3.0195224082 -0.3707187501
     456 -2.6459186880 -0.3541814622
     457 -2.6503250920 -0.3772031334
     458 -2.8979137140 -0.3760933481
     459 -2.0304435075 -0.3704535523
     460 -1.2400396601 -0.4042110394
     461 -1.6280600308 -0.4018755625
     462 -1.9844140866 -0.3964813831
     463 -2.3478715575 -0.3911105760
     464 -2.4146659004 -0.3887421149
     465 -1.0790501427 -0.3525920381
     466 -0.2666444084 -0.4063595141
     467 -0.7632055691 -0.4049258503
     468 -0.1843593715 -0.3438701725
     469  0.6254786703 -0.4106334247
     470  0.1812716639 -0.4066655363
     471  0.5629856473 -0.3498459210
     472  1.3160832773 -0.4209088432
     473  0.9773860305 -0.4134089691
     474  1.1548375192 -0.3733532950
     475  1.8265248222 -0.4396366237
     476  1.5783456314 -0.4281801384
     477  1.6372484750 -0.4133622605
     478  2.2101371141 -0.4643808513
     479  2.0248670439 -0.4512313062
     480  2.1262073991 -0.1635880685
     481  2.1461318988 -0.0320181218
     482  1.1543517818  0.0013160520
     483 -0.0000000000  0.0452309787
     484 -0.0000000000 -0.0841712118
     485  3.1228415436 -0.2146497389
     486  3.1268289270 -0.0889695692
     487  2.8392749871 -0.0655413463
     488  2.4459660240 -0.2489051204
     489  2.3829228753 -0.1355436254
     490  2.9672875078 -0.1169095622
     491  0.4853666684 -0.2731805394
     492  0.3549203424 -0.1749519354
     493  1.4714925891 -0.1593388848
     494 -1.6571219647 -0.2904897024
     495 -1.7917329119 -0.2096587514
     496 -0.7680034620 -0.1957264017
     497 -2.8987332278 -0.3017925983
     498 -2.9916080782 -0.2410548570
     499 -2.5287443762 -0.2280349517
     500 -3.0892721677 -0.3281610755
     501 -2.9921796644 -0.2801305433
     502 -3.1316128726 -0.2631594226
     503 -2.4598100851 -0.3586631193
     504 -2.0935330807 -0.3221496002
     505 -2.6264419407 -0.3014080936
     506 -1.4325090450 -0.3886993554
     507 -0.8169501733 -0.3639918470
     508 -1.4960632765 -0.3453529346
     509 -0.4401611397 -0.4159331882
     510  0.3906987830 -0.4038213215
     511 -0.2172225297 -0.3860997682
     512  0.5987610493 -0.4361598234
     513  1.4183110841 -0.4363228489
     514  0.9181249373 -0.4218605780
     515  1.4388694778 -0.4520311933
     516  2.1431008570 -0.4608341378
     517  1.7987690778 -0.4498820314
     518  2.0256483735 -0.4660907645
     519  2.5887594855 -0.4779797431
     520  2.3802408889 -0.4704415062
     521  2.4086195332 -0.4791996211
     522  2.8352421245 -0.4877288751
     523  2.7206040748 -0.4839473189
     524  2.6632387086 -0.4893080626
     525  2.9719982235 -0.4878656473
     526  2.9086746998 -0.4894325994
     527  2.1603005610  0.1074202348
     528  2.1743853487  0.2350262239
     529  1.1737545456  0.2578790993
     530 -0.0000000000  0.2797374458
     531 -0.0000000000  0.1686209212
     532  3.1296261969  0.0520459953
     533  3.1312139685  0.1847520575
     534  2.8743167701  0.2103631420
     535  2.3065096979 -0.0015097142
     536  2.2269673221  0.1292830872
     537  2.9030313788  0.1574323237
     538  0.1783883959 -0.0538344811
     539  0.0012861647  0.0693877089
     540  1.1962303040  0.0996497380
     541 -1.9932151353 -0.1049282560
     542 -2.1816900637  0.0062612174
     543 -1.1913686471  0.0379965418
     544 -3.0799841853 -0.1541997469
     545 -3.1252974567 -0.0584897009
     546 -2.8524895517 -0.0261232125
     547 -2.8038671926 -0.2072685629
     548 -2.5420702514 -0.1229290568
     549 -3.0029496654 -0.0909279407
     550 -1.5763516308 -0.2609049137
     551 -0.9933323939 -0.1849260732
     552 -1.8356772516 -0.1543687938
     553 -0.0571526702 -0.3127282903
     554  0.7060770424 -0.2423365201
     555 -0.1196439230 -0.2142900908
     556  1.2482669353 -0.3614929955
     557  2.0051936097 -0.2931986463
     558  1.4216357677 -0.2686197893
     559  2.1849034287 -0.4021980308
     560  2.7535322456 -0.3359091317
     561  2.4432655771 -0.3155595361
     562  2.7299051927 -0.4330205596
     563  3.0647102571 -0.3693562645
     564  2.9509159910 -0.3537415579
     565  2.9897982816 -0.4534204413
     566  3.1315462656 -0.3929808397
     567  3.1170146324 -0.3823256237
     568  3.0892226559 -0.4631875939
     569  3.1129880819 -0.4067718282
     570  3.1257712056 -0.4010294686
     571  3.1196831076 -0.4610800274
     572  3.0982871686 -0.4111978585
     573  3.1023608412 -0.4100894311
     574 -0.9069244441  0.2492227678
     575 -0.4635044496  0.1794186280
     576 -0.6207129065  0.5019938683
     577 -1.2167985279  0.5746477385
     578 -1.0633320084  0.4119274433
     579 -1.7191028151  0.2422361929
     580 -1.3429006154  0.2688492807
     581 -1.6871732309  0.5891710800
     582 -2.1089663954  0.5945276215
     583 -1.9200026108  0.4256633796
     584 -2.2764318296  0.1082327029
     585 -2.0344120428  0.1828047382
     586 -2.4459336716  0.5918938680
     587 -2.6847576494  0.5708674490
     588 -2.4951582537  0.3565124044
     589 -2.5579388226 -0.0221488780
     590 -2.4461096665  0.0364790937
     591 -2.8662440608  0.5752039107
     592 -3.0021858602  0.6379210158
     593 -2.8175071561  0.3437014479
     594 -2.6351614937 -0.0692301229
     595 -2.6162250297 -0.0571207726
     596 -3.0714602524  0.6944025524
     597 -3.1146504673  0.8012690916
     598 -2.9549824563  0.4317411470
     599 -0.8650446456  0.8151219752
     600 -1.6627718253  0.9101170598
     601 -1.4444440057  0.7601067504
     602 -2.1340650994  0.9215522264
     603 -2.5285383028  0.9256762437
     604 -2.3305017331  0.7737203450
     605 -2.8218548462  0.9532282088
     606 -2.9992229318  0.9638116416
     607 -2.8641535618  0.7875733778
     608 -3.1174817649  1.0309466224
     609 -3.1154193889  1.1249704128
     610 -3.1179689865  0.9200498146
     611 -3.0476125109  1.1711481402
     612 -2.9280587854  1.2414776629
     613 -3.1055104137  1.0669815749
     614 -0.8371405611  0.9448751045
     615 -1.6133534395  1.0285001359
     616 -1.6381327412  0.9906893317
     617 -2.0978487761  1.0056205674
     618 -2.4693321570  1.0897401736
     619 -2.6990153779  1.1122780205
     620 -2.8827744407  1.1338771657
     621 -2.7235975080  1.0415330923
     622 -2.1638279390  1.0942403545
     623 -2.6084793553  1.1544314008
     624 -2.5407411639  1.1309191022
     625 -2.8803293053  1.1967986014
     626 -3.0559401278  1.2344010465
     627 -2.9815660615  1.1961932126
     628 -3.0364304956  1.1614996402
     629 -3.1129607991  1.1803241182
     630 -3.0688757338  1.0869143163
     631 -3.1280818320  1.2646278305
     632 -3.1135017274  1.2871823082
     633 -3.1316120242  1.2469640187
     634 -3.1314485576  1.2022282678
     635 -3.1053119657  1.2289219540
     636 -3.1106693439  1.1796042328
     637 -2.6118840589  1.3385468856
     638 -2.9491177417  1.2690647946
     639 -3.0290214440  1.2863658224
     640 -2.9039583139  1.3205650322
     641 -2.7718735346  1.3290336435
     642 -3.0376188363  1.3041756540
     643 -2.3814024991  1.3481585401
     644 -2.1152890612  1.3463549114
     645 -2.5919113858  1.3323917833
     646 -0.9425823053  0.9176254601
     647 -1.7977423295  1.0042909224
     648 -1.7066001890  1.0367207537
     649 -2.3855610245  1.0794192512
     650 -2.8196035373  1.1435763384
     651 -2.7203456670  1.1634740553
     652 -3.0444573196  1.1952912690
     653 -3.1308009909  1.2349712755
     654 -3.1085158560  1.2487893628
     655 -3.0836538684  1.2642502784
     656 -2.9385477407  1.2870822672
     657 -3.0489415912  1.3022281904
     658 -2.7130864776  1.3020269410
     659 -2.4094338000  1.3046559654
     660 -2.6887775226  1.3304751713
     661 -2.0620226450  1.3008488866
     662 -1.6625107545  1.2782656554
     663 -2.1867891542  1.3373031325
     664 -1.2691733765  1.2425799982
     665 -0.8501557552  1.1739823497
     666 -1.5240234553  1.2906728471
     667 -1.1817371432  0.7349616023
     668 -2.1887372467  0.8151274374
     669 -1.9998296934  0.9319228793
     670 -2.7119177829  0.9262360257
     671 -3.0339026093  1.0171635395
     672 -2.9414065771  1.0958071350
     673 -3.1306666363  1.0772372251
     674 -3.0683849856  1.1183879201
     675 -3.1191466359  1.1910498216
     676 -2.8654179716  1.1415258700
     677 -2.5697130718  1.1603636777
     678 -2.7767427000  1.2386600024
     679 -2.1726644262  1.1616331440
     680 -1.6926876109  1.1391634538
     681 -2.0754377426  1.2389424009
     682 -1.0500860730  1.0811036726
     683 -0.3526049940  0.9803076064
     684 -1.0332343739  1.1546740832
     685  0.1235205942  0.9167823442
     686  0.5967841509  0.7992901647
     687 -0.1302148568  1.0063878017
     688 -1.0719491254  0.4079726329
     689 -2.0143849685  0.4548704307
     690 -2.1030470169  0.6455401681
     691 -2.6351919496  0.7802657309
     692 -2.9474638660  0.7244751831
     693 -3.0912375633  0.7789003953
     694 -3.1307749446  0.8224665236
     695 -3.1114059452  0.9307508899
     696 -2.6327341105  0.4730168637
     697 -3.0161547488  0.4705988055
     698 -2.9837562281  0.6015581809
     699 -3.1306536619  0.5191951826
     700 -3.0541510731  0.5491382025
     701 -3.1079504615  0.6921020313
     702 -3.0462787714  0.8707974151
     703 -2.8268569452  0.9001325223
     704 -2.9696110144  1.0206708035
     705 -2.8202457219  0.5891099432
     706 -2.4418562915  0.6071607502
     707 -2.6521357003  0.7607974234
     708 -2.4818802355  0.9143168805
     709 -2.0702193840  0.9265167258
     710 -2.3367953024  1.0547557461
     711 -1.9563439622  0.6139308484
     712 -1.4273440392  0.6201941365
     713 -1.7624208557  0.7803976889
     714 -1.6079326388  0.9217053907
     715 -1.0919199611  0.8936833786
     716 -1.4003794599  1.0262978176
     717 -0.8745439988  0.6140285576
     718 -0.2901924564  0.5818389733
     719 -0.6970911303  0.7437404256
     720 -0.6659325582  0.8636183939
     721 -0.2265672510  0.8165934386
     722 -0.2896438154  0.9068713604
     723  1.2857729287  0.4941591205
     724  0.4838528369  0.7532990362
     725  0.2522579391  0.6663558370
     726  0.7251820066  0.5069436057
     727  1.0100040021  0.5152331285
     728  0.2204252718  0.5575968549
     729  1.6120848512  0.4247800178
     730  1.9161020151  0.3164801707
     731  1.2914414659  0.5650395538
     732 -1.0958031351  0.0538938931
     733 -2.0530525931  0.0795427771
     734 -2.0337857290  0.2685221208
     735 -2.7748672845  0.0917978347
     736 -3.1133292773  0.0771346638
     737 -3.0751090847  0.2754113282
     738 -3.0881259122  0.1542255768
     739 -2.8309229559  0.2106455933
     740 -2.9602540840  0.3824960456
     741 -2.4369899529  0.2495252266
     742 -1.9065669639  0.2658048329
     743 -2.1899188824  0.4392454244
     744 -1.3002344343  0.2659271598
     745 -0.6810961961  0.2666584068
     746 -1.0627798550  0.4459011496
     747 -0.0362651897  0.2497624357
     748  0.6101233207  0.2059482591
     749  0.1616487484  0.3956471743
     750  1.2801279575  0.1370329335
     751  1.8855782939  0.0364727434
     752  1.3336374922  0.2714795748
     753  2.1858112833  0.0344432686
     754  2.4511493605 -0.0074148368
     755  1.9226399625  0.2425235930
     756  2.6553458440 -0.0748067149
     757  2.8256531790 -0.1728526716
     758  2.4369143157  0.0664287809
     759 -1.0648282452 -0.2759586034
     760 -2.0027611001 -0.2696765523
     761 -2.0280193794 -0.1026162296
     762 -2.6872710475 -0.2742812713
     763 -3.0682367223 -0.2938331500
     764 -3.0941575320 -0.1164991489
     765 -3.1119105257 -0.0257682069
     766 -2.9600129593 -0.1356502620
     767 -2.7082202507 -0.1147109844
     768 -2.3553790928 -0.1035102664
     769 -2.6183513952  0.0523497473
     770 -3.1193783590 -0.3250961990
     771 -2.9101035382 -0.3689217637
     772 -2.9358278105 -0.2568769838
     773 -2.4964549913 -0.3778783483
     774 -1.9021619010 -0.4002249993
     775 -2.1392978073 -0.2584428855
     776 -1.8406680482 -0.0828240056
     777 -1.2348114753 -0.0791383227
     778 -1.5829663327  0.0912995397
     779 -1.2434334772 -0.3888936437
     780 -0.5107497002 -0.3926882957
     781 -0.8791800835 -0.2425834383
     782 -0.5635092498 -0.0839368413
     783  0.0864473611 -0.0874945678
     784 -0.2996020993  0.0870958817
     785  0.2169417975 -0.4008565715
     786  0.8854797794 -0.4073921319
     787  0.4900704096 -0.2545014991
     788  0.6836041703 -0.1000537364
     789  1.2555163316 -0.1321018249
     790  0.9383091780  0.0342104553
     791  1.4863509790 -0.4190674439
     792  2.0232271592 -0.4478434439
     793  1.6567443536 -0.2975882173
     794  1.6485727181 -0.1539580223
     795  2.0085006357 -0.1883823656
     796  1.9476497978 -0.0738662954
     797  2.8907966713 -0.4142244587
     798  2.4745434415 -0.1982500300
     799  2.3501202523 -0.3257134252
     800  2.6372126415 -0.4522759721
     801  2.7746022745 -0.4253638183
     802  2.3564675181 -0.4419985133
     803  3.0000724763 -0.4240033798
     804  3.0770147793 -0.4560890111
     805  2.8473167847 -0.2444587020
     806  3.1208242780 -0.5076516919
     807  3.1309261958 -0.5758414381
     808  3.0612460459 -0.3901650574
     809 -1.0568256541 -0.5188729916
     810 -1.9896541749 -0.5277090180
     811 -1.9962149882 -0.4123737265
     812 -2.6803578081 -0.5395053100
     813 -3.0662552500 -0.5592958841
     814 -3.0672494212 -0.4399717479
     815 -3.1073974291 -0.5806961622
     816 -2.8150112317 -0.6112519796
     817 -2.8645797563 -0.5020778645
     818 -2.1726171088 -0.6368736437
     819 -1.2659685959 -0.6735718697
     820 -1.5952173236 -0.5526471207
     821 -0.5099990469 -0.6559818441
     822  0.2783378223 -0.6471464481
     823 -0.1171410383 -0.5311476788
     824  1.0173940369 -0.6570068366
     825  1.6554605180 -0.6651191116
     826  1.2821650281 -0.5479082386
     827  2.2754880067 -0.6942410927
     828  2.7467370388 -0.7333341395
     829  2.4257911109 -0.6080804767
     830  2.9588770940 -0.7203770821
     831  3.0883745095 -0.7212286280
     832  2.9219759398 -0.6010850106
     833  3.1280679003 -0.7165240277
     834  3.1236801209 -0.7242123595
     835  3.0907273983 -0.5868784712
     836  3.0818919720 -0.7370344365
     837  3.0046930311 -0.7609896326
     838  3.1278027094 -0.6291848014
     839  2.9004378416 -0.7901149589
     840  2.7666383830 -0.8234985865
     841  3.0309163637 -0.7221321150
     842 -1.0634321863 -0.6389882994
     843 -2.0004778636 -0.6606338445
     844 -1.9950710938 -0.6113233767
     845 -2.6943183975 -0.6818264122
     846 -3.0742000303 -0.7045536016
     847 -3.0702916300 -0.6494897259
     848 -3.0989517011 -0.7259939328
     849 -2.7764457440 -0.7493207519
     850 -2.7959892759 -0.6974261849
     851 -2.1689335062 -0.7705668390
     852 -1.3345678307 -0.7925637163
     853 -1.3003628056 -0.7507050283
     854 -0.6151274324 -0.7329645173
     855  0.0649491195 -0.7819871635
     856  0.5970824399 -0.7851463303
     857  1.1117787722 -0.7903678661
     858  0.7016293546 -0.7292441300
     859 -0.5185711603 -0.8098029925
     860  0.3360795726 -0.8250070506
     861  0.2007028905 -0.8112954456
     862  1.0375754979 -0.8344743321
     863  1.6843369033 -0.8434030779
     864  1.4054324255 -0.8274880303
     865  1.6652083368 -0.7981323035
     866  2.1308254372 -0.8048470489
     867  1.9018402540 -0.7457098624
     868  2.2133818437 -0.8508360183
     869  2.6191754750 -0.8572474927
     870  2.3925329904 -0.8418674180
     871  2.4644350410 -0.8120854281
     872  2.7370258872 -0.8215173668
     873  2.7418966654 -0.7827060940
     874  3.1309589755 -0.8674775810
     875  3.0416431576 -0.8203017733
     876  2.9227713023 -0.8524864630
     877  3.0511963049 -0.8666841348
     878  3.1149074399 -0.8675832175
     879  2.8799434900 -0.8620958925
     880  3.0924549605 -0.8670121924
     881  2.9952647660 -0.8685723403
     882  3.1250197703 -0.8154669151
     883  2.8614639146 -0.8701556638
     884  2.6849593379 -0.8744318336
     885  2.9862102747 -0.8221026406
     886  2.4978357839 -0.8785951499
     887  2.2822458036 -0.8832163731
     888  2.7177220803 -0.8461792465
     889  2.0567469148 -0.8852244814
     890  1.8106923426 -0.8813891478
     891  2.3524143864 -0.8768056300
     892 -1.0801778231 -0.6225246664
     893 -2.0277713189 -0.6532829498
     894 -2.0141571482 -0.6747328092
     895 -2.7237104564 -0.6815443994
     896 -3.0886994057 -0.7057355520
     897 -3.0817109504 -0.7236367905
     898 -3.0807681256 -0.7279430567
     899 -2.7072997885 -0.7454277158
     900 -2.7425908443 -0.7661757519
     901 -2.0312763587 -0.7616379978
     902 -1.1248817436 -0.7718898112
     903 -1.2305388991 -0.7999582435
     904 -0.1600144748 -0.7812267376
     905  0.8207315540 -0.7835449871
     906  0.5802057141 -0.8189226766
     907  1.5869657033 -0.7957895219
     908  2.2413710354 -0.8020280404
     909  1.9758794244 -0.8358603216
     910  2.7021707735 -0.8081233179
     911  2.9917338704 -0.8133419851
     912  2.8332079868 -0.8487024035
     913  3.1212452599 -0.8190182484
     914  3.1021747739 -0.8184052037
     915  3.1284507111 -0.8582342022
     916  2.9861724988 -0.8306561266
     917  2.7853447655 -0.8362660247
     918  3.0361317291 -0.8719584891
     919  2.5470065555 -0.8432449810
     920  2.2542835920 -0.8439845130
     921  2.6992937558 -0.8786503655
     922  1.9716588069 -0.8447390402
     923  1.6594590093 -0.8391218798
     924  2.2340442692 -0.8799380954
     925  1.3663108481 -0.8307422418
     926  1.0575287196 -0.8139424883
     927  1.7175095395 -0.8718204876
     928  0.7661509490 -0.7901437408
     929  0.4675244231 -0.7537012879
     930  1.1708367418 -0.8390116082
     931 -1.1034385974 -0.4800240419
     932 -2.0653448995 -0.5125049540
     933 -2.0466223826 -0.5978877061
     934 -2.7618501330 -0.5417025281
     935 -3.1047371054 -0.5625968948
     936 -3.0971828575 -0.6507452585
     937 -3.0502133737 -0.5831099204
     938 -2.6054752157 -0.5935912176
     939 -2.6576430637 -0.6865723174
     940 -1.8198696396 -0.6038265612
     941 -0.7976313895 -0.6016218783
     942 -0.9627085567 -0.7041646444
     943  0.4053256780 -0.5985674846
     944  1.5482281915 -0.5778742635
     945  1.1939395751 -0.6997936592
     946  2.2268962993 -0.6173224547
     947  2.7394995286 -0.6430068472
     948  2.5128522140 -0.7359323002
     949  3.0377746829 -0.6463039824
     950  3.1316124728 -0.6491091954
     951  3.0965843370 -0.7448012061
     952  3.0063285780 -0.6289362099
     953  2.6414954807 -0.5926180336
     954  2.9394548705 -0.7254806016
     955  2.2704083607 -0.6224515697
     956  1.8152558222 -0.6345258610
     957  2.3675384035 -0.7547658576
     958  1.4143492695 -0.6463285439
     959  0.9818073641 -0.6440212383
     960  1.6667508591 -0.7636905145
     961  0.6084981443 -0.6416367028
     962  0.2259481674 -0.6257086670
     963  0.9712712622 -0.7520403197
     964 -0.0945967195 -0.6081321136
     965 -0.4141500689 -0.5763612497
     966  0.3310631867 -0.7129810519
     967 -0.6978460323 -0.5361393738
     968 -0.9756266933 -0.4800399899
     969 -0.2611281447 -0.6314862789
     970 -1.1289789706 -0.2443271058
     971 -2.1061220459 -0.2673965457
     972 -2.0858118183 -0.3993135147
     973 -2.8007789901 -0.2888550312
     974 -3.1176568219 -0.2996619749
     975 -3.1117197768 -0.4419292841
     976 -3.0146322171 -0.3115969293
     977 -2.5065664018 -0.3107847492
     978 -2.5569769006 -0.4637143941
     979 -1.6709309864 -0.3130374980
     980 -0.6149553854 -0.3006568724
     981 -0.7066101310 -0.4623042530
     982  0.4810553777 -0.2876890613
     983  1.5181155308 -0.2591473042
     984  1.5331951817 -0.4285402782
     985  2.1467253886 -0.4987659257
     986  2.6240313139 -0.4066846877
     987  2.8948566795 -0.4182277870
     988  3.0658220538 -0.4232769899
     989  2.9357252068 -0.5406135153
     990  2.2474402499 -0.2256914270
     991  2.7834585825 -0.1804859270
     992  2.7072174997 -0.2959571951
     993  3.0539674062 -0.1746322711
     994  3.1302295187 -0.1580586386
     995  3.1195479924 -0.2937895620
     996  3.1314590966 -0.4236009541
     997  3.0589900739 -0.4238629009
     998  3.1133042729 -0.5436849286
     999  3.0195224082 -0.1561027391
    1000  2.7541204394 -0.1543441600
    1001  2.9353356367 -0.2922205108
    1002  2.8979137140 -0.4191685732
    1003  2.6503250920 -0.4075429931
    1004  2.6459186880 -0.5055221877
    1005  1.2400396601 -0.2477975415
    1006  2.0304435075 -0.4319887618
    1007  2.3478715575 -0.2915233021
    1008  1.9844140866 -0.1702877580
    1009  1.6280600308 -0.2146688426
    1010  2.4146659004 -0.1677307609
    1011  0.7632055691 -0.2762806927
    1012  0.2666444084 -0.2883424131
    1013  1.0790501427 -0.4737277224
    1014 -0.1812716639 -0.3002481926
    1015 -0.6254786703 -0.2950842793
    1016  0.1843593715 -0.4819621794
    1017 -0.9773860305 -0.2933353212
    1018 -1.3160832773 -0.2748687226
    1019 -0.5629856473 -0.4615249867
    1020 -1.5783456314 -0.2564288906
    1021 -1.8265248222 -0.2216208967
    1022 -1.1548375192 -0.4079367108
    1023 -2.0248670439 -0.1815879281
    1024 -2.2101371141 -0.1257546608
    1025 -1.6372484750 -0.3082525510
    1026 -1.1543517818  0.0340438460
    1027 -2.1461318988  0.0316398751
    1028 -2.1262073991 -0.1190036483
    1029 -2.8392749871  0.0273399093
    1030 -3.1268289270  0.0338111264
    1031 -3.1228415436 -0.1343402667
    1032 -2.9672875078  0.0337600312
    1033 -2.3829228753  0.0461407742
    1034 -2.4459660240 -0.1334944734
    1035 -1.4714925891  0.0507516076
    1036 -0.3549203424  0.0690692074
    1037 -0.4853666684 -0.1162207410
    1038  0.7680034620  0.0785072843
    1039  1.7917329119  0.1021538132
    1040  1.6571219647 -0.0777108505
    1041  2.5287443762  0.1153944453
    1042  2.9916080782  0.1418775394
    1043  2.8987332278 -0.0172590041
    1044  3.1316128726  0.1462397670
    1045  2.9921796644  0.1636877892
    1046  3.0892721677  0.0053023690
    1047  2.6264419407  0.1682495288
    1048  2.0935330807  0.1722667694
    1049  2.4598100851  0.0115540418
    1050  1.4960632765  0.1631652480
    1051  0.8169501733  0.1675349579
    1052  1.4325090450  0.0008998459
    1053  0.2172225297  0.1490292669
    1054 -0.3906987830  0.1444788833
    1055  0.4401611397 -0.0504871604
    1056 -0.9181249373  0.1293300120
    1057 -1.4183110841  0.1299228797
    1058 -0.5987610493 -0.0785792596
    1059 -1.7987690778  0.1211739564
    1060 -2.1431008570  0.1285720235
    1061 -1.4388694778 -0.0825202402
    1062 -2.3802408889  0.1277421515
    1063 -2.5887594855  0.1426732919
    1064 -2.0256483735 -0.0646269570
    1065 -2.7206040748  0.1508569733
    1066 -2.8352421245  0.1739170562
    1067 -2.4086195332 -0.0210982120
    1068 -2.9086746998  0.1962905604
    1069 -2.9719982235  0.2321453209
    1070 -2.6632387086  0.0575810281
    1071 -1.1737545456  0.3005623432
    1072 -2.1743853487  0.3203228028
    1073 -2.1603005610  0.1852545224
    1074 -2.8743167701  0.3396452997
    1075 -3.1312139685  0.3577900291
    1076 -3.1296261969  0.2076692689
    1077 -2.9030313788  0.3752629743
    1078 -2.2269673221  0.3914859513
    1079 -2.3065096979  0.2326323360
    1080 -1.1962303040  0.4068503936
    1081 -0.0012861647  0.4209420454
    1082 -0.1783883959  0.2598667780
    1083  1.1913686471  0.4340499396
    1084  2.1816900637  0.4459135437
    1085  1.9932151353  0.2889100115
    1086  2.8524895517  0.4567395670
    1087  3.1252974567  0.4664011065
    1088  3.0799841853  0.3181833573
    1089  3.0029496654  0.4750392565
    1090  2.5420702514  0.4826344253
    1091  2.8038671926  0.3370757193
    1092  1.8356772516  0.4892820280
    1093  0.9933323939  0.4950359656
    1094  1.5763516308  0.3479364781
    1095  0.1196439230  0.4999619283
    1096 -0.7060770424  0.5041564099
    1097  0.0571526702  0.3510711141
    1098 -1.4216357677  0.5076661141
    1099 -2.0051936097  0.5106029051
    1100 -1.2482669353  0.3447182044
    1101 -2.4432655771  0.5130029360
    1102 -2.7535322456  0.5149725312
    1103 -2.1849034287  0.3410461809
    1104 -2.9509159910  0.5165386545
    1105 -3.0647102571  0.5177927285
    1106 -2.7299051927  0.3422548397
    1107 -3.1170146324  0.5187539792
    1108 -3.1315462656  0.5194904960
    1109 -2.9897982816  0.3494853127
    1110 -3.1257712056  0.5200158133
    1111 -3.1129880819  0.5203741289
    1112 -3.0892226559  0.3636160959
    1113 -3.1023608412  0.5205758066
    1114 -3.0982871686  0.5206419269
    1115 -3.1196831076  0.3890679324
    1116  0.9069244441 -0.3511074600
    1117  0.4635044496 -0.1241615035
    1118 -0.0000000000  0.0547883509
    1119 -0.0000000000  0.2343731788
    1120 -0.0000000000  0.4240096250
    1121  0.6207129065  0.1903132160
    1122  1.2167985279 -0.0681207456
    1123  1.0633320084 -0.2145749341
    1124  1.7191028151 -0.9443815394
    1125  1.3429006154 -0.6364467621
    1126  1.6871732309 -0.3610212379
    1127  2.1089663954 -0.6563521470
    1128  1.9200026108 -0.7983985275
    1129  2.2764318296 -1.5522692260
    1130  2.0344120428 -1.2605253672
    1131  2.4459336716 -0.9248251112
    1132  2.6847576494 -1.1711621562
    1133  2.4951582537 -1.3518783744
    1134  2.5579388226 -1.9712571016
    1135  2.4461096665 -1.7919302413
    1136  2.8662440608 -1.3517735081
    1137  3.0021858602 -1.4214301157
    1138  2.8175071561 -1.6753710303
    1139  2.6162250297 -2.0732855076
    1140  3.0714602524 -1.4448012368
    1141 -0.0000000000  0.5919126698
    1142 -0.0000000000  0.7247331412
    1143  0.8650446456  0.4946218202
    1144  1.6627718253  0.2390988005
    1145  1.4444440057  0.0910517553
    1146  2.1340650994 -0.0512741862
    1147  2.5285383028 -0.3534354578
    1148  2.3305017331 -0.5020517267
    1149  2.8218548462 -0.5730927424
    1150  2.9992229318 -0.7742978747
    1151  2.8641535618 -0.9650989831
    1152  3.1174817649 -0.8773697491
    1153  3.1154193889 -0.8691301194
    1154  3.1179689865 -1.1336383902
    1155  3.0476125109 -0.8787541787
    1156 -0.0000000000  0.8160927274
    1157 -0.0000000000  0.8632721959
    1158  0.8371405611  0.7397199385
    1159  1.6133534395  0.5883817280
    1160  1.6381327412  0.4398051275
    1161  2.0978487761  0.1754412166
    1162  2.4693321570  0.1328703911
    1163  2.6990153779 -0.0136762211
    1164  2.8827744407 -0.1529500908
    1165  2.7235975080 -0.2535209528
    1166  2.1638279390  0.4561989898
    1167  2.6084793553  0.3291967713
    1168  2.5407411639  0.2375960798
    1169  2.8803293053  0.1921064056
    1170  3.0559401278  0.0682540338
    1171  2.9815660615 -0.0379577961
    1172  3.0364304956 -0.2936570700
    1173  3.1129607991 -0.4251011621
    1174  3.0688757338 -0.5929896521
    1175  3.1280818320 -0.0489577464
    1176  3.1135017274 -0.1582033751
    1177  3.1316120242 -0.2874865267
    1178  3.1314485576 -0.5055727262
    1179  3.1053119657 -0.5535229046
    1180  3.1106693439 -0.7177284699
    1181  2.6118840589 -0.3926783364
    1182  2.9491177417 -0.6304474574
    1183  3.0290214440 -0.4278745671
    1184  2.9039583139 -0.3050018252
    1185  2.7718735346 -0.3724566471
    1186  3.0376188363 -0.2508111379
    1187  2.3814024991 -0.3526054897
    1188 -0.0000000000  0.8661324563
    1189 -0.0000000000  0.8266845861
    1190  0.9425823053  0.7833657813
    1191  1.7977423295  0.7003028491
    1192  1.7066001890  0.6624663209
    1193  2.3855610245  0.6016377384
    1194  2.8196035373  0.4893709591
    1195  2.7203456670  0.4187670502
    1196  3.0444573196  0.3766171198
    1197  3.1308009909  0.2720759902
    1198  3.1085158560  0.1767292010
    1199  3.0836538684  0.1805777802
    1200  2.9385477407  0.0957304944
    1201  3.0489415912 -0.0255202680
    1202  2.7130864776  0.0287862434
    1203  2.4094338000  0.0011228829
    1204  2.6887775226 -0.1464434484
    1205  2.0620226450 -0.0107284518
    1206  1.6625107545  0.0265077080
    1207  2.1867891542 -0.1742591508
    1208  1.2691733765  0.0840706762
    1209 -0.0000000000  0.7488193865
    1210 -0.0000000000  0.6380376438
    1211  1.1817371432  0.6699107346
    1212  2.1887372467  0.6536314380
    1213  1.9998296934  0.6930886922
    1214  2.7119177829  0.6283222677
    1215  3.0339026093  0.5650506915
    1216  2.9414065771  0.5361187621
    1217  3.1306666363  0.4961926245
    1218  3.0683849856  0.4269541776
    1219  3.1191466359  0.3573567001
    1220  2.8654179716  0.3695393231
    1221  2.5697130718  0.3165603342
    1222  2.7767427000  0.2142688640
    1223  2.1726644262  0.2832965254
    1224  1.6926876109  0.2812887111
    1225  2.0754377426  0.1507043766
    1226  1.0500860730  0.3169022617
    1227  0.3526049940  0.3901167594
    1228  1.0332343739  0.2244180911
    1229 -0.1235205942  0.4312887505
    1230 -0.0000000000  0.5011433184
    1231 -0.0000000000  0.3458954292
    1232  1.0719491254  0.4240433401
    1233  2.0143849685  0.4705448576
    1234  2.1030470169  0.5842491535
    1235  2.6351919496  0.6156656312
    1236  2.9474638660  0.5821870914
    1237  3.0912375633  0.5777550642
    1238  3.1307749446  0.5643008907
    1239  3.1114059452  0.5683577425
    1240  2.6327341105  0.4878958614
    1241  3.0161547488  0.4938264893
    1242  2.9837562281  0.5446505132
    1243  3.1306536619  0.5174259704
    1244  3.0541510731  0.5293906689
    1245  3.1079504615  0.5530724350
    1246  3.0462787714  0.5410367385
    1247  2.8268569452  0.5153363205
    1248  2.9696110144  0.4786680268
    1249  2.8202457219  0.5388470758
    1250  2.4418562915  0.5430340270
    1251  2.6521357003  0.5369965105
    1252  2.4818802355  0.4924128010
    1253  2.0702193840  0.4715567726
    1254  2.3367953024  0.4034534267
    1255  1.9563439622  0.5469835743
    1256  1.4273440392  0.5515010426
    1257  1.7624208557  0.5205133890
    1258  1.6079326388  0.4606790603
    1259  1.0919199611  0.4650726454
    1260  1.4003794599  0.3828363002
    1261  0.8745439988  0.5585806732
    1262  0.2901924564  0.5726196305
    1263  0.6970911303  0.5278536263
    1264  0.6659325582  0.4753445330
    1265  0.2265672510  0.4964137216
    1266  0.2896438154  0.4442551376
    1267 -1.2857729287  0.6284275079
    1268 -0.4838528369  0.5274893675
    1269 -0.2522579391  0.5598462688
    1270 -0.7251820066  0.6085414708
    1271 -1.0100040021  0.6152968726
    1272 -0.2204252718  0.5868793843
    1273 -1.6120848512  0.6535692881
    1274 -0.0000000000  0.1806207355
    1275 -0.0000000000  0.0138143078
    1276  1.0958031351  0.1161462871
    1277  2.0530525931  0.1946334520
    1278  2.0337857290  0.3398324742
    1279  2.7748672845  0.2579198919
    1280  3.1133292773  0.3008122077
    1281  3.0751090847  0.4046994718
    1282  3.0881259122  0.3804200585
    1283  2.8309229559  0.4385992000
    1284  2.9602540840  0.4901780059
    1285  2.4369899529  0.4790066352
    1286  1.9065669639  0.5097308478
    1287  2.1899188824  0.5337214467
    1288  1.3002344343  0.5355915330
    1289  0.6810961961  0.5608884484
    1290  1.0627798550  0.5650370732
    1291  0.0362651897  0.5852370720
    1292 -0.6101233207  0.6091873278
    1293 -0.1616487484  0.6012597051
    1294 -1.2801279575  0.6359905458
    1295 -1.8855782939  0.6600047793
    1296 -1.3336374922  0.6501053629
    1297 -2.1858112833  0.6845508257
    1298 -2.4511493605  0.7024799065
    1299 -1.9226399625  0.6837571119
    1300 -2.6553458440  0.7117441226
    1301 -0.0000000000 -0.1462586625
    1302 -0.0000000000 -0.2919495183
    1303  1.0648282452 -0.1952993708
    1304  2.0027611001 -0.1110211811
    1305  2.0280193794  0.0406269244
    1306  2.6872710475 -0.0410515986
    1307  3.0682367223  0.0152636240
    1308  3.0941575320  0.1631289013
    1309  3.1119105257  0.2709554227
    1310  2.9600129593  0.2400574545
    1311  2.7082202507  0.2887587825
    1312  2.3553790928  0.3305397312
    1313  2.6183513952  0.3874839216
    1314  3.1193783590  0.0524112251
    1315  2.9101035382  0.0809586092
    1316  2.9358278105  0.1616598349
    1317  2.4964549913  0.1343240016
    1318  1.9021619010  0.1782197467
    1319  2.1392978073  0.2567340854
    1320  1.8406680482  0.3819962555
    1321  1.2348114753  0.4245417411
    1322  1.5829663327  0.4729345641
    1323  1.2434334772  0.2426066298
    1324  0.5107497002  0.2962351053
    1325  0.8791800835  0.3645018811
    1326  0.5635092498  0.4643688055
    1327 -0.0864473611  0.5029862464
    1328  0.2996020993  0.5395688171
    1329 -0.2169417975  0.3451027726
    1330 -0.8854797794  0.3923606503
    1331 -0.4900704096  0.4533459982
    1332 -0.6836041703  0.5362641755
    1333 -1.2555163316  0.5638287216
    1334 -0.9383091780  0.5948691962
    1335 -1.4863509790  0.4348961461
    1336 -2.0232271592  0.4668987708
    1337 -1.6567443536  0.5219239574
    1338 -1.6485727181  0.5859436283
    1339 -2.0085006357  0.6040386831
    1340 -1.9476497978  0.6380502989
    1341 -2.8907966713  0.6092334666
    1342 -2.4745434415  0.6495553649
    1343 -2.3501202523  0.5768947183
    1344 -2.6372126415  0.5397167295
    1345 -2.7746022745  0.5797594542
    1346 -2.3564675181  0.5085034285
    1347 -3.0000724763  0.6302601592
    1348 -3.0770147793  0.6371679443
    1349 -2.8473167847  0.6863906287
    1350 -3.1208242780  0.6289670388
    1351 -0.0000000000 -0.4165689710
    1352 -0.0000000000 -0.5146783948
    1353  1.0568256541 -0.4394054486
    1354  1.9896541749 -0.3664450619
    1355  1.9962149882 -0.2477561715
    1356  2.6803578081 -0.2967593128
    1357  3.0662552500 -0.2350470281
    1358  3.0672494212 -0.1146571541
    1359  3.1073974291 -0.1770388000
    1360  2.8150112317 -0.1288657079
    1361  2.8645797563 -0.0261841244
    1362  2.1726171088 -0.0696917225
    1363  1.2659685959 -0.0239779163
    1364  1.5952173236  0.0765915220
    1365  0.5099990469  0.0621721077
    1366 -0.2783378223  0.1371283728
    1367  0.1171410383  0.2186041101
    1368 -1.0173940369  0.1886602841
    1369 -1.6554605180  0.2384557370
    1370 -1.2821650281  0.3189555205
    1371 -2.2754880067  0.2717052188
    1372 -2.7467370388  0.2888578994
    1373 -2.4257911109  0.3841557758
    1374 -2.9588770940  0.3514876725
    1375 -3.0883745095  0.3954329516
    1376 -2.9219759398  0.4746249803
    1377 -3.1280679003  0.4338059024
    1378 -3.1236801209  0.4557788896
    1379 -3.0907273983  0.5430015185
    1380 -3.0818919720  0.4670929158
    1381 -3.0046930311  0.4601333097
    1382 -3.1278027094  0.5602430842
    1383 -2.9004378416  0.4374489624
    1384 -0.0000000000 -0.5823205808
    1385 -0.0000000000 -0.6171675226
    1386  1.0634321863 -0.5746028263
    1387  2.0004778636 -0.5259437739
    1388  1.9950710938 -0.4601105921
    1389  2.6943183975 -0.4739909741
    1390  3.0742000303 -0.4232225712
    1391  3.0702916300 -0.3400115387
    1392  3.0989517011 -0.3715913149
    1393  2.7764457440 -0.3253261381
    1394  2.7959892759 -0.2349870275
    1395  2.1689335062 -0.2804184598
    1396  1.3345678307 -0.2435258541
    1397  1.3003628056 -0.1399042014
    1398  0.6151274324 -0.0483272247
    1399 -0.0649491195 -0.0756289209
    1400 -0.5970824399 -0.0341735995
    1401 -1.1117787722  0.0027816370
    1402 -0.7016293546  0.0698668010
    1403  0.5185711603 -0.2169175723
    1404 -0.3360795726 -0.1977452126
    1405 -0.2007028905 -0.1391939154
    1406 -1.0375754979 -0.1614705654
    1407 -1.6843369033 -0.1317803813
    1408 -1.4054324255 -0.0665138225
    1409 -1.6652083368  0.0415001861
    1410 -2.1308254372  0.0791722275
    1411 -1.9018402540  0.1592775380
    1412 -2.2133818437 -0.0962115043
    1413 -2.6191754750 -0.0616633986
    1414 -2.3925329904  0.0076394696
    1415 -2.4644350410  0.1066887474
    1416 -2.7370258872  0.1280065091
    1417 -2.7418966654  0.2100780687
    1418 -3.1309589755  0.1120066639
    1419 -3.0416431576  0.2050859521
    1420 -2.9227713023  0.0683682833
    1421 -3.0511963049  0.0084057394
    1422 -3.1149074399  0.0641570205
    1423 -2.8799434900 -0.0226900935
    1424 -3.0924549605  0.1601485661
    1425 -2.9952647660  0.1935933242
    1426 -3.1250197703  0.2994084695
    1427 -2.8614639146  0.2211224265
    1428 -2.6849593379  0.2312980321
    1429 -2.9862102747  0.3494306696
    1430 -2.4978357839  0.2325781195
    1431 -2.2822458036  0.2153437245
    1432 -2.7177220803  0.3431821544
    1433 -2.0567469148  0.1837448519
    1434 -0.0000000000 -0.6185906082
    1435 -0.0000000000 -0.5876464831
    1436  1.0801778231 -0.5820149465
    1437  2.0277713189 -0.5646244165
    1438  2.0141571482 -0.5611954731
    1439  2.7237104564 -0.5395197333
    1440  3.0886994057 -0.5093026355
    1441  3.0817109504 -0.4805277314
    1442  3.0807681256 -0.4759531503
    1443  2.7072997885 -0.4425874172
    1444  2.7425908443 -0.3963197642
    1445  2.0312763587 -0.4079612634
    1446  1.1248817436 -0.3769411930
    1447  1.2305388991 -0.3202609116
    1448  0.1600144748 -0.3462168190
    1449 -0.8207315540 -0.3214931682
    1450 -0.5802057141 -0.2664249387
    1451 -1.5869657033 -0.2874612397
    1452 -2.2413710354 -0.2587492787
    1453 -1.9758794244 -0.1997978303
    1454 -2.7021707735 -0.2304715933
    1455 -2.9917338704 -0.2030736310
    1456 -2.8332079868 -0.1358033385
    1457 -3.1212452599 -0.1743940390
    1458 -3.1021747739 -0.1550780600
    1459 -3.1284507111 -0.0757908599
    1460 -2.9861724988 -0.1160124958
    1461 -2.7853447655 -0.0869962351
    1462 -3.0361317291  0.0116995469
    1463 -2.5470065555 -0.0552044564
    1464 -2.2542835920 -0.0370022507
    1465 -2.6992937558  0.0782139871
    1466 -1.9716588069 -0.0208785990
    1467 -1.6594590093 -0.0202477249
    1468 -2.2340442692  0.1054116060
    1469 -1.3663108481 -0.0268785137
    1470 -1.0575287196 -0.0492490972
    1471 -1.7175095395  0.0818793739
    1472 -0.7661509490 -0.0811224831
    1473 -0.0000000000 -0.5269795874
    1474 -0.0000000000 -0.4406505852
    1475  1.1034385974 -0.4669691334
    1476  2.0653448995 -0.4790915290
    1477  2.0466223826 -0.5364263077
    1478  2.7618501330 -0.4824472416
    1479  3.1047371054 -0.4765119729
    1480  3.0971828575 -0.5080031291
    1481  3.0502133737 -0.4671492579
    1482  2.6054752157 -0.4526285284
    1483  2.6576430637 -0.4619768553
    1484  1.8198696396 -0.4369326583
    1485  0.7976313895 -0.4199711361
    1486  0.9627085567 -0.4119195671
    1487 -0.4053256780 -0.4028411903
    1488 -1.5482281915 -0.3885528997
    1489 -1.1939395751 -0.3675700687
    1490 -2.2268962993 -0.3705380003
    1491 -2.7394995286 -0.3494635547
    1492 -2.5128522140 -0.3112516960
    1493 -3.0377746829 -0.3344844802
    1494 -3.1316124728 -0.3200044909
    1495 -3.0965843370 -0.2680687467
    1496 -3.0063285780 -0.3152568778
    1497 -2.6414954807 -0.3200185182
    1498 -2.9394548705 -0.2466465225
    1499 -2.2704083607 -0.2950226873
    1500 -1.8152558222 -0.2772520928
    1501 -2.3675384035 -0.1884081493
    1502 -1.4143492695 -0.2603713884
    1503 -0.9818073641 -0.2534964348
    1504 -1.6667508591 -0.1511809976
    1505 -0.6084981443 -0.2482604948
    1506 -0.2259481674 -0.2542697169
    1507 -0.9712712622 -0.1437343161
    1508  0.0945967195 -0.2628635179
    1509  0.4141500689 -0.2820476178
    1510 -0.3310631867 -0.1730677268
    1511  0.6978460323 -0.3062834806
    1512 -0.0000000000 -0.3338973276
    1513 -0.0000000000 -0.2128434476
    1514  1.1289789706 -0.2572619558
    1515  2.1061220459 -0.2882918873
    1516  2.0858118183 -0.3940681169
    1517  2.8007789901 -0.3135052075
    1518  3.1176568219 -0.3277497973
    1519  3.1117197768 -0.4146091283
    1520  3.0146322171 -0.3406240153
    1521  2.5065664018 -0.3452121887
    1522  2.5569769006 -0.4127542961
    1523  1.6709309864 -0.3510814496
    1524  0.6149553854 -0.3512911180
    1525  0.7066101310 -0.4001042134
    1526 -0.4810553777 -0.3525798819
    1527 -1.5181155308 -0.3510964049
    1528 -1.5331951817 -0.3855187092
    1529 -2.1467253886 -0.3856171721
    1530 -2.6240313139 -0.3808648597
    1531 -2.8948566795 -0.3803436738
    1532 -3.0658220538 -0.3791506668
    1533 -2.9357252068 -0.3698367457
    1534 -2.2474402499 -0.3495526215
    1535 -2.7834585825 -0.3475023012
    1536 -2.7072174997 -0.3695346470
    1537 -3.0539674062 -0.3552630720
    1538 -3.1302295187 -0.3615616180
    1539 -3.1195479924 -0.3766468443
    1540 -3.1314590966 -0.3777711280
    1541 -3.0589900739 -0.3764585586
    1542 -3.1133042729 -0.3551239110
    1543 -3.0195224082 -0.3707187501
    1544 -2.7541204394 -0.3796855197
    1545 -2.9353356367 -0.3843768677
    1546 -2.8979137140 -0.3760933481
    1547 -2.6503250920 -0.3772031334
    1548 -2.6459186880 -0.3541814622
    1549 -1.2400396601 -0.4042110394
    1550 -2.0304435075 -0.3704535523
    1551 -2.3478715575 -0.3911105760
    1552 -1.9844140866 -0.3964813831
    1553 -1.6280600308 -0.4018755625
    1554 -2.4146659004 -0.3887421149
    1555 -0.7632055691 -0.4049258503
    1556 -0.2666444084 -0.4063595141
    1557 -1.0790501427 -0.3525920381
    1558  0.1812716639 -0.4066655363
    1559  0.6254786703 -0.4106334247
    1560 -0.1843593715 -0.3438701725
    1561  0.9773860305 -0.4134089691
    1562  1.3160832773 -0.4209088432
    1563  0.5629856473 -0.3498459210
    1564  1.5783456314 -0.4281801384
    1565  1.8265248222 -0.4396366237
    1566  1.1548375192 -0.3733532950
    1567  2.0248670439 -0.4512313062
    1568 -0.0000000000 -0.0841712118
    1569 -0.0000000000  0.0452309787
    1570  1.1543517818  0.0013160520
    1571  2.1461318988 -0.0320181218
    1572  2.1262073991 -0.1635880685
    1573  2.8392749871 -0.0655413463
    1574  3.1268289270 -0.0889695692
    1575  3.1228415436 -0.2146497389
    1576  2.9672875078 -0.1169095622
    1577  2.3829228753 -0.1355436254
    1578  2.4459660240 -0.2489051204
    1579  1.4714925891 -0.1593388848
    1580  0.3549203424 -0.1749519354
    1581  0.4853666684 -0.2731805394
    1582 -0.7680034620 -0.1957264017
    1583 -1.7917329119 -0.2096587514
    1584 -1.6571219647 -0.2904897024
    1585 -2.5287443762 -0.2280349517
    1586 -2.9916080782 -0.2410548570
    1587 -2.8987332278 -0.3017925983
    1588 -3.1316128726 -0.2631594226
    1589 -2.9921796644 -0.2801305433
    1590 -3.0892721677 -0.3281610755
    1591 -2.6264419407 -0.3014080936
    1592 -2.0935330807 -0.3221496002
    1593 -2.4598100851 -0.3586631193
    1594 -1.4960632765 -0.3453529346
    1595 -0.8169501733 -0.3639918470
    1596 -1.4325090450 -0.3886993554
    1597 -0.2172225297 -0.3860997682
    1598  0.3906987830 -0.4038213215
    1599 -0.4401611397 -0.4159331882
    1600  0.9181249373 -0.4218605780
    1601  1.4183110841 -0.4363228489
    1602  0.5987610493 -0.4361598234
    1603  1.7987690778 -0.4498820314
    1604  2.1431008570 -0.4608341378
    1605  1.4388694778 -0.4520311933
    1606  2.3802408889 -0.4704415062
    1607  2.5887594855 -0.4779797431
    1608  2.0256483735 -0.4660907645
    1609  2.7206040748 -0.4839473189
    1610  2.8352421245 -0.4877288751
    1611  2.4086195332 -0.4791996211
    1612  2.9086746998 -0.4894325994
    1613 -0.0000000000  0.1686209212
    1614 -0.0000000000  0.2797374458
    1615  1.1737545456  0.2578790993
    1616  2.1743853487  0.2350262239
    1617  2.1603005610  0.1074202348
    1618  2.8743167701  0.2103631420
    1619  3.1312139685  0.1847520575
    1620  3.1296261969  0.0520459953
    1621  2.9030313788  0.1574323237
    1622  2.2269673221  0.1292830872
    1623  2.3065096979 -0.0015097142
    1624  1.1962303040  0.0996497380
    1625  0.0012861647  0.0693877089
    1626  0.1783883959 -0.0538344811
    1627 -1.1913686471  0.0379965418
    1628 -2.1816900637  0.0062612174
    1629 -1.9932151353 -0.1049282560
    1630 -2.8524895517 -0.0261232125
    1631 -3.1252974567 -0.0584897009
    1632 -3.0799841853 -0.1541997469
    1633 -3.0029496654 -0.0909279407
    1634 -2.5420702514 -0.1229290568
    1635 -2.8038671926 -0.2072685629
    1636 -1.8356772516 -0.1543687938
    1637 -0.9933323939 -0.1849260732
    1638 -1.5763516308 -0.2609049137
    1639 -0.1196439230 -0.2142900908
    1640  0.7060770424 -0.2423365201
    1641 -0.0571526702 -0.3127282903
    1642  1.4216357677 -0.2686197893
    1643  2.0051936097 -0.2931986463
    1644  1.2482669353 -0.3614929955
    1645  2.4432655771 -0.3155595361
    1646  2.7535322456 -0.3359091317
    1647  2.1849034287 -0.4021980308
    1648  2.9509159910 -0.3537415579
    1649  3.0647102571 -0.3693562645
    1650  2.7299051927 -0.4330205596
    1651  3.1170146324 -0.3823256237
    1652  3.1315462656 -0.3929808397
    1653  2.9897982816 -0.4534204413
    1654  3.1257712056 -0.4010294686
    1655  3.1129880819 -0.4067718282
    1656  3.0892226559 -0.4631875939
    1657  3.1023608412 -0.4100894311
    1658 -0.4635044496  0.1794186280
    1659 -0.9069244441  0.2492227678
    1660 -1.0633320084  0.4119274433
    1661 -1.2167985279  0.5746477385
    1662 -0.6207129065  0.5019938683
    1663 -1.3429006154  0.2688492807
    1664 -1.7191028151  0.2422361929
    1665 -1.9200026108  0.4256633796
    1666 -2.1089663954  0.5945276215
    1667 -1.6871732309  0.5891710800
    1668 -2.0344120428  0.1828047382
    1669 -2.2764318296  0.1082327029
    1670 -2.4951582537  0.3565124044
    1671 -2.6847576494  0.5708674490
    1672 -2.4459336716  0.5918938680
    1673 -2.4461096665  0.0364790937
    1674 -2.5579388226 -0.0221488780
    1675 -2.8175071561  0.3437014479
    1676 -3.0021858602  0.6379210158
    1677 -2.8662440608  0.5752039107
    1678 -2.6162250297 -0.0571207726
    1679 -3.0714602524  0.6944025524
    1680 -1.4444440057  0.7601067504
    1681 -1.6627718253  0.9101170598
    1682 -0.8650446456  0.8151219752
    1683 -2.3305017331  0.7737203450
    1684 -2.5285383028  0.9256762437
    1685 -2.1340650994  0.9215522264
    1686 -2.8641535618  0.7875733778
    1687 -2.9992229318  0.9638116416
    1688 -2.8218548462  0.9532282088
    1689 -3.1179689865  0.9200498146
    1690 -3.1154193889  1.1249704128
    1691 -3.1174817649  1.0309466224
    1692 -3.0476125109  1.1711481402
    1693 -1.6381327412  0.9906893317
    1694 -1.6133534395  1.0285001359
    1695 -0.8371405611  0.9448751045
    1696 -2.7235975080  1.0415330923
    1697 -2.8827744407  1.1338771657
    1698 -2.6990153779  1.1122780205
    1699 -2.4693321570  1.0897401736
    1700 -2.0978487761  1.0056205674
    1701 -2.5407411639  1.1309191022
    1702 -2.6084793553  1.1544314008
    1703 -2.1638279390  1.0942403545
    1704 -2.9815660615  1.1961932126
    1705 -3.0559401278  1.2344010465
    1706 -2.8803293053  1.1967986014
    1707 -3.0688757338  1.0869143163
    1708 -3.1129607991  1.1803241182
    1709 -3.0364304956  1.1614996402
    1710 -3.1316120242  1.2469640187
    1711 -3.1135017274  1.2871823082
    1712 -3.1280818320  1.2646278305
    1713 -3.1106693439  1.1796042328
    1714 -3.1053119657  1.2289219540
    1715 -3.1314485576  1.2022282678
    1716 -2.9491177417  1.2690647946
    1717 -2.6118840589  1.3385468856
    1718 -2.7718735346  1.3290336435
    1719 -2.9039583139  1.3205650322
    1720 -3.0290214440  1.2863658224
    1721 -3.0376188363  1.3041756540
    1722 -2.3814024991  1.3481585401
    1723 -1.7066001890  1.0367207537
    1724 -1.7977423295  1.0042909224
    1725 -0.9425823053  0.9176254601
    1726 -2.7203456670  1.1634740553
    1727 -2.8196035373  1.1435763384
    1728 -2.3855610245  1.0794192512
    1729 -3.1085158560  1.2487893628
    1730 -3.1308009909  1.2349712755
    1731 -3.0444573196  1.1952912690
    1732 -3.0489415912  1.3022281904
    1733 -2.9385477407  1.2870822672
    1734 -3.0836538684  1.2642502784
    1735 -2.6887775226  1.3304751713
    1736 -2.4094338000  1.3046559654
    1737 -2.7130864776  1.3020269410
    1738 -2.1867891542  1.3373031325
    1739 -1.6625107545  1.2782656554
    1740 -2.0620226450  1.3008488866
    1741 -1.2691733765  1.2425799982
    1742 -1.9998296934  0.9319228793
    1743 -2.1887372467  0.8151274374
    1744 -1.1817371432  0.7349616023
    1745 -2.9414065771  1.0958071350
    1746 -3.0339026093  1.0171635395
    1747 -2.7119177829  0.9262360257
    1748 -3.1191466359  1.1910498216
    1749 -3.0683849856  1.1183879201
    1750 -3.1306666363  1.0772372251
    1751 -2.7767427000  1.2386600024
    1752 -2.5697130718  1.1603636777
    1753 -2.8654179716  1.1415258700
    1754 -2.0754377426  1.2389424009
    1755 -1.6926876109  1.1391634538
    1756 -2.1726644262  1.1616331440
    1757 -1.0332343739  1.1546740832
    1758 -0.3526049940  0.9803076064
    1759 -1.0500860730  1.0811036726
    1760  0.1235205942  0.9167823442
    1761 -2.1030470169  0.6455401681
    1762 -2.0143849685  0.4548704307
    1763 -1.0719491254  0.4079726329
    1764 -3.1114059452  0.9307508899
    1765 -3.1307749446  0.8224665236
    1766 -3.0912375633  0.7789003953
    1767 -2.9474638660  0.7244751831
    1768 -2.6351919496  0.7802657309
    1769 -2.9837562281  0.6015581809
    1770 -3.0161547488  0.4705988055
    1771 -2.6327341105  0.4730168637
    1772 -3.1079504615  0.6921020313
    1773 -3.0541510731  0.5491382025
    1774 -3.1306536619  0.5191951826
    1775 -2.9696110144  1.0206708035
    1776 -2.8268569452  0.9001325223
    1777 -3.0462787714  0.8707974151
    1778 -2.6521357003  0.7607974234
    1779 -2.4418562915  0.6071607502
    1780 -2.8202457219  0.5891099432
    1781 -2.3367953024  1.0547557461
    1782 -2.0702193840  0.9265167258
    1783 -2.4818802355  0.9143168805
    1784 -1.7624208557  0.7803976889
    1785 -1.4273440392  0.6201941365
    1786 -1.9563439622  0.6139308484
    1787 -1.4003794599  1.0262978176
    1788 -1.0919199611  0.8936833786
    1789 -1.6079326388  0.9217053907
    1790 -0.6970911303  0.7437404256
    1791 -0.2901924564  0.5818389733
    1792 -0.8745439988  0.6140285576
    1793 -0.2896438154  0.9068713604
    1794 -0.2265672510  0.8165934386
    1795 -0.6659325582  0.8636183939
    1796  0.4838528369  0.7532990362
    1797  1.2857729287  0.4941591205
    1798  1.0100040021  0.5152331285
    1799  0.7251820066  0.5069436057
    1800  0.2522579391  0.6663558370
    1801  0.2204252718  0.5575968549
    1802  1.6120848512  0.4247800178
    1803 -2.0337857290  0.2685221208
    1804 -2.0530525931  0.0795427771
    1805 -1.0958031351  0.0538938931
    1806 -3.0751090847  0.2754113282
    1807 -3.1133292773  0.0771346638
    1808 -2.7748672845  0.0917978347
    1809 -2.9602540840  0.3824960456
    1810 -2.8309229559  0.2106455933
    1811 -3.0881259122  0.1542255768
    1812 -2.1899188824  0.4392454244
    1813 -1.9065669639  0.2658048329
    1814 -2.4369899529  0.2495252266
    1815 -1.0627798550  0.4459011496
    1816 -0.6810961961  0.2666584068
    1817 -1.3002344343  0.2659271598
    1818  0.1616487484  0.3956471743
    1819  0.6101233207  0.2059482591
    1820 -0.0362651897  0.2497624357
    1821  1.3336374922  0.2714795748
    1822  1.8855782939  0.0364727434
    1823  1.2801279575  0.1370329335
    1824  1.9226399625  0.2425235930
    1825  2.4511493605 -0.0074148368
    1826  2.1858112833  0.0344432686
    1827  2.6553458440 -0.0748067149
    1828 -2.0280193794 -0.1026162296
    1829 -2.0027611001 -0.2696765523
    1830 -1.0648282452 -0.2759586034
    1831 -3.0941575320 -0.1164991489
    1832 -3.0682367223 -0.2938331500
    1833 -2.6872710475 -0.2742812713
    1834 -2.6183513952  0.0523497473
    1835 -2.3553790928 -0.1035102664
    1836 -2.7082202507 -0.1147109844
    1837 -2.9600129593 -0.1356502620
    1838 -3.1119105257 -0.0257682069
    1839 -2.9358278105 -0.2568769838
    1840 -2.9101035382 -0.3689217637
    1841 -3.1193783590 -0.3250961990
    1842 -2.1392978073 -0.2584428855
    1843 -1.9021619010 -0.4002249993
    1844 -2.4964549913 -0.3778783483
    1845 -1.5829663327  0.0912995397
    1846 -1.2348114753 -0.0791383227
    1847 -1.8406680482 -0.0828240056
    1848 -0.8791800835 -0.2425834383
    1849 -0.5107497002 -0.3926882957
    1850 -1.2434334772 -0.3888936437
    1851 -0.2996020993  0.0870958817
    1852  0.0864473611 -0.0874945678
    1853 -0.5635092498 -0.0839368413
    1854  0.4900704096 -0.2545014991
    1855  0.8854797794 -0.4073921319
    1856  0.2169417975 -0.4008565715
    1857  0.9383091780  0.0342104553
    1858  1.2555163316 -0.1321018249
    1859  0.6836041703 -0.1000537364
    1860  1.6567443536 -0.2975882173
    1861  2.0232271592 -0.4478434439
    1862  1.4863509790 -0.4190674439
    1863  1.9476497978 -0.0738662954
    1864  2.0085006357 -0.1883823656
    1865  1.6485727181 -0.1539580223
    1866  2.4745434415 -0.1982500300
    1867  2.8907966713 -0.4142244587
    1868  2.7746022745 -0.4253638183
    1869  2.6372126415 -0.4522759721
    1870  2.3501202523 -0.3257134252
    1871  2.3564675181 -0.4419985133
    1872  2.8473167847 -0.2444587020
    1873  3.0770147793 -0.4560890111
    1874  3.0000724763 -0.4240033798
    1875  3.1208242780 -0.5076516919
    1876 -1.9962149882 -0.4123737265
    1877 -1.9896541749 -0.5277090180
    1878 -1.0568256541 -0.5188729916
    1879 -3.0672494212 -0.4399717479
    1880 -3.0662552500 -0.5592958841
    1881 -2.6803578081 -0.5395053100
    1882 -2.8645797563 -0.5020778645
    1883 -2.8150112317 -0.6112519796
    1884 -3.1073974291 -0.5806961622
    1885 -1.5952173236 -0.5526471207
    1886 -1.2659685959 -0.6735718697
    1887 -2.1726171088 -0.6368736437
    1888 -0.1171410383 -0.5311476788
    1889  0.2783378223 -0.6471464481
    1890 -0.5099990469 -0.6559818441
    1891  1.2821650281 -0.5479082386
    1892  1.6554605180 -0.6651191116
    1893  1.0173940369 -0.6570068366
    1894  2.4257911109 -0.6080804767
    1895  2.7467370388 -0.7333341395
    1896  2.2754880067 -0.6942410927
    1897  2.9219759398 -0.6010850106
    1898  3.0883745095 -0.7212286280
    1899  2.9588770940 -0.7203770821
    1900  3.0907273983 -0.5868784712
    1901  3.1236801209 -0.7242123595
    1902  3.1280679003 -0.7165240277
    1903  3.1278027094 -0.6291848014
    1904  3.0046930311 -0.7609896326
    1905  3.0818919720 -0.7370344365
    1906  2.9004378416 -0.7901149589
    1907 -1.9950710938 -0.6113233767
    1908 -2.0004778636 -0.6606338445
    1909 -1.0634321863 -0.6389882994
    1910 -3.0702916300 -0.6494897259
    1911 -3.0742000303 -0.7045536016
    1912 -2.6943183975 -0.6818264122
    1913 -2.7959892759 -0.6974261849
    1914 -2.7764457440 -0.7493207519
    1915 -3.0989517011 -0.7259939328
    1916 -1.3003628056 -0.7507050283
    1917 -1.3345678307 -0.7925637163
    1918 -2.1689335062 -0.7705668390
    1919  0.7016293546 -0.7292441300
    1920  1.1117787722 -0.7903678661
    1921  0.5970824399 -0.7851463303
    1922  0.0649491195 -0.7819871635
    1923 -0.6151274324 -0.7329645173
    1924  0.2007028905 -0.8112954456
    1925  0.3360795726 -0.8250070506
    1926 -0.5185711603 -0.8098029925
    1927  1.4054324255 -0.8274880303
    1928  1.6843369033 -0.8434030779
    1929  1.0375754979 -0.8344743321
    1930  1.9018402540 -0.7457098624
    1931  2.1308254372 -0.8048470489
    1932  1.6652083368 -0.7981323035
    1933  2.3925329904 -0.8418674180
    1934  2.6191754750 -0.8572474927
    1935  2.2133818437 -0.8508360183
    1936  2.7418966654 -0.7827060940
    1937  2.7370258872 -0.8215173668
    1938  2.4644350410 -0.8120854281
    1939  3.0416431576 -0.8203017733
    1940  3.1309589755 -0.8674775810
    1941  3.1149074399 -0.8675832175
    1942  3.0511963049 -0.8666841348
    1943  2.9227713023 -0.8524864630
    1944  2.8799434900 -0.8620958925
    1945  3.1250197703 -0.8154669151
    1946  2.9952647660 -0.8685723403
    1947  3.0924549605 -0.8670121924
    1948  2.9862102747 -0.8221026406
    1949  2.6849593379 -0.8744318336
    1950  2.8614639146 -0.8701556638
    1951  2.7177220803 -0.8461792465
    1952  2.2822458036 -0.8832163731
    1953  2.4978357839 -0.8785951499
    1954  2.0567469148 -0.8852244814
    1955 -2.0141571482 -0.6747328092
    1956 -2.0277713189 -0.6532829498
    1957 -1.0801778231 -0.6225246664
    1958 -3.0817109504 -0.7236367905
    1959 -3.0886994057 -0.7057355520
    1960 -2.7237104564 -0.6815443994
    1961 -2.7425908443 -0.7661757519
    1962 -2.7072997885 -0.7454277158
    1963 -3.0807681256 -0.7279430567
    1964 -1.2305388991 -0.7999582435
    1965 -1.1248817436 -0.7718898112
    1966 -2.0312763587 -0.7616379978
    1967  0.5802057141 -0.8189226766
    1968  0.8207315540 -0.7835449871
    1969 -0.1600144748 -0.7812267376
    1970  1.9758794244 -0.8358603216
    1971  2.2413710354 -0.8020280404
    1972  1.5869657033 -0.7957895219
    1973  2.8332079868 -0.8487024035
    1974  2.9917338704 -0.8133419851
    1975  2.7021707735 -0.8081233179
    1976  3.1284507111 -0.8582342022
    1977  3.1021747739 -0.8184052037
    1978  3.1212452599 -0.8190182484
    1979  3.0361317291 -0.8719584891
    1980  2.7853447655 -0.8362660247
    1981  2.9861724988 -0.8306561266
    1982  2.6992937558 -0.8786503655
    1983  2.2542835920 -0.8439845130
    1984  2.5470065555 -0.8432449810
    1985  2.2340442692 -0.8799380954
    1986  1.6594590093 -0.8391218798
    1987  1.9716588069 -0.8447390402
    1988  1.7175095395 -0.8718204876
    1989  1.0575287196 -0.8139424883
    1990  1.3663108481 -0.8307422418
    1991  0.7661509490 -0.7901437408
    1992 -2.0466223826 -0.5978877061
    1993 -2.0653448995 -0.5125049540
    1994 -1.1034385974 -0.4800240419
    1995 -3.0971828575 -0.6507452585
    1996 -3.1047371054 -0.5625968948
    1997 -2.7618501330 -0.5417025281
    1998 -2.6576430637 -0.6865723174
    1999 -2.6054752157 -0.5935912176
    2000 -3.0502133737 -0.5831099204
    2001 -0.9627085567 -0.7041646444
    2002 -0.7976313895 -0.6016218783
    2003 -1.8198696396 -0.6038265612
    2004  1.1939395751 -0.6997936592
    2005  1.5482281915 -0.5778742635
    2006  0.4053256780 -0.5985674846
    2007  2.5128522140 -0.7359323002
    2008  2.7394995286 -0.6430068472
    2009  2.2268962993 -0.6173224547
    2010  3.0965843370 -0.7448012061
    2011  3.1316124728 -0.6491091954
    2012  3.0377746829 -0.6463039824
    2013  2.9394548705 -0.7254806016
    2014  2.6414954807 -0.5926180336
    2015  3.0063285780 -0.6289362099
    2016  2.3675384035 -0.7547658576
    2017  1.8152558222 -0.6345258610
    2018  2.2704083607 -0.6224515697
    2019  1.6667508591 -0.7636905145
    2020  0.9818073641 -0.6440212383
    2021  1.4143492695 -0.6463285439
    2022  0.9712712622 -0.7520403197
    2023  0.2259481674 -0.6257086670
    2024  0.6084981443 -0.6416367028
    2025  0.3310631867 -0.7129810519
    2026 -0.4141500689 -0.5763612497
    2027 -0.0945967195 -0.6081321136
    2028 -0.6978460323 -0.5361393738
    2029 -2.0858118183 -0.3993135147
    2030 -2.1061220459 -0.2673965457
    2031 -1.1289789706 -0.2443271058
    2032 -3.1117197768 -0.4419292841
    2033 -3.1176568219 -0.2996619749
    2034 -2.8007789901 -0.2888550312
    2035 -2.5569769006 -0.4637143941
    2036 -2.5065664018 -0.3107847492
    2037 -3.0146322171 -0.3115969293
    2038 -0.7066101310 -0.4623042530
    2039 -0.6149553854 -0.3006568724
    2040 -1.6709309864 -0.3130374980
    2041  1.5331951817 -0.4285402782
    2042  1.5181155308 -0.2591473042
    2043  0.4810553777 -0.2876890613
    2044  2.9357252068 -0.5406135153
    2045  3.0658220538 -0.4232769899
    2046  2.8948566795 -0.4182277870
    2047  2.6240313139 -0.4066846877
    2048  2.1467253886 -0.4987659257
    2049  2.7072174997 -0.2959571951
    2050  2.7834585825 -0.1804859270
    2051  2.2474402499 -0.2256914270
    2052  3.1195479924 -0.2937895620
    2053  3.1302295187 -0.1580586386
    2054  3.0539674062 -0.1746322711
    2055  3.1133042729 -0.5436849286
    2056  3.0589900739 -0.4238629009
    2057  3.1314590966 -0.4236009541
    2058  2.9353356367 -0.2922205108
    2059  2.7541204394 -0.1543441600
    2060  3.0195224082 -0.1561027391
    2061  2.6459186880 -0.5055221877
    2062  2.6503250920 -0.4075429931
    2063  2.8979137140 -0.4191685732
    2064  2.0304435075 -0.4319887618
    2065  1.2400396601 -0.2477975415
    2066  1.6280600308 -0.2146688426
    2067  1.9844140866 -0.1702877580
    2068  2.3478715575 -0.2915233021
    2069  2.4146659004 -0.1677307609
    2070  1.0790501427 -0.4737277224
    2071  0.2666444084 -0.2883424131
    2072  0.7632055691 -0.2762806927
    2073  0.1843593715 -0.4819621794
    2074 -0.6254786703 -0.2950842793
    2075 -0.1812716639 -0.3002481926
    2076 -0.5629856473 -0.4615249867
    2077 -1.3160832773 -0.2748687226
    2078 -0.9773860305 -0.2933353212
    2079 -1.1548375192 -0.4079367108
    2080 -1.8265248222 -0.2216208967
    2081 -1.5783456314 -0.2564288906
    2082 -2.0248670439 -0.1815879281
    2083 -2.1262073991 -0.1190036483
    2084 -2.1461318988  0.0316398751
    2085 -1.1543517818  0.0340438460
    2086 -3.1228415436 -0.1343402667
    2087 -3.1268289270  0.0338111264
    2088 -2.8392749871  0.0273399093
    2089 -2.4459660240 -0.1334944734
    2090 -2.3829228753  0.0461407742
    2091 -2.9672875078  0.0337600312
    2092 -0.4853666684 -0.1162207410
    2093 -0.3549203424  0.0690692074
    2094 -1.4714925891  0.0507516076
    2095  1.6571219647 -0.0777108505
    2096  1.7917329119  0.1021538132
    2097  0.7680034620  0.0785072843
    2098  2.8987332278 -0.0172590041
    2099  2.9916080782  0.1418775394
    2100  2.5287443762  0.1153944453
    2101  3.0892721677  0.0053023690
    2102  2.9921796644  0.1636877892
    2103  3.1316128726  0.1462397670
    2104  2.4598100851  0.0115540418
    2105  2.0935330807  0.1722667694
    2106  2.6264419407  0.1682495288
    2107  1.4325090450  0.0008998459
    2108  0.8169501733  0.1675349579
    2109  1.4960632765  0.1631652480
    2110  0.4401611397 -0.0504871604
    2111 -0.3906987830  0.1444788833
    2112  0.2172225297  0.1490292669
    2113 -0.5987610493 -0.0785792596
    2114 -1.4183110841  0.1299228797
    2115 -0.9181249373  0.1293300120
    2116 -1.4388694778 -0.0825202402
    2117 -2.1431008570  0.1285720235
    2118 -1.7987690778  0.1211739564
    2119 -2.0256483735 -0.0646269570
    2120 -2.5887594855  0.1426732919
    2121 -2.3802408889  0.1277421515
    2122 -2.4086195332 -0.0210982120
    2123 -2.8352421245  0.1739170562
    2124 -2.7206040748  0.1508569733
    2125 -2.9086746998  0.1962905604
    2126 -2.1603005610  0.1852545224
    2127 -2.1743853487  0.3203228028
    2128 -1.1737545456  0.3005623432
    2129 -3.1296261969  0.2076692689
    2130 -3.1312139685  0.3577900291
    2131 -2.8743167701  0.3396452997
    2132 -2.3065096979  0.2326323360
    2133 -2.2269673221  0.3914859513
    2134 -2.9030313788  0.3752629743
    2135 -0.1783883959  0.2598667780
    2136 -0.0012861647  0.4209420454
    2137 -1.1962303040  0.4068503936
    2138  1.9932151353  0.2889100115
    2139  2.1816900637  0.4459135437
    2140  1.1913686471  0.4340499396
    2141  3.0799841853  0.3181833573
    2142  3.1252974567  0.4664011065
    2143  2.8524895517  0.4567395670
    2144  2.8038671926  0.3370757193
    2145  2.5420702514  0.4826344253
    2146  3.0029496654  0.4750392565
    2147  1.5763516308  0.3479364781
    2148  0.9933323939  0.4950359656
    2149  1.8356772516  0.4892820280
    2150  0.0571526702  0.3510711141
    2151 -0.7060770424  0.5041564099
    2152  0.1196439230  0.4999619283
    2153 -1.2482669353  0.3447182044
    2154 -2.0051936097  0.5106029051
    2155 -1.4216357677  0.5076661141
    2156 -2.1849034287  0.3410461809
    2157 -2.7535322456  0.5149725312
    2158 -2.4432655771  0.5130029360
    2159 -2.7299051927  0.3422548397
    2160 -3.0647102571  0.5177927285
    2161 -2.9509159910  0.5165386545
    2162 -2.9897982816  0.3494853127
    2163 -3.1315462656  0.5194904960
    2164 -3.1170146324  0.5187539792
    2165 -3.0892226559  0.3636160959
    2166 -3.1129880819  0.5203741289
    2167 -3.1257712056  0.5200158133
    2168 -3.1023608412  0.5205758066
