       1 -0.9925250425  0.1183897467
       2 -0.8197684255 -0.0835379903
       3 -0.6677598179 -0.3405392223
       4 -0.7547200848 -0.2324721970
       5 -0.7842339893 -0.0949857431
       6 -0.8445353528  0.1833075872
       7 -0.8798666834  0.4314546321
       8 -0.9650294468  0.2532478459
       9 -0.5372888211 -0.6642978691
      10 -0.4471561418 -1.0140281637
      11 -0.5854992246 -0.8738372278
      12 -0.6745236809 -0.7324470694
      13 -0.7215067079 -0.4102730805
      14 -0.3955771791 -1.3731834631
      15 -0.3781317096 -1.7045759173
      16 -0.5437784981 -1.4878776350
      17 -0.6633323896 -1.2977302326
      18 -0.6595644608 -1.0273274617
      19 -0.3827447646 -1.9767149642
      20 -0.3964600776 -2.1802651682
      21 -0.6036293937 -1.8477459059
      22 -0.7582809281 -1.5757638484
      23 -0.6957589527 -1.4969813932
      24 -0.4079914983 -2.2960397820
      25 -0.4125035231 -2.3353185753
      26 -0.6796488110 -1.8777202994
      27 -0.8724473663 -1.5175622605
      28 -0.8093921557 -1.6032479793
      29 -0.7682388643  0.0598631337
      30 -0.7155978516  0.2079061358
      31 -0.6699792329  0.4826676589
      32 -0.5857346062  0.7276833658
      33 -0.7494265033  0.5961314949
      34 -0.7418328132 -0.5774901846
      35 -0.7786642093 -0.4263710648
      36 -0.7576351874 -0.1018258537
      37 -0.7696308295 -1.0824117099
      38 -0.8446774467 -0.8836829965
      39 -0.8079041455 -0.6651270391
      40 -0.9007973294 -1.2722098258
      41 -1.0004981013 -0.9942665437
      42 -0.9167880679 -0.9987742859
      43 -1.0131301691 -1.1961512983
      44 -1.1066707914 -0.8944905655
      45 -1.0579155050 -1.0068151539
      46 -0.6087348676  0.4157330036
      47 -0.4611966944  0.5697569050
      48 -0.3463838625  0.7316412783
      49 -0.2038986475  0.8627573880
      50 -0.4002225038  0.8176221397
      51 -0.7963207879 -0.3254303290
      52 -0.8012029884 -0.2224366030
      53 -0.7590241273 -0.0722368244
      54 -0.7135327321  0.0852743130
      55 -0.7105971002  0.1350692788
      56 -0.6665203938  0.1944850303
      57 -0.6081464744  0.2904194163
      58 -0.5392565230  0.4275840117
      59 -0.7861044509 -0.1024962580
      60 -0.7579209376  0.0091404393
      61 -0.6864550842  0.1428647419
      62 -0.8829628560 -0.6936542837
      63 -0.9007400302 -0.5172562963
      64 -0.8504895562 -0.3748910950
      65 -0.9079959986 -0.3724544694
      66 -0.9003345200 -0.2354566547
      67 -0.8298506301 -0.1174735330
      68 -1.0004739355 -0.8329970314
      69 -0.9908718658 -0.6580105281
      70 -0.9453522169 -0.6050383061
      71 -1.0806544969 -0.7428108161
      72 -1.1196648543 -0.4891232569
      73 -1.0775227587 -0.4671315176
      74 -1.0238342988 -0.3943174300
      75 -1.0135863498 -0.5252039689
      76 -0.9655905981 -0.3355163314
      77 -1.1546671251 -0.6073711422
      78 -1.1582255126 -0.3358147728
      79 -1.1522241069 -0.4460081947
      80 -0.3140843086  0.6461795184
      81 -0.1592342726  0.6859627136
      82  0.0009101486  0.7746014228
      83  0.1800512032  0.8206726374
      84 -0.0072349837  0.8630286591
      85 -0.5260163930  0.3846539388
      86 -0.4334605940  0.4599864460
      87 -0.3052932617  0.5803507177
      88 -0.7118570814  0.1242556799
      89 -0.6531248353  0.2266392687
      90 -0.5502455200  0.3389227473
      91 -0.8764704593 -0.0936547401
      92 -0.8370662338  0.0372969943
      93 -0.7468706523  0.1283939716
      94 -1.0136070302 -0.2238168906
      95 -0.9834932513 -0.0634258556
      96 -0.9190677331 -0.0344129544
      97 -1.1119305745 -0.2530147314
      98 -1.0695077174 -0.0331269214
      99 -1.0405948673 -0.0751439383
     100 -1.1193034080 -0.0836309190
     101 -1.0411579331  0.1442869360
     102 -1.0770469232  0.0313622650
     103 -0.0040156570  0.6800824372
     104  0.1425171486  0.6423402715
     105  0.3136441014  0.6594020935
     106  0.4929901932  0.6261901938
     107  0.3492605908  0.7398206529
     108 -0.3363648290  0.5113472083
     109 -0.2348328493  0.5452784850
     110 -0.0525790100  0.6137535552
     111 -0.5805595492  0.3197072161
     112 -0.4981362192  0.3974103819
     113 -0.3747928854  0.4713118919
     114 -0.7765851520  0.1669092324
     115 -0.7019729718  0.2805261495
     116 -0.6023994178  0.3366175628
     117 -0.9226932406  0.1010014003
     118 -0.8426824015  0.2466196509
     119 -0.7854430316  0.2462766936
     120 -0.9803340057  0.1867956872
     121 -0.8582023707  0.3744289321
     122 -0.8745228137  0.2893070463
     123 -0.9283979942  0.3429235885
     124 -0.7868513521  0.5077712811
     125 -0.8550202081  0.4229094295
     126  0.3193117874  0.5745705781
     127  0.4649263877  0.4613865755
     128  0.5772089624  0.4115677413
     129  0.6822715068  0.3294622540
     130  0.6053734609  0.4867684501
     131 -0.1648924478  0.5529019624
     132 -0.0934339990  0.5538491126
     133  0.0078081852  0.5682463055
     134  0.1142798413  0.5734589583
     135  0.1250134220  0.6050381286
     136  0.2062451627  0.5387175660
     137  0.2892886504  0.4903934908
     138  0.3733710679  0.4814374079
     139 -0.0059461546  0.5479558134
     140  0.0780196382  0.5295037237
     141  0.1803766218  0.5156879872
     142 -0.4125489121  0.4573263209
     143 -0.3215521898  0.5023214875
     144 -0.2140659979  0.5290267133
     145 -0.2252538175  0.5321873222
     146 -0.1284735354  0.5461039089
     147 -0.0315014272  0.5401260023
     148 -0.6114347335  0.3788766230
     149 -0.5119167656  0.4581673794
     150 -0.4188919666  0.4791818034
     151 -0.4086814592  0.5178469687
     152 -0.3018129635  0.5589553010
     153 -0.2171173903  0.5522821317
     154 -0.7449496725  0.3613194168
     155 -0.6368363673  0.4561496716
     156 -0.5860504073  0.4484660047
     157 -0.5306774528  0.5311055502
     158 -0.4192022223  0.5872584308
     159 -0.3727705112  0.5688147621
     160 -0.7771987531  0.4359106215
     161 -0.6805553858  0.4959312035
     162 -0.6680724296  0.4698677652
     163 -0.7148862843  0.5343959059
     164 -0.5436419972  0.6565393011
     165 -0.5264959373  0.6404964084
     166 -0.4779255136  0.6325140194
     167 -0.5826404791  0.5719497924
     168 -0.4625510053  0.6053545991
     169 -0.6233405043  0.6352549434
     170 -0.4454011185  0.7230305957
     171 -0.5166231118  0.6877197520
     172  0.5537124420  0.3310626182
     173  0.6072914695  0.1861291689
     174  0.6733516665  0.1024818970
     175  0.7223576771 -0.0049165460
     176  0.7213977702  0.1627102829
     177  0.3809599411  0.4047485835
     178  0.4501969315  0.3039056209
     179  0.5283631764  0.2549908323
     180  0.1640064285  0.4957528929
     181  0.2415670677  0.4491990695
     182  0.3480571962  0.3872927974
     183 -0.0313833403  0.5443741484
     184  0.0614907996  0.5272802823
     185  0.1467736098  0.4928408748
     186 -0.1908324786  0.5820444233
     187 -0.0816980437  0.5864269285
     188 -0.0117150415  0.5572150057
     189 -0.2939540108  0.6272521847
     190 -0.1688392209  0.6451286822
     191 -0.1375811381  0.6154136652
     192 -0.3168899415  0.6890531397
     193 -0.1545185748  0.7113727811
     194 -0.1796290095  0.6791287778
     195 -0.3674485928  0.7288527490
     196 -0.1865754074  0.7614549805
     197 -0.1910012603  0.7391836430
     198 -0.2609566542  0.7701794297
     199 -0.0779802366  0.7772992429
     200 -0.1495840701  0.7752259429
     201  0.6267263919  0.0320820500
     202  0.6080324919 -0.1195335507
     203  0.6230478793 -0.2089821938
     204  0.6173294066 -0.3102268925
     205  0.6866074667 -0.1651132545
     206  0.5180966369  0.1664477039
     207  0.5446791430  0.0180884445
     208  0.5800719968 -0.0440913432
     209  0.2942684646  0.4029135150
     210  0.3405965192  0.3503440664
     211  0.3869107724  0.3047781141
     212  0.4336654172  0.2524379298
     213  0.4397959313  0.2785708756
     214  0.4654160809  0.1749163891
     215  0.4837485306  0.0946725861
     216  0.5130091778  0.0605649676
     217  0.3888587122  0.2794704972
     218  0.4235688678  0.2030322459
     219  0.4524679096  0.1534877520
     220  0.1469130280  0.4966458606
     221  0.2243585755  0.4534594958
     222  0.2794927077  0.4062028167
     223  0.2938172752  0.3974766423
     224  0.3513717700  0.3320855182
     225  0.3858534443  0.2728601141
     226  0.0242882148  0.5723897752
     227  0.1229219307  0.5417620313
     228  0.1725478328  0.4983100314
     229  0.2120895033  0.4968202048
     230  0.2899556578  0.4390316424
     231  0.3199797831  0.3864646574
     232 -0.0503254738  0.6379490655
     233  0.0612134820  0.6125357845
     234  0.0837488954  0.5797911043
     235  0.1627726198  0.5756699522
     236  0.2541363531  0.5239287209
     237  0.2650495932  0.4867597146
     238 -0.0571473513  0.6924432493
     239  0.0405877674  0.6607207034
     240  0.0446418963  0.6385345324
     241 -0.0011244884  0.7121083351
     242  0.1505382360  0.6794833223
     243  0.1751709422  0.6474641060
     244  0.2127214495  0.6047275117
     245  0.1288843109  0.6384244910
     246  0.2268486691  0.5695697541
     247 -0.0088059905  0.7557428871
     248  0.1584884144  0.7128649919
     249  0.1429330220  0.7033640091
     250  0.0958453079  0.7465093198
     251  0.2534611661  0.6813715507
     252  0.1959514089  0.7067603170
     253  0.5548176294 -0.2559416975
     254  0.4722259340 -0.3740709163
     255  0.4456506902 -0.4512256388
     256  0.3982685303 -0.5298487474
     257  0.5192291091 -0.4335978716
     258  0.5293448562 -0.1119442272
     259  0.4838962708 -0.2326877859
     260  0.4845321275 -0.2996336017
     261  0.4869211863 -0.0123168317
     262  0.4675008200 -0.1154480717
     263  0.4782320629 -0.1692421059
     264  0.4475142283  0.1026506541
     265  0.4492790120  0.0019880965
     266  0.4584227384 -0.0499500772
     267  0.3975858443  0.2561609919
     268  0.4287991019  0.1750541951
     269  0.4421993439  0.0941213616
     270  0.3575515918  0.3673300970
     271  0.4096974738  0.2868826998
     272  0.4189769672  0.2319310041
     273  0.3504548307  0.4428740146
     274  0.4255046547  0.3465545364
     275  0.4117024416  0.3251935353
     276  0.3158304195  0.5419754625
     277  0.4043184840  0.4625112292
     278  0.4103310918  0.4142741332
     279  0.2829823403  0.6164758575
     280  0.3977270803  0.5289361344
     281  0.3953051364  0.5043237046
     282  0.3051947072  0.6380395048
     283  0.4286056844  0.5360247187
     284  0.4066450407  0.5421643987
     285  0.3887283675  0.5867354821
     286  0.4966805703  0.4685216838
     287  0.4586883111  0.5129789548
     288  0.3665887764 -0.4668608384
     289  0.2441950577 -0.5315776536
     290  0.1888295174 -0.5828915837
     291  0.1159070411 -0.6271693944
     292  0.2613397317 -0.5951112566
     293  0.4106125855 -0.3380212563
     294  0.3156177596 -0.4216547931
     295  0.2870118192 -0.4762932278
     296  0.4223944365 -0.2230631883
     297  0.3539340001 -0.3152494268
     298  0.3395271866 -0.3658451867
     299  0.4272097399 -0.1174479693
     300  0.3762834315 -0.2250832329
     301  0.3675429398 -0.2660281412
     302  0.4434406065  0.1075712160
     303  0.4480317211  0.0392111903
     304  0.4425268069 -0.0010994429
     305  0.4356062053 -0.0460374770
     306  0.4423102430 -0.0201284659
     307  0.4170793171 -0.1121587138
     308  0.3892440924 -0.1736162241
     309  0.3833192157 -0.1953484111
     310  0.4409856997 -0.0328137091
     311  0.4230361977 -0.1015586562
     312  0.4073223061 -0.1340918711
     313  0.4420966031  0.2059425541
     314  0.4600647858  0.1229988992
     315  0.4540782894  0.0816790445
     316  0.4656653600  0.0482659049
     317  0.4598206273 -0.0251544375
     318  0.4416443988 -0.0628025434
     319  0.4553568468  0.2638404975
     320  0.4732422980  0.1772059679
     321  0.4658597481  0.1533801884
     322  0.4794019562  0.2609830540
     323  0.5170160800  0.1631931999
     324  0.5070067056  0.1113772792
     325  0.4934886500  0.0510891339
     326  0.4873589117  0.1147636186
     327  0.4774759032  0.0171826718
     328  0.4812130741  0.3635542134
     329  0.5360660866  0.2518743601
     330  0.5261472273  0.2154076092
     331  0.4914333240  0.4186670324
     332  0.5580826574  0.2933222420
     333  0.5452280404  0.2819394507
     334  0.5235446817  0.4134237848
     335  0.5875789171  0.2766127505
     336  0.5712414063  0.2950166252
     337  0.5737264135  0.3334477920
     338  0.6177787389  0.1887229681
     339  0.6036793696  0.2424555400
     340  0.1111305422 -0.5654597094
     341 -0.0240905077 -0.5673629630
     342 -0.0911902665 -0.5856795005
     343 -0.1700300274 -0.5913721124
     344 -0.0303718165 -0.6255239818
     345  0.2040213498 -0.4793044713
     346  0.0835521867 -0.5083781496
     347  0.0359345589 -0.5406906302
     348  0.2642393827 -0.3882712596
     349  0.1610269306 -0.4366826434
     350  0.1276228980 -0.4725996679
     351  0.3071488591 -0.3054180627
     352  0.2225225047 -0.3659610774
     353  0.1960643030 -0.3993801411
     354  0.3385895127 -0.2465954655
     355  0.2754717074 -0.3064177817
     356  0.2522988563 -0.3328824493
     357  0.3900572842 -0.1743513624
     358  0.3453932761 -0.2387339258
     359  0.3137783522 -0.2696506259
     360  0.4400274793 -0.1049371395
     361  0.4071581316 -0.1786972520
     362  0.3767014111 -0.2082457473
     363  0.4868785596 -0.0398161264
     364  0.4641179575 -0.1270604073
     365  0.4381828379 -0.1477107494
     366  0.5315684398  0.0552813220
     367  0.5242004160 -0.0529935220
     368  0.4972135324 -0.0844812850
     369  0.5667991150  0.1276231462
     370  0.5702085862  0.0012471463
     371  0.5496060402 -0.0183924028
     372  0.5954749684  0.1572033743
     373  0.6019240653  0.0189868219
     374  0.5880537598  0.0186595988
     375  0.6191387535  0.1312778800
     376  0.6174332352 -0.0138513119
     377  0.6122888041  0.0113096854
     378  0.6283171291  0.0417196958
     379  0.6063766814 -0.1003637664
     380  0.6164698759 -0.0496608249
     381 -0.1553500442 -0.5375204360
     382 -0.2741227459 -0.4785285243
     383 -0.3359276410 -0.4657449673
     384 -0.4027064700 -0.4381193201
     385 -0.2961530211 -0.5275029565
     386 -0.0426008470 -0.5072875869
     387 -0.1630488345 -0.4759178825
     388 -0.2144996696 -0.4820689115
     389  0.0469783455 -0.4582552577
     390 -0.0672698662 -0.4509945635
     391 -0.1105625202 -0.4660753443
     392  0.1208927167 -0.4051391801
     393  0.0145695493 -0.4173412315
     394 -0.0215592655 -0.4346373866
     395  0.1851020226 -0.3588133377
     396  0.0867623544 -0.3863370352
     397  0.0563487201 -0.3999558254
     398  0.2851649809 -0.2977780380
     399  0.2157687356 -0.3428787711
     400  0.1564825399 -0.3660048261
     401  0.3562296954 -0.2516597836
     402  0.2932030869 -0.3119751168
     403  0.2550447669 -0.3271705522
     404  0.4104527225 -0.2301970841
     405  0.3353915264 -0.3157817061
     406  0.3195524307 -0.3083600945
     407  0.4903508598 -0.1665661417
     408  0.4326435362 -0.2685717451
     409  0.3907338534 -0.2878898675
     410  0.5446922608 -0.1263422156
     411  0.4918440199 -0.2431085103
     412  0.4676068908 -0.2501072238
     413  0.5766458075 -0.1192140237
     414  0.5214369307 -0.2453639125
     415  0.5118057923 -0.2378284306
     416  0.5833528447 -0.1532120769
     417  0.5198580042 -0.2782674349
     418  0.5262249822 -0.2557394788
     419  0.5544626069 -0.2308239291
     420  0.4763989606 -0.3437469417
     421  0.5047146601 -0.3066530799
     422 -0.3766055838 -0.3918719212
     423 -0.4539935383 -0.2846163719
     424 -0.4969508703 -0.2517510460
     425 -0.5389797283 -0.2051616755
     426 -0.4848157684 -0.3285918883
     427 -0.2748240590 -0.4140434255
     428 -0.3661325002 -0.3271232360
     429 -0.4085648085 -0.3114568609
     430 -0.1819835153 -0.4131193583
     431 -0.2814009988 -0.3472375193
     432 -0.3211076338 -0.3413193676
     433 -0.0990534534 -0.4015452345
     434 -0.2026882582 -0.3561773032
     435 -0.2385880358 -0.3544080536
     436 -0.0292061465 -0.3893134308
     437 -0.1397948280 -0.3598001220
     438 -0.1672639018 -0.3591153636
     439  0.1527381313 -0.3694972944
     440  0.0867025479 -0.3850738884
     441  0.0560549234 -0.3860585911
     442  0.0214415882 -0.3866054338
     443  0.0554686719 -0.3870736794
     444 -0.0459156211 -0.3795061207
     445 -0.1101429862 -0.3612349926
     446 -0.1217146964 -0.3605068494
     447  0.0140558113 -0.3885473470
     448 -0.0568780123 -0.3788982313
     449 -0.0804704878 -0.3705975412
     450  0.2243831272 -0.3546972199
     451  0.1504032286 -0.3833383402
     452  0.1189218512 -0.3841811294
     453  0.0777626629 -0.3982709794
     454  0.0046792711 -0.4000080331
     455 -0.0257205420 -0.3895699929
     456  0.2668751538 -0.3565858911
     457  0.1924039857 -0.3858721330
     458  0.1737618437 -0.3836496173
     459  0.2598646227 -0.3783412817
     460  0.1696373633 -0.4241952093
     461  0.1236765300 -0.4227754318
     462  0.0711394798 -0.4185798592
     463  0.1329747027 -0.4066752624
     464  0.0412046295 -0.4097477955
     465  0.3517696911 -0.3581174095
     466  0.2524209370 -0.4256353121
     467  0.2167933398 -0.4241462358
     468  0.4096623862 -0.3491164929
     469  0.3057818465 -0.4308349045
     470  0.2856575371 -0.4258570030
     471  0.4364324185 -0.3572126890
     472  0.3291387569 -0.4436267940
     473  0.3242598059 -0.4342830415
     474  0.4286490539 -0.3857481131
     475  0.3171121672 -0.4669843849
     476  0.3301055639 -0.4526571733
     477  0.3771164548 -0.4342641815
     478  0.2623921328 -0.4987520857
     479  0.2968027427 -0.4816603430
     480 -0.5038117033 -0.1586180346
     481 -0.5201905872 -0.0260746209
     482 -0.5409388684  0.0097077431
     483 -0.5571051343  0.0561106014
     484 -0.5632118950 -0.0746075530
     485 -0.4350508167 -0.2138853385
     486 -0.4706005079 -0.0880287987
     487 -0.4962092989 -0.0620995530
     488 -0.3630759623 -0.2522832117
     489 -0.4144486610 -0.1398146314
     490 -0.4422467773 -0.1185375033
     491 -0.2924927021 -0.2809608566
     492 -0.3564903938 -0.1847380356
     493 -0.3841656116 -0.1662832493
     494 -0.2307411013 -0.3032479136
     495 -0.3016788188 -0.2252801173
     496 -0.3268672070 -0.2083041313
     497 -0.1890321244 -0.3199880046
     498 -0.2549923733 -0.2626015085
     499 -0.2755515988 -0.2464771421
     500 -0.1364827809 -0.3510060878
     501 -0.2068306491 -0.3072694424
     502 -0.2278838433 -0.2873622786
     503 -0.0791515238 -0.3856432033
     504 -0.1569011023 -0.3544256333
     505 -0.1815278964 -0.3311532446
     506 -0.0178185291 -0.4188379907
     507 -0.1042350704 -0.4006686360
     508 -0.1267159309 -0.3796745096
     509  0.0636592933 -0.4468783489
     510 -0.0444805563 -0.4437428272
     511 -0.0700503515 -0.4242329958
     512  0.1328503864 -0.4684900421
     513  0.0074999894 -0.4792455597
     514 -0.0128705677 -0.4630519829
     515  0.1785756540 -0.4863925096
     516  0.0434529896 -0.5065794489
     517  0.0318901066 -0.4939445033
     518  0.1980301963 -0.5031729864
     519  0.0587425698 -0.5264749645
     520  0.0578425974 -0.5172828281
     521  0.1870488788 -0.5199462037
     522  0.0507749556 -0.5389616633
     523  0.0614482077 -0.5335615910
     524  0.1385554543 -0.5349698628
     525  0.0121691961 -0.5421311097
     526  0.0377773094 -0.5420123297
     527 -0.5006083453  0.1140099825
     528 -0.4448226392  0.2417885552
     529 -0.4525794243  0.2671458025
     530 -0.4599567686  0.2914076170
     531 -0.5218132189  0.1802072422
     532 -0.4694595300  0.0531862694
     533 -0.4276403539  0.1860313196
     534 -0.4364103607  0.2144313532
     535 -0.4321503319 -0.0062595367
     536 -0.4085614558  0.1245487843
     537 -0.4182553610  0.1557454489
     538 -0.3914453095 -0.0648569340
     539 -0.3878836912  0.0581954494
     540 -0.3983376223  0.0917161214
     541 -0.3504294156 -0.1224842462
     542 -0.3660583510 -0.0117034052
     543 -0.3770318706  0.0234325052
     544 -0.3123277605 -0.1783052677
     545 -0.3436765316 -0.0833698125
     546 -0.3548616222 -0.0475502365
     547 -0.2747789769 -0.2377510078
     548 -0.3214357425 -0.1546638624
     549 -0.3324751820 -0.1192618667
     550 -0.2375220823 -0.2974347893
     551 -0.3000873793 -0.2232327569
     552 -0.3106026763 -0.1894389852
     553 -0.2002585148 -0.3547538632
     554 -0.2803726538 -0.2867106983
     555 -0.2899967355 -0.2557022321
     556 -0.1612883078 -0.4082301154
     557 -0.2629560022 -0.3429347911
     558 -0.2713664994 -0.3157663188
     559 -0.1278092695 -0.4530373811
     560 -0.2483698964 -0.3901388391
     561 -0.2553151007 -0.3676492891
     562 -0.1038734843 -0.4872281876
     563 -0.2369731163 -0.4270994283
     564 -0.2422907001 -0.4098450496
     565 -0.0918304419 -0.5102251266
     566 -0.2289376873 -0.4532028859
     567 -0.2325604184 -0.4414299225
     568 -0.0928863704 -0.5218241897
     569 -0.2242520834 -0.4684398665
     570 -0.2262027865 -0.4620955248
     571 -0.1102919547 -0.5209016945
     572 -0.2227494457 -0.4733298320
     573 -0.2231258690 -0.4721052394
     574 -1.3520766440  0.3349330943
     575 -1.1741745314  0.2580425722
     576 -0.9935165956  0.5259416912
     577 -1.1211267425  0.6124919608
     578 -1.2396694523  0.4616138096
     579 -1.6739682148  0.3210863747
     580 -1.5269093062  0.3543023336
     581 -1.2680973190  0.6373486499
     582 -1.3924342664  0.6477004854
     583 -1.5261995900  0.4849936003
     584 -1.8737964428  0.1636726901
     585 -1.7909499030  0.2507459457
     586 -1.4806246184  0.6461277768
     587 -1.5500850011  0.6243146515
     588 -1.7039977349  0.4085828249
     589 -1.9567468531  0.0126491976
     590 -1.9261055094  0.0804227099
     591 -1.5764662197  0.6275668807
     592 -1.5426987451  0.6908976091
     593 -1.7462537634  0.3890769627
     594 -1.9754847310 -0.0416500420
     595 -1.9711053118 -0.0276938764
     596 -1.5040132544  0.7483999331
     597 -1.4104212288  0.8574132784
     598 -1.6974771150  0.4783543720
     599 -0.6764331910  0.8321460290
     600 -0.7634305749  0.9403423651
     601 -0.9568111067  0.7927906260
     602 -0.9188464672  0.9619669773
     603 -1.0551824674  0.9739971732
     604 -1.2296944208  0.8236784585
     605 -1.1107478073  1.0058868980
     606 -1.1587745488  1.0191986004
     607 -1.3589451987  0.8425328000
     608 -1.1096633649  1.0879914328
     609 -0.9854318047  1.1823574093
     610 -1.2734630157  0.9775484012
     611 -0.9152800439  1.2284266998
     612 -0.7627292910  1.2968411344
     613 -1.0962424406  1.1255221149
     614 -0.2530829735  0.9531997053
     615 -0.2942106845  1.0459109259
     616 -0.5284413041  1.0146416132
     617 -0.7049311597  1.0400813276
     618 -0.6206701210  1.1267793234
     619 -0.6804434398  1.1540944682
     620 -0.7253168160  1.1795981683
     621 -0.8960760281  1.0889741948
     622 -0.3145834828  1.1183539831
     623 -0.3150522230  1.1839186453
     624 -0.4676436191  1.1644218171
     625 -0.3528186084  1.2313785877
     626 -0.3669487663  1.2727109992
     627 -0.5469388044  1.2386788904
     628 -0.7501103683  1.2105422707
     629 -0.7739386527  1.2318976618
     630 -0.9685836297  1.1410694047
     631 -0.3777651993  1.3058429060
     632 -0.3900199121  1.3306586408
     633 -0.5822837037  1.2950517598
     634 -0.7650702317  1.2550041821
     635 -0.7302724471  1.2820774890
     636 -0.8670524043  1.2353577795
     637 -0.3356428527  1.3836938582
     638 -0.6654079071  1.3222537017
     639 -0.5485909860  1.3360133622
     640 -0.3660233629  1.3656350439
     641 -0.3711510097  1.3748588573
     642 -0.3955131293  1.3491552636
     643 -0.2391383066  1.3905056656
     644 -0.0914759754  1.3836543070
     645 -0.4229849410  1.3802849352
     646  0.1503580510  0.9172101186
     647  0.1306485036  1.0102515885
     648 -0.0772660545  1.0486888934
     649  0.0906438344  1.0917531970
     650  0.0679715070  1.1614518881
     651 -0.1204290960  1.1874957102
     652  0.0343352899  1.2180472918
     653  0.0257805312  1.2610757988
     654 -0.1677688233  1.2814177767
     655  0.0277871979  1.2925466492
     656  0.0262569525  1.3170876356
     657 -0.1785066626  1.3394487662
     658  0.0398044406  1.3326731895
     659  0.0911482624  1.3339783005
     660 -0.1326725655  1.3682289148
     661  0.1473726612  1.3282687829
     662  0.2457250692  1.3015300348
     663 -0.0349451773  1.3723121064
     664  0.3507917231  1.2609167069
     665  0.4929963781  1.1849248668
     666  0.2179493183  1.3153284376
     667  0.5076577649  0.7249058491
     668  0.5355920268  0.8076428563
     669  0.3469742329  0.9313444356
     670  0.4840435312  0.9243386123
     671  0.4404844149  1.0208012347
     672  0.2620901102  1.1068011489
     673  0.4139170548  1.0848718166
     674  0.4074680342  1.1286682059
     675  0.2240789731  1.2094809260
     676  0.4194270075  1.1529766778
     677  0.4267143459  1.1727295899
     678  0.2349296418  1.2600833103
     679  0.4576822910  1.1733066184
     680  0.5188534344  1.1480954055
     681  0.3162279903  1.2582823401
     682  0.6199988002  1.0845303498
     683  0.7455275128  0.9758208250
     684  0.5187723065  1.1641096397
     685  0.8098658588  0.9077747161
     686  0.9015012411  0.7830614168
     687  0.7234437595  1.0034376773
     688  0.7229183076  0.3895130520
     689  0.7673715363  0.4350378880
     690  0.6737755238  0.6311351550
     691  0.6279232899  0.7704912020
     692  0.7191787445  0.7114226366
     693  0.7141666692  0.7677875811
     694  0.7134695221  0.8130031457
     695  0.5856506327  0.9279660237
     696  0.8109703151  0.4519017233
     697  0.8576210745  0.4477872209
     698  0.7985472313  0.5833685888
     699  0.8757186096  0.4967619353
     700  0.8968278004  0.5266879741
     701  0.8171894279  0.6759359110
     702  0.7093081473  0.8633520748
     703  0.7164677062  0.8937537553
     704  0.5730092548  1.0226158362
     705  0.9081254541  0.5672962272
     706  0.9248366061  0.5852243941
     707  0.8341780929  0.7463839643
     708  0.7326326439  0.9081360033
     709  0.7445012197  0.9204824434
     710  0.5976866903  1.0578562063
     711  0.9424930384  0.5914771980
     712  0.9562205764  0.5973009661
     713  0.8645988220  0.7656323911
     714  0.7668879341  0.9147966686
     715  0.8050243825  0.8844978126
     716  0.6731630527  1.0260747913
     717  0.9719224085  0.5902105793
     718  0.9952699149  0.5559793829
     719  0.9140661342  0.7258847186
     720  0.8377049744  0.8522243064
     721  0.8786539461  0.8021114045
     722  0.8114786123  0.8976637208
     723  1.0438472966  0.4630278636
     724  0.9278272953  0.7347547865
     725  0.9692773472  0.6437535657
     726  1.0340291655  0.4769074874
     727  1.0349908736  0.4852384783
     728  1.0117170860  0.5301702714
     729  1.0634675297  0.3906237512
     730  1.0827144869  0.2781707000
     731  1.0220390056  0.5368342362
     732  0.7756961051  0.0309930921
     733  0.8262549570  0.0530759823
     734  0.8180761262  0.2447537404
     735  0.8752872538  0.0620319748
     736  0.9178307682  0.0441083593
     737  0.9095296767  0.2468447407
     738  0.9535014448  0.1206516283
     739  0.9820195267  0.1766567014
     740  0.9550129364  0.3538318663
     741  1.0027737900  0.2152516025
     742  1.0214602237  0.2308212041
     743  0.9884314750  0.4103221102
     744  1.0377696387  0.2299240810
     745  1.0508781489  0.2297984473
     746  1.0193851550  0.4155069142
     747  1.0627888061  0.2115817788
     748  1.0727972980  0.1657243610
     749  1.0513529802  0.3619934258
     750  1.0786019190  0.0941443031
     751  1.0738000816 -0.0095941621
     752  1.0803193750  0.2323836265
     753  1.0767449145 -0.0120573859
     754  1.0718924268 -0.0551887329
     755  1.0876855941  0.2018574066
     756  1.0582635001 -0.1242091036
     757  1.0290016016 -0.2241303527
     758  1.0839860584  0.0203280397
     759  0.6715894524 -0.2991022094
     760  0.7187056255 -0.2972472285
     761  0.7911308571 -0.1302853398
     762  0.7566932799 -0.3057463215
     763  0.7836433253 -0.3288166409
     764  0.8698663393 -0.1514031507
     765  0.9234854058 -0.0619727734
     766  0.9123644509 -0.1747626510
     767  0.9372169068 -0.1550372302
     768  0.9572473374 -0.1450191398
     769  0.9828043895  0.0141394999
     770  0.7951365464 -0.3628203622
     771  0.7943218703 -0.4091109769
     772  0.8610082033 -0.2969130640
     773  0.8127911999 -0.4202662573
     774  0.8192128578 -0.4445727700
     775  0.9003477792 -0.3019779888
     776  0.9809799358 -0.1254442380
     777  0.9976537974 -0.1229659998
     778  1.0243786527  0.0512978158
     779  0.8462424412 -0.4349521669
     780  0.8602934129 -0.4402531596
     781  0.9419400081 -0.2889537284
     782  1.0101855848 -0.1289987668
     783  1.0205549674 -0.1335994409
     784  1.0508305458  0.0449615466
     785  0.8686856969 -0.4497133235
     786  0.8757345831 -0.4573367312
     787  0.9613062016 -0.3032467575
     788  1.0259807848 -0.1471956427
     789  1.0236070127 -0.1805094091
     790  1.0617827663 -0.0107253713
     791  0.8771356484 -0.4699424355
     792  0.8640818468 -0.4995077002
     793  0.9566690933 -0.3483675215
     794  1.0211411401 -0.2032122367
     795  1.0126781282 -0.2385953809
     796  1.0504034008 -0.1222395985
     797  0.9035271825 -0.4674846923
     798  1.0146690159 -0.2492724421
     799  0.9509532848 -0.3777118434
     800  0.8709410965 -0.5049804126
     801  0.8934803210 -0.4783770636
     802  0.8740436583 -0.4942286252
     803  0.8988765885 -0.4775363361
     804  0.8772110878 -0.5098331593
     805  0.9997190731 -0.2966549403
     806  0.8371562027 -0.5614022986
     807  0.7748563934 -0.6291450231
     808  0.9233756755 -0.4438480415
     809  0.4482349487 -0.5386767365
     810  0.4890183427 -0.5518769409
     811  0.6166156321 -0.4387636237
     812  0.5225677010 -0.5676565698
     813  0.5427070211 -0.5909366801
     814  0.6754938495 -0.4739384140
     815  0.5562679671 -0.6153682502
     816  0.5529605543 -0.6483576814
     817  0.6837635998 -0.5413570227
     818  0.5548114890 -0.6764175667
     819  0.5330109649 -0.7147291523
     820  0.6889482506 -0.5962888373
     821  0.5863570229 -0.6997446482
     822  0.6205943545 -0.6929000075
     823  0.7507289597 -0.5785214259
     824  0.6241891873 -0.7039155033
     825  0.6272651352 -0.7129931725
     826  0.7618175693 -0.5975733310
     827  0.5983588249 -0.7423740674
     828  0.5464019110 -0.7809758889
     829  0.7184810600 -0.6588113460
     830  0.5769709255 -0.7691927147
     831  0.5822479989 -0.7705409847
     832  0.7382842257 -0.6530318648
     833  0.5939775640 -0.7663445169
     834  0.5850274299 -0.7740265871
     835  0.7595418773 -0.6396183281
     836  0.5663691086 -0.7865578727
     837  0.5257630692 -0.8096140841
     838  0.7166065151 -0.6816655689
     839  0.4685385807 -0.8372708862
     840  0.3881930828 -0.8683176247
     841  0.5929024380 -0.7723969198
     842  0.1563982625 -0.6527271773
     843  0.1876909302 -0.6780048050
     844  0.3437831774 -0.6324481823
     845  0.2126109231 -0.7026196554
     846  0.2240040205 -0.7282887843
     847  0.3890612717 -0.6776648181
     848  0.2325027623 -0.7523773267
     849  0.2241940832 -0.7776440042
     850  0.3936684900 -0.7306917152
     851  0.2129579228 -0.8004477594
     852  0.1831061984 -0.8231451350
     853  0.3628105313 -0.7871860472
     854  0.4402445446 -0.7728823512
     855  0.3359236755 -0.8198440704
     856  0.3505772723 -0.8242000587
     857  0.3567463998 -0.8302984913
     858  0.4933690918 -0.7725823238
     859  0.1481390978 -0.8404177921
     860  0.0989678753 -0.8549047121
     861  0.2179481629 -0.8454048777
     862  0.0952992502 -0.8650719947
     863  0.0787972218 -0.8740989719
     864  0.2184680984 -0.8631445168
     865  0.3564012590 -0.8387739911
     866  0.3561301123 -0.8460979490
     867  0.4959393108 -0.7907620805
     868  0.0755754989 -0.8820285393
     869  0.0728010250 -0.8888493230
     870  0.2151127933 -0.8786552755
     871  0.3491706511 -0.8535808988
     872  0.3329829547 -0.8629059136
     873  0.4440328229 -0.8275533488
     874  0.1603231007 -0.9037214666
     875  0.3599914524 -0.8631827995
     876  0.2080282632 -0.8898337066
     877  0.0816735612 -0.8993867354
     878  0.1280021485 -0.9023669937
     879  0.0838637542 -0.8945430976
     880  0.1870113595 -0.9044687671
     881  0.1928952945 -0.9064103674
     882  0.3934070978 -0.8599589805
     883  0.1947781729 -0.9081791343
     884  0.1748005521 -0.9117799687
     885  0.3856503720 -0.8666688186
     886  0.1484083648 -0.9149700945
     887  0.1003476509 -0.9176952166
     888  0.3169029353 -0.8886791635
     889  0.0379897529 -0.9171020531
     890 -0.0439582775 -0.9096352532
     891  0.1720819822 -0.9141345476
     892 -0.1454787862 -0.6286168866
     893 -0.1285847437 -0.6617599919
     894  0.0270424508 -0.6878152060
     895 -0.1149399683 -0.6924003483
     896 -0.1128636036 -0.7185758710
     897  0.0532753567 -0.7421714764
     898 -0.1126041140 -0.7426055747
     899 -0.1268561676 -0.7612157117
     900  0.0460208700 -0.7885407228
     901 -0.1380434672 -0.7784756517
     902 -0.1654278480 -0.7888881039
     903  0.0055270932 -0.8240634204
     904 -0.1852968917 -0.7984418186
     905 -0.2209361690 -0.8000356515
     906 -0.0649034359 -0.8423775402
     907 -0.2169130615 -0.8131995230
     908 -0.2275657295 -0.8195349869
     909 -0.0780096875 -0.8602191044
     910 -0.2337156467 -0.8258087982
     911 -0.2389976614 -0.8311463075
     912 -0.0868756597 -0.8736794199
     913 -0.2401892014 -0.8370660012
     914 -0.2570066496 -0.8358099737
     915 -0.0919709963 -0.8836276324
     916 -0.2331729422 -0.8494534821
     917 -0.2264067210 -0.8555201952
     918 -0.0369409457 -0.9002161895
     919 -0.2124618987 -0.8632806936
     920 -0.2175609995 -0.8637884446
     921 -0.0164664287 -0.9080416532
     922 -0.2206941997 -0.8643841106
     923 -0.2428599745 -0.8575884987
     924 -0.0391695617 -0.9083954672
     925 -0.2700206695 -0.8477257251
     926 -0.3146479170 -0.8284246221
     927 -0.1145103047 -0.8967577149
     928 -0.3670545387 -0.8015698168
     929 -0.4326253072 -0.7611043036
     930 -0.2488880856 -0.8570981549
     931 -0.3978499514 -0.4782650145
     932 -0.3980164807 -0.5116009455
     933 -0.2732872836 -0.6016134186
     934 -0.3998756362 -0.5417417318
     935 -0.4097240475 -0.5632878833
     936 -0.2718477803 -0.6574774228
     937 -0.4181885240 -0.5845095787
     938 -0.4367606195 -0.5951148696
     939 -0.2929199873 -0.6952177070
     940 -0.4536721005 -0.6054538601
     941 -0.4822068202 -0.6025166126
     942 -0.3360927771 -0.7131045804
     943 -0.5100367734 -0.5986124850
     944 -0.5511900679 -0.5759092190
     945 -0.4014323675 -0.7070375743
     946 -0.5269617070 -0.6174978292
     947 -0.5129632131 -0.6445364603
     948 -0.3801063740 -0.7454866994
     949 -0.5209637547 -0.6476155285
     950 -0.5278330238 -0.6501895923
     951 -0.3935901479 -0.7542748113
     952 -0.5587050067 -0.6280323300
     953 -0.6006525673 -0.5886875889
     954 -0.4457576338 -0.7321907342
     955 -0.5786193789 -0.6202174757
     956 -0.5714871869 -0.6328029022
     957 -0.4135083070 -0.7635820105
     958 -0.5628191731 -0.6451974241
     959 -0.5680468097 -0.6424427410
     960 -0.4074242054 -0.7728527936
     961 -0.5725646300 -0.6396538192
     962 -0.5899841241 -0.6223397409
     963 -0.4321365808 -0.7595830559
     964 -0.6075407972 -0.6033353479
     965 -0.6356640251 -0.5692344012
     966 -0.4920479183 -0.7165387319
     967 -0.6668555893 -0.5262932306
     968 -0.7036542269 -0.4667303373
     969 -0.5865035987 -0.6282432014
     970 -0.5528986762 -0.2358633428
     971 -0.5686446654 -0.2582322073
     972 -0.4992945080 -0.3940012874
     973 -0.5840002224 -0.2791434058
     974 -0.6024636089 -0.2892305924
     975 -0.5238081993 -0.4367176051
     976 -0.6193569196 -0.3005714340
     977 -0.6399663785 -0.2987824454
     978 -0.5577257666 -0.4580725781
     979 -0.6578934510 -0.3002043150
     980 -0.6794651295 -0.2864606247
     981 -0.6011351053 -0.4551911803
     982 -0.6987680702 -0.2721430493
     983 -0.7202945636 -0.2416690746
     984 -0.6560383006 -0.4182932197
     985 -0.6241128454 -0.4916862251
     986 -0.6858004681 -0.3943946685
     987 -0.6867354008 -0.4061191320
     988 -0.6903994691 -0.4110426255
     989 -0.6126693668 -0.5350867779
     990 -0.7379872839 -0.2062659088
     991 -0.7544572476 -0.1587480489
     992 -0.7294637015 -0.2786562187
     993 -0.7626400701 -0.1520756523
     994 -0.7711701739 -0.1343303534
     995 -0.7435602399 -0.2754198364
     996 -0.6968873520 -0.4109502267
     997 -0.7026323704 -0.4108133461
     998 -0.6264648875 -0.5374831254
     999 -0.7773430229 -0.1317455255
    1000 -0.7827544828 -0.1294020838
    1001 -0.7557061529 -0.2728204871
    1002 -0.7094611316 -0.4055368086
    1003 -0.7190843519 -0.3929839198
    1004 -0.6657368161 -0.4961995939
    1005 -0.7826119567 -0.2248715698
    1006 -0.7141509138 -0.4180679923
    1007 -0.7641516728 -0.2713144389
    1008 -0.7893221809 -0.1450346316
    1009 -0.7862053001 -0.1907441457
    1010 -0.7857475836 -0.1428150351
    1011 -0.7787880684 -0.2541879678
    1012 -0.7780488858 -0.2664327057
    1013 -0.6985573739 -0.4613527350
    1014 -0.7766863749 -0.2785636133
    1015 -0.7797583159 -0.2728930666
    1016 -0.6982421721 -0.4694821765
    1017 -0.7814353831 -0.2708400116
    1018 -0.7872364893 -0.2513623788
    1019 -0.7126994219 -0.4474523679
    1020 -0.7922650702 -0.2319764016
    1021 -0.7997014471 -0.1956006190
    1022 -0.7412021219 -0.3906697951
    1023 -0.8059631873 -0.1539057926
    1024 -0.8108982846 -0.0959660607
    1025 -0.7792935092 -0.2859520752
    1026 -0.5798325077  0.0468634856
    1027 -0.6006822936  0.0463382865
    1028 -0.6038646479 -0.1066087349
    1029 -0.6213228648  0.0437800179
    1030 -0.6395218993  0.0520340652
    1031 -0.6435883197 -0.1193728506
    1032 -0.6578918857  0.0535785467
    1033 -0.6730848769  0.0676779282
    1034 -0.6811214035 -0.1159447638
    1035 -0.6883769102  0.0737857645
    1036 -0.6996356785  0.0937827391
    1037 -0.7147651097 -0.0958898630
    1038 -0.7110276007  0.1046323005
    1039 -0.7175084333  0.1298946706
    1040 -0.7420779578 -0.0542263164
    1041 -0.7244145925  0.1444120978
    1042 -0.7259211247  0.1723520079
    1043 -0.7581918387  0.0095794136
    1044 -0.7327219745  0.1776545319
    1045 -0.7341419919  0.1962214136
    1046 -0.7703350892  0.0341798821
    1047 -0.7388738804  0.2015879092
    1048 -0.7429288918  0.2063336375
    1049 -0.7808564104  0.0418379259
    1050 -0.7507812672  0.1976456716
    1051 -0.7532660617  0.2026303437
    1052 -0.7904272911  0.0319031922
    1053 -0.7627934531  0.1842328327
    1054 -0.7670381694  0.1800147314
    1055 -0.8005479891 -0.0201825849
    1056 -0.7739825776  0.1649354509
    1057 -0.7757366653  0.1658837310
    1058 -0.8060207236 -0.0484283188
    1059 -0.7797415276  0.1572381996
    1060 -0.7788293290  0.1650483817
    1061 -0.8090590317 -0.0519238304
    1062 -0.7799505167  0.1644039765
    1063 -0.7761559491  0.1798146064
    1064 -0.8104737810 -0.0330459643
    1065 -0.7740345091  0.1882868971
    1066 -0.7665467751  0.2118805620
    1067 -0.8088286547  0.0120702632
    1068 -0.7583901721  0.2347056168
    1069 -0.7434671535  0.2711527112
    1070 -0.7982672880  0.0930168236
    1071 -0.4669371609  0.3145304301
    1072 -0.4735078544  0.3364795709
    1073 -0.5560806324  0.2012801134
    1074 -0.4798699241  0.3579507936
    1075 -0.4857755482  0.3781221189
    1076 -0.5854607113  0.2278198999
    1077 -0.4913842093  0.3975558263
    1078 -0.4965064347  0.4156086095
    1079 -0.6097627078  0.2565598711
    1080 -0.5012629102  0.4327155958
    1081 -0.5055239157  0.4484150194
    1082 -0.6277937012  0.2871901287
    1083 -0.5093782798  0.4630282264
    1084 -0.5127529641  0.4762640394
    1085 -0.6387632823  0.3192069739
    1086 -0.5157106145  0.4883518892
    1087 -0.5182262492  0.4991491403
    1088 -0.6429051884  0.3509740918
    1089 -0.5203478564  0.5088121328
    1090 -0.5220846652  0.5173175546
    1091 -0.6480235534  0.3718671816
    1092 -0.5234762702  0.5247706673
    1093 -0.5245546456  0.5312302877
    1094 -0.6539601403  0.3843094558
    1095 -0.5253556073  0.5367683294
    1096 -0.5259208686  0.5414914417
    1097 -0.6614282598  0.3886541145
    1098 -0.5262852687  0.5454502800
    1099 -0.5264905554  0.5487691161
    1100 -0.6723310944  0.3831787686
    1101 -0.5265685051  0.5514866480
    1102 -0.5265553549  0.5537215685
    1103 -0.6791502203  0.3801792006
    1104 -0.5264804206  0.5555025317
    1105 -0.5263676866  0.5569317110
    1106 -0.6810578337  0.3818902914
    1107 -0.5262417253  0.5580294746
    1108 -0.5261171679  0.5588722581
    1109 -0.6778090189  0.3894863031
    1110 -0.5260106957  0.5594744042
    1111 -0.5259288462  0.5598857599
    1112 -0.6689237258  0.4038644340
    1113 -0.5258783809  0.5601174065
    1114 -0.5258614643  0.5601934347
    1115 -0.6506645101  0.4294492683
    1116 -0.6677598179 -0.3405392223
    1117 -0.8197684255 -0.0835379903
    1118 -0.9925250425  0.1183897467
    1119 -0.9650294468  0.2532478459
    1120 -0.8798666834  0.4314546321
    1121 -0.8445353528  0.1833075872
    1122 -0.7842339893 -0.0949857431
    1123 -0.7547200848 -0.2324721970
    1124 -0.4471561418 -1.0140281637
    1125 -0.5372888211 -0.6642978691
    1126 -0.7215067079 -0.4102730805
    1127 -0.6745236809 -0.7324470694
    1128 -0.5854992246 -0.8738372278
    1129 -0.3781317096 -1.7045759173
    1130 -0.3955771791 -1.3731834631
    1131 -0.6595644608 -1.0273274617
    1132 -0.6633323896 -1.2977302326
    1133 -0.5437784981 -1.4878776350
    1134 -0.3964600776 -2.1802651682
    1135 -0.3827447646 -1.9767149642
    1136 -0.6957589527 -1.4969813932
    1137 -0.7582809281 -1.5757638484
    1138 -0.6036293937 -1.8477459059
    1139 -0.4079914983 -2.2960397820
    1140 -0.8093921557 -1.6032479793
    1141 -0.7494265033  0.5961314949
    1142 -0.5857346062  0.7276833658
    1143 -0.6699792329  0.4826676589
    1144 -0.7155978516  0.2079061358
    1145 -0.7682388643  0.0598631337
    1146 -0.7576351874 -0.1018258537
    1147 -0.7786642093 -0.4263710648
    1148 -0.7418328132 -0.5774901846
    1149 -0.8079041455 -0.6651270391
    1150 -0.8446774467 -0.8836829965
    1151 -0.7696308295 -1.0824117099
    1152 -0.9167880679 -0.9987742859
    1153 -1.0004981013 -0.9942665437
    1154 -0.9007973294 -1.2722098258
    1155 -1.0579155050 -1.0068151539
    1156 -0.4002225038  0.8176221397
    1157 -0.2038986475  0.8627573880
    1158 -0.3463838625  0.7316412783
    1159 -0.4611966944  0.5697569050
    1160 -0.6087348676  0.4157330036
    1161 -0.7105971002  0.1350692788
    1162 -0.7135327321  0.0852743130
    1163 -0.7590241273 -0.0722368244
    1164 -0.8012029884 -0.2224366030
    1165 -0.7963207879 -0.3254303290
    1166 -0.5392565230  0.4275840117
    1167 -0.6081464744  0.2904194163
    1168 -0.6665203938  0.1944850303
    1169 -0.6864550842  0.1428647419
    1170 -0.7579209376  0.0091404393
    1171 -0.7861044509 -0.1024962580
    1172 -0.8504895562 -0.3748910950
    1173 -0.9007400302 -0.5172562963
    1174 -0.8829628560 -0.6936542837
    1175 -0.8298506301 -0.1174735330
    1176 -0.9003345200 -0.2354566547
    1177 -0.9079959986 -0.3724544694
    1178 -0.9453522169 -0.6050383061
    1179 -0.9908718658 -0.6580105281
    1180 -1.0004739355 -0.8329970314
    1181 -1.1196648543 -0.4891232569
    1182 -1.0806544969 -0.7428108161
    1183 -1.0135863498 -0.5252039689
    1184 -1.0238342988 -0.3943174300
    1185 -1.0775227587 -0.4671315176
    1186 -0.9655905981 -0.3355163314
    1187 -1.1522241069 -0.4460081947
    1188 -0.0072349837  0.8630286591
    1189  0.1800512032  0.8206726374
    1190  0.0009101486  0.7746014228
    1191 -0.1592342726  0.6859627136
    1192 -0.3140843086  0.6461795184
    1193 -0.3052932617  0.5803507177
    1194 -0.4334605940  0.4599864460
    1195 -0.5260163930  0.3846539388
    1196 -0.5502455200  0.3389227473
    1197 -0.6531248353  0.2266392687
    1198 -0.7118570814  0.1242556799
    1199 -0.7468706523  0.1283939716
    1200 -0.8370662338  0.0372969943
    1201 -0.8764704593 -0.0936547401
    1202 -0.9190677331 -0.0344129544
    1203 -0.9834932513 -0.0634258556
    1204 -1.0136070302 -0.2238168906
    1205 -1.0405948673 -0.0751439383
    1206 -1.0695077174 -0.0331269214
    1207 -1.1119305745 -0.2530147314
    1208 -1.0770469232  0.0313622650
    1209  0.3492605908  0.7398206529
    1210  0.4929901932  0.6261901938
    1211  0.3136441014  0.6594020935
    1212  0.1425171486  0.6423402715
    1213 -0.0040156570  0.6800824372
    1214 -0.0525790100  0.6137535552
    1215 -0.2348328493  0.5452784850
    1216 -0.3363648290  0.5113472083
    1217 -0.3747928854  0.4713118919
    1218 -0.4981362192  0.3974103819
    1219 -0.5805595492  0.3197072161
    1220 -0.6023994178  0.3366175628
    1221 -0.7019729718  0.2805261495
    1222 -0.7765851520  0.1669092324
    1223 -0.7854430316  0.2462766936
    1224 -0.8426824015  0.2466196509
    1225 -0.9226932406  0.1010014003
    1226 -0.8745228137  0.2893070463
    1227 -0.8582023707  0.3744289321
    1228 -0.9803340057  0.1867956872
    1229 -0.8550202081  0.4229094295
    1230  0.6053734609  0.4867684501
    1231  0.6822715068  0.3294622540
    1232  0.5772089624  0.4115677413
    1233  0.4649263877  0.4613865755
    1234  0.3193117874  0.5745705781
    1235  0.1250134220  0.6050381286
    1236  0.1142798413  0.5734589583
    1237  0.0078081852  0.5682463055
    1238 -0.0934339990  0.5538491126
    1239 -0.1648924478  0.5529019624
    1240  0.3733710679  0.4814374079
    1241  0.2892886504  0.4903934908
    1242  0.2062451627  0.5387175660
    1243  0.1803766218  0.5156879872
    1244  0.0780196382  0.5295037237
    1245 -0.0059461546  0.5479558134
    1246 -0.2140659979  0.5290267133
    1247 -0.3215521898  0.5023214875
    1248 -0.4125489121  0.4573263209
    1249 -0.0315014272  0.5401260023
    1250 -0.1284735354  0.5461039089
    1251 -0.2252538175  0.5321873222
    1252 -0.4188919666  0.4791818034
    1253 -0.5119167656  0.4581673794
    1254 -0.6114347335  0.3788766230
    1255 -0.2171173903  0.5522821317
    1256 -0.3018129635  0.5589553010
    1257 -0.4086814592  0.5178469687
    1258 -0.5860504073  0.4484660047
    1259 -0.6368363673  0.4561496716
    1260 -0.7449496725  0.3613194168
    1261 -0.3727705112  0.5688147621
    1262 -0.4192022223  0.5872584308
    1263 -0.5306774528  0.5311055502
    1264 -0.6680724296  0.4698677652
    1265 -0.6805553858  0.4959312035
    1266 -0.7771987531  0.4359106215
    1267 -0.5436419972  0.6565393011
    1268 -0.7148862843  0.5343959059
    1269 -0.5826404791  0.5719497924
    1270 -0.4779255136  0.6325140194
    1271 -0.5264959373  0.6404964084
    1272 -0.4625510053  0.6053545991
    1273 -0.5166231118  0.6877197520
    1274  0.7213977702  0.1627102829
    1275  0.7223576771 -0.0049165460
    1276  0.6733516665  0.1024818970
    1277  0.6072914695  0.1861291689
    1278  0.5537124420  0.3310626182
    1279  0.5283631764  0.2549908323
    1280  0.4501969315  0.3039056209
    1281  0.3809599411  0.4047485835
    1282  0.3480571962  0.3872927974
    1283  0.2415670677  0.4491990695
    1284  0.1640064285  0.4957528929
    1285  0.1467736098  0.4928408748
    1286  0.0614907996  0.5272802823
    1287 -0.0313833403  0.5443741484
    1288 -0.0117150415  0.5572150057
    1289 -0.0816980437  0.5864269285
    1290 -0.1908324786  0.5820444233
    1291 -0.1375811381  0.6154136652
    1292 -0.1688392209  0.6451286822
    1293 -0.2939540108  0.6272521847
    1294 -0.1796290095  0.6791287778
    1295 -0.1545185748  0.7113727811
    1296 -0.3168899415  0.6890531397
    1297 -0.1910012603  0.7391836430
    1298 -0.1865754074  0.7614549805
    1299 -0.3674485928  0.7288527490
    1300 -0.1495840701  0.7752259429
    1301  0.6866074667 -0.1651132545
    1302  0.6173294066 -0.3102268925
    1303  0.6230478793 -0.2089821938
    1304  0.6080324919 -0.1195335507
    1305  0.6267263919  0.0320820500
    1306  0.5800719968 -0.0440913432
    1307  0.5446791430  0.0180884445
    1308  0.5180966369  0.1664477039
    1309  0.4397959313  0.2785708756
    1310  0.4336654172  0.2524379298
    1311  0.3869107724  0.3047781141
    1312  0.3405965192  0.3503440664
    1313  0.2942684646  0.4029135150
    1314  0.5130091778  0.0605649676
    1315  0.4837485306  0.0946725861
    1316  0.4654160809  0.1749163891
    1317  0.4524679096  0.1534877520
    1318  0.4235688678  0.2030322459
    1319  0.3888587122  0.2794704972
    1320  0.2794927077  0.4062028167
    1321  0.2243585755  0.4534594958
    1322  0.1469130280  0.4966458606
    1323  0.3858534443  0.2728601141
    1324  0.3513717700  0.3320855182
    1325  0.2938172752  0.3974766423
    1326  0.1725478328  0.4983100314
    1327  0.1229219307  0.5417620313
    1328  0.0242882148  0.5723897752
    1329  0.3199797831  0.3864646574
    1330  0.2899556578  0.4390316424
    1331  0.2120895033  0.4968202048
    1332  0.0837488954  0.5797911043
    1333  0.0612134820  0.6125357845
    1334 -0.0503254738  0.6379490655
    1335  0.2650495932  0.4867597146
    1336  0.2541363531  0.5239287209
    1337  0.1627726198  0.5756699522
    1338  0.0446418963  0.6385345324
    1339  0.0405877674  0.6607207034
    1340 -0.0571473513  0.6924432493
    1341  0.1505382360  0.6794833223
    1342 -0.0011244884  0.7121083351
    1343  0.1288843109  0.6384244910
    1344  0.2127214495  0.6047275117
    1345  0.1751709422  0.6474641060
    1346  0.2268486691  0.5695697541
    1347  0.1429330220  0.7033640091
    1348  0.1584884144  0.7128649919
    1349 -0.0088059905  0.7557428871
    1350  0.1959514089  0.7067603170
    1351  0.5192291091 -0.4335978716
    1352  0.3982685303 -0.5298487474
    1353  0.4456506902 -0.4512256388
    1354  0.4722259340 -0.3740709163
    1355  0.5548176294 -0.2559416975
    1356  0.4845321275 -0.2996336017
    1357  0.4838962708 -0.2326877859
    1358  0.5293448562 -0.1119442272
    1359  0.4782320629 -0.1692421059
    1360  0.4675008200 -0.1154480717
    1361  0.4869211863 -0.0123168317
    1362  0.4584227384 -0.0499500772
    1363  0.4492790120  0.0019880965
    1364  0.4475142283  0.1026506541
    1365  0.4421993439  0.0941213616
    1366  0.4287991019  0.1750541951
    1367  0.3975858443  0.2561609919
    1368  0.4189769672  0.2319310041
    1369  0.4096974738  0.2868826998
    1370  0.3575515918  0.3673300970
    1371  0.4117024416  0.3251935353
    1372  0.4255046547  0.3465545364
    1373  0.3504548307  0.4428740146
    1374  0.4103310918  0.4142741332
    1375  0.4043184840  0.4625112292
    1376  0.3158304195  0.5419754625
    1377  0.3953051364  0.5043237046
    1378  0.3977270803  0.5289361344
    1379  0.2829823403  0.6164758575
    1380  0.4066450407  0.5421643987
    1381  0.4286056844  0.5360247187
    1382  0.3051947072  0.6380395048
    1383  0.4586883111  0.5129789548
    1384  0.2613397317 -0.5951112566
    1385  0.1159070411 -0.6271693944
    1386  0.1888295174 -0.5828915837
    1387  0.2441950577 -0.5315776536
    1388  0.3665887764 -0.4668608384
    1389  0.2870118192 -0.4762932278
    1390  0.3156177596 -0.4216547931
    1391  0.4106125855 -0.3380212563
    1392  0.3395271866 -0.3658451867
    1393  0.3539340001 -0.3152494268
    1394  0.4223944365 -0.2230631883
    1395  0.3675429398 -0.2660281412
    1396  0.3762834315 -0.2250832329
    1397  0.4272097399 -0.1174479693
    1398  0.4423102430 -0.0201284659
    1399  0.4356062053 -0.0460374770
    1400  0.4425268069 -0.0010994429
    1401  0.4480317211  0.0392111903
    1402  0.4434406065  0.1075712160
    1403  0.3833192157 -0.1953484111
    1404  0.3892440924 -0.1736162241
    1405  0.4170793171 -0.1121587138
    1406  0.4073223061 -0.1340918711
    1407  0.4230361977 -0.1015586562
    1408  0.4409856997 -0.0328137091
    1409  0.4540782894  0.0816790445
    1410  0.4600647858  0.1229988992
    1411  0.4420966031  0.2059425541
    1412  0.4416443988 -0.0628025434
    1413  0.4598206273 -0.0251544375
    1414  0.4656653600  0.0482659049
    1415  0.4658597481  0.1533801884
    1416  0.4732422980  0.1772059679
    1417  0.4553568468  0.2638404975
    1418  0.5170160800  0.1631931999
    1419  0.4794019562  0.2609830540
    1420  0.4873589117  0.1147636186
    1421  0.4934886500  0.0510891339
    1422  0.5070067056  0.1113772792
    1423  0.4774759032  0.0171826718
    1424  0.5261472273  0.2154076092
    1425  0.5360660866  0.2518743601
    1426  0.4812130741  0.3635542134
    1427  0.5452280404  0.2819394507
    1428  0.5580826574  0.2933222420
    1429  0.4914333240  0.4186670324
    1430  0.5712414063  0.2950166252
    1431  0.5875789171  0.2766127505
    1432  0.5235446817  0.4134237848
    1433  0.6036793696  0.2424555400
    1434 -0.0303718165 -0.6255239818
    1435 -0.1700300274 -0.5913721124
    1436 -0.0911902665 -0.5856795005
    1437 -0.0240905077 -0.5673629630
    1438  0.1111305422 -0.5654597094
    1439  0.0359345589 -0.5406906302
    1440  0.0835521867 -0.5083781496
    1441  0.2040213498 -0.4793044713
    1442  0.1276228980 -0.4725996679
    1443  0.1610269306 -0.4366826434
    1444  0.2642393827 -0.3882712596
    1445  0.1960643030 -0.3993801411
    1446  0.2225225047 -0.3659610774
    1447  0.3071488591 -0.3054180627
    1448  0.2522988563 -0.3328824493
    1449  0.2754717074 -0.3064177817
    1450  0.3385895127 -0.2465954655
    1451  0.3137783522 -0.2696506259
    1452  0.3453932761 -0.2387339258
    1453  0.3900572842 -0.1743513624
    1454  0.3767014111 -0.2082457473
    1455  0.4071581316 -0.1786972520
    1456  0.4400274793 -0.1049371395
    1457  0.4381828379 -0.1477107494
    1458  0.4641179575 -0.1270604073
    1459  0.4868785596 -0.0398161264
    1460  0.4972135324 -0.0844812850
    1461  0.5242004160 -0.0529935220
    1462  0.5315684398  0.0552813220
    1463  0.5496060402 -0.0183924028
    1464  0.5702085862  0.0012471463
    1465  0.5667991150  0.1276231462
    1466  0.5880537598  0.0186595988
    1467  0.6019240653  0.0189868219
    1468  0.5954749684  0.1572033743
    1469  0.6122888041  0.0113096854
    1470  0.6174332352 -0.0138513119
    1471  0.6191387535  0.1312778800
    1472  0.6164698759 -0.0496608249
    1473 -0.2961530211 -0.5275029565
    1474 -0.4027064700 -0.4381193201
    1475 -0.3359276410 -0.4657449673
    1476 -0.2741227459 -0.4785285243
    1477 -0.1553500442 -0.5375204360
    1478 -0.2144996696 -0.4820689115
    1479 -0.1630488345 -0.4759178825
    1480 -0.0426008470 -0.5072875869
    1481 -0.1105625202 -0.4660753443
    1482 -0.0672698662 -0.4509945635
    1483  0.0469783455 -0.4582552577
    1484 -0.0215592655 -0.4346373866
    1485  0.0145695493 -0.4173412315
    1486  0.1208927167 -0.4051391801
    1487  0.0563487201 -0.3999558254
    1488  0.0867623544 -0.3863370352
    1489  0.1851020226 -0.3588133377
    1490  0.1564825399 -0.3660048261
    1491  0.2157687356 -0.3428787711
    1492  0.2851649809 -0.2977780380
    1493  0.2550447669 -0.3271705522
    1494  0.2932030869 -0.3119751168
    1495  0.3562296954 -0.2516597836
    1496  0.3195524307 -0.3083600945
    1497  0.3353915264 -0.3157817061
    1498  0.4104527225 -0.2301970841
    1499  0.3907338534 -0.2878898675
    1500  0.4326435362 -0.2685717451
    1501  0.4903508598 -0.1665661417
    1502  0.4676068908 -0.2501072238
    1503  0.4918440199 -0.2431085103
    1504  0.5446922608 -0.1263422156
    1505  0.5118057923 -0.2378284306
    1506  0.5214369307 -0.2453639125
    1507  0.5766458075 -0.1192140237
    1508  0.5262249822 -0.2557394788
    1509  0.5198580042 -0.2782674349
    1510  0.5833528447 -0.1532120769
    1511  0.5047146601 -0.3066530799
    1512 -0.4848157684 -0.3285918883
    1513 -0.5389797283 -0.2051616755
    1514 -0.4969508703 -0.2517510460
    1515 -0.4539935383 -0.2846163719
    1516 -0.3766055838 -0.3918719212
    1517 -0.4085648085 -0.3114568609
    1518 -0.3661325002 -0.3271232360
    1519 -0.2748240590 -0.4140434255
    1520 -0.3211076338 -0.3413193676
    1521 -0.2814009988 -0.3472375193
    1522 -0.1819835153 -0.4131193583
    1523 -0.2385880358 -0.3544080536
    1524 -0.2026882582 -0.3561773032
    1525 -0.0990534534 -0.4015452345
    1526 -0.1672639018 -0.3591153636
    1527 -0.1397948280 -0.3598001220
    1528 -0.0292061465 -0.3893134308
    1529  0.0554686719 -0.3870736794
    1530  0.0214415882 -0.3866054338
    1531  0.0560549234 -0.3860585911
    1532  0.0867025479 -0.3850738884
    1533  0.1527381313 -0.3694972944
    1534 -0.1217146964 -0.3605068494
    1535 -0.1101429862 -0.3612349926
    1536 -0.0459156211 -0.3795061207
    1537 -0.0804704878 -0.3705975412
    1538 -0.0568780123 -0.3788982313
    1539  0.0140558113 -0.3885473470
    1540  0.1189218512 -0.3841811294
    1541  0.1504032286 -0.3833383402
    1542  0.2243831272 -0.3546972199
    1543 -0.0257205420 -0.3895699929
    1544  0.0046792711 -0.4000080331
    1545  0.0777626629 -0.3982709794
    1546  0.1737618437 -0.3836496173
    1547  0.1924039857 -0.3858721330
    1548  0.2668751538 -0.3565858911
    1549  0.1696373633 -0.4241952093
    1550  0.2598646227 -0.3783412817
    1551  0.1329747027 -0.4066752624
    1552  0.0711394798 -0.4185798592
    1553  0.1236765300 -0.4227754318
    1554  0.0412046295 -0.4097477955
    1555  0.2167933398 -0.4241462358
    1556  0.2524209370 -0.4256353121
    1557  0.3517696911 -0.3581174095
    1558  0.2856575371 -0.4258570030
    1559  0.3057818465 -0.4308349045
    1560  0.4096623862 -0.3491164929
    1561  0.3242598059 -0.4342830415
    1562  0.3291387569 -0.4436267940
    1563  0.4364324185 -0.3572126890
    1564  0.3301055639 -0.4526571733
    1565  0.3171121672 -0.4669843849
    1566  0.4286490539 -0.3857481131
    1567  0.2968027427 -0.4816603430
    1568 -0.5632118950 -0.0746075530
    1569 -0.5571051343  0.0561106014
    1570 -0.5409388684  0.0097077431
    1571 -0.5201905872 -0.0260746209
    1572 -0.5038117033 -0.1586180346
    1573 -0.4962092989 -0.0620995530
    1574 -0.4706005079 -0.0880287987
    1575 -0.4350508167 -0.2138853385
    1576 -0.4422467773 -0.1185375033
    1577 -0.4144486610 -0.1398146314
    1578 -0.3630759623 -0.2522832117
    1579 -0.3841656116 -0.1662832493
    1580 -0.3564903938 -0.1847380356
    1581 -0.2924927021 -0.2809608566
    1582 -0.3268672070 -0.2083041313
    1583 -0.3016788188 -0.2252801173
    1584 -0.2307411013 -0.3032479136
    1585 -0.2755515988 -0.2464771421
    1586 -0.2549923733 -0.2626015085
    1587 -0.1890321244 -0.3199880046
    1588 -0.2278838433 -0.2873622786
    1589 -0.2068306491 -0.3072694424
    1590 -0.1364827809 -0.3510060878
    1591 -0.1815278964 -0.3311532446
    1592 -0.1569011023 -0.3544256333
    1593 -0.0791515238 -0.3856432033
    1594 -0.1267159309 -0.3796745096
    1595 -0.1042350704 -0.4006686360
    1596 -0.0178185291 -0.4188379907
    1597 -0.0700503515 -0.4242329958
    1598 -0.0444805563 -0.4437428272
    1599  0.0636592933 -0.4468783489
    1600 -0.0128705677 -0.4630519829
    1601  0.0074999894 -0.4792455597
    1602  0.1328503864 -0.4684900421
    1603  0.0318901066 -0.4939445033
    1604  0.0434529896 -0.5065794489
    1605  0.1785756540 -0.4863925096
    1606  0.0578425974 -0.5172828281
    1607  0.0587425698 -0.5264749645
    1608  0.1980301963 -0.5031729864
    1609  0.0614482077 -0.5335615910
    1610  0.0507749556 -0.5389616633
    1611  0.1870488788 -0.5199462037
    1612  0.0377773094 -0.5420123297
    1613 -0.5218132189  0.1802072422
    1614 -0.4599567686  0.2914076170
    1615 -0.4525794243  0.2671458025
    1616 -0.4448226392  0.2417885552
    1617 -0.5006083453  0.1140099825
    1618 -0.4364103607  0.2144313532
    1619 -0.4276403539  0.1860313196
    1620 -0.4694595300  0.0531862694
    1621 -0.4182553610  0.1557454489
    1622 -0.4085614558  0.1245487843
    1623 -0.4321503319 -0.0062595367
    1624 -0.3983376223  0.0917161214
    1625 -0.3878836912  0.0581954494
    1626 -0.3914453095 -0.0648569340
    1627 -0.3770318706  0.0234325052
    1628 -0.3660583510 -0.0117034052
    1629 -0.3504294156 -0.1224842462
    1630 -0.3548616222 -0.0475502365
    1631 -0.3436765316 -0.0833698125
    1632 -0.3123277605 -0.1783052677
    1633 -0.3324751820 -0.1192618667
    1634 -0.3214357425 -0.1546638624
    1635 -0.2747789769 -0.2377510078
    1636 -0.3106026763 -0.1894389852
    1637 -0.3000873793 -0.2232327569
    1638 -0.2375220823 -0.2974347893
    1639 -0.2899967355 -0.2557022321
    1640 -0.2803726538 -0.2867106983
    1641 -0.2002585148 -0.3547538632
    1642 -0.2713664994 -0.3157663188
    1643 -0.2629560022 -0.3429347911
    1644 -0.1612883078 -0.4082301154
    1645 -0.2553151007 -0.3676492891
    1646 -0.2483698964 -0.3901388391
    1647 -0.1278092695 -0.4530373811
    1648 -0.2422907001 -0.4098450496
    1649 -0.2369731163 -0.4270994283
    1650 -0.1038734843 -0.4872281876
    1651 -0.2325604184 -0.4414299225
    1652 -0.2289376873 -0.4532028859
    1653 -0.0918304419 -0.5102251266
    1654 -0.2262027865 -0.4620955248
    1655 -0.2242520834 -0.4684398665
    1656 -0.0928863704 -0.5218241897
    1657 -0.2231258690 -0.4721052394
    1658 -1.1741745314  0.2580425722
    1659 -1.3520766440  0.3349330943
    1660 -1.2396694523  0.4616138096
    1661 -1.1211267425  0.6124919608
    1662 -0.9935165956  0.5259416912
    1663 -1.5269093062  0.3543023336
    1664 -1.6739682148  0.3210863747
    1665 -1.5261995900  0.4849936003
    1666 -1.3924342664  0.6477004854
    1667 -1.2680973190  0.6373486499
    1668 -1.7909499030  0.2507459457
    1669 -1.8737964428  0.1636726901
    1670 -1.7039977349  0.4085828249
    1671 -1.5500850011  0.6243146515
    1672 -1.4806246184  0.6461277768
    1673 -1.9261055094  0.0804227099
    1674 -1.9567468531  0.0126491976
    1675 -1.7462537634  0.3890769627
    1676 -1.5426987451  0.6908976091
    1677 -1.5764662197  0.6275668807
    1678 -1.9711053118 -0.0276938764
    1679 -1.5040132544  0.7483999331
    1680 -0.9568111067  0.7927906260
    1681 -0.7634305749  0.9403423651
    1682 -0.6764331910  0.8321460290
    1683 -1.2296944208  0.8236784585
    1684 -1.0551824674  0.9739971732
    1685 -0.9188464672  0.9619669773
    1686 -1.3589451987  0.8425328000
    1687 -1.1587745488  1.0191986004
    1688 -1.1107478073  1.0058868980
    1689 -1.2734630157  0.9775484012
    1690 -0.9854318047  1.1823574093
    1691 -1.1096633649  1.0879914328
    1692 -0.9152800439  1.2284266998
    1693 -0.5284413041  1.0146416132
    1694 -0.2942106845  1.0459109259
    1695 -0.2530829735  0.9531997053
    1696 -0.8960760281  1.0889741948
    1697 -0.7253168160  1.1795981683
    1698 -0.6804434398  1.1540944682
    1699 -0.6206701210  1.1267793234
    1700 -0.7049311597  1.0400813276
    1701 -0.4676436191  1.1644218171
    1702 -0.3150522230  1.1839186453
    1703 -0.3145834828  1.1183539831
    1704 -0.5469388044  1.2386788904
    1705 -0.3669487663  1.2727109992
    1706 -0.3528186084  1.2313785877
    1707 -0.9685836297  1.1410694047
    1708 -0.7739386527  1.2318976618
    1709 -0.7501103683  1.2105422707
    1710 -0.5822837037  1.2950517598
    1711 -0.3900199121  1.3306586408
    1712 -0.3777651993  1.3058429060
    1713 -0.8670524043  1.2353577795
    1714 -0.7302724471  1.2820774890
    1715 -0.7650702317  1.2550041821
    1716 -0.6654079071  1.3222537017
    1717 -0.3356428527  1.3836938582
    1718 -0.3711510097  1.3748588573
    1719 -0.3660233629  1.3656350439
    1720 -0.5485909860  1.3360133622
    1721 -0.3955131293  1.3491552636
    1722 -0.2391383066  1.3905056656
    1723 -0.0772660545  1.0486888934
    1724  0.1306485036  1.0102515885
    1725  0.1503580510  0.9172101186
    1726 -0.1204290960  1.1874957102
    1727  0.0679715070  1.1614518881
    1728  0.0906438344  1.0917531970
    1729 -0.1677688233  1.2814177767
    1730  0.0257805312  1.2610757988
    1731  0.0343352899  1.2180472918
    1732 -0.1785066626  1.3394487662
    1733  0.0262569525  1.3170876356
    1734  0.0277871979  1.2925466492
    1735 -0.1326725655  1.3682289148
    1736  0.0911482624  1.3339783005
    1737  0.0398044406  1.3326731895
    1738 -0.0349451773  1.3723121064
    1739  0.2457250692  1.3015300348
    1740  0.1473726612  1.3282687829
    1741  0.3507917231  1.2609167069
    1742  0.3469742329  0.9313444356
    1743  0.5355920268  0.8076428563
    1744  0.5076577649  0.7249058491
    1745  0.2620901102  1.1068011489
    1746  0.4404844149  1.0208012347
    1747  0.4840435312  0.9243386123
    1748  0.2240789731  1.2094809260
    1749  0.4074680342  1.1286682059
    1750  0.4139170548  1.0848718166
    1751  0.2349296418  1.2600833103
    1752  0.4267143459  1.1727295899
    1753  0.4194270075  1.1529766778
    1754  0.3162279903  1.2582823401
    1755  0.5188534344  1.1480954055
    1756  0.4576822910  1.1733066184
    1757  0.5187723065  1.1641096397
    1758  0.7455275128  0.9758208250
    1759  0.6199988002  1.0845303498
    1760  0.8098658588  0.9077747161
    1761  0.6737755238  0.6311351550
    1762  0.7673715363  0.4350378880
    1763  0.7229183076  0.3895130520
    1764  0.5856506327  0.9279660237
    1765  0.7134695221  0.8130031457
    1766  0.7141666692  0.7677875811
    1767  0.7191787445  0.7114226366
    1768  0.6279232899  0.7704912020
    1769  0.7985472313  0.5833685888
    1770  0.8576210745  0.4477872209
    1771  0.8109703151  0.4519017233
    1772  0.8171894279  0.6759359110
    1773  0.8968278004  0.5266879741
    1774  0.8757186096  0.4967619353
    1775  0.5730092548  1.0226158362
    1776  0.7164677062  0.8937537553
    1777  0.7093081473  0.8633520748
    1778  0.8341780929  0.7463839643
    1779  0.9248366061  0.5852243941
    1780  0.9081254541  0.5672962272
    1781  0.5976866903  1.0578562063
    1782  0.7445012197  0.9204824434
    1783  0.7326326439  0.9081360033
    1784  0.8645988220  0.7656323911
    1785  0.9562205764  0.5973009661
    1786  0.9424930384  0.5914771980
    1787  0.6731630527  1.0260747913
    1788  0.8050243825  0.8844978126
    1789  0.7668879341  0.9147966686
    1790  0.9140661342  0.7258847186
    1791  0.9952699149  0.5559793829
    1792  0.9719224085  0.5902105793
    1793  0.8114786123  0.8976637208
    1794  0.8786539461  0.8021114045
    1795  0.8377049744  0.8522243064
    1796  0.9278272953  0.7347547865
    1797  1.0438472966  0.4630278636
    1798  1.0349908736  0.4852384783
    1799  1.0340291655  0.4769074874
    1800  0.9692773472  0.6437535657
    1801  1.0117170860  0.5301702714
    1802  1.0634675297  0.3906237512
    1803  0.8180761262  0.2447537404
    1804  0.8262549570  0.0530759823
    1805  0.7756961051  0.0309930921
    1806  0.9095296767  0.2468447407
    1807  0.9178307682  0.0441083593
    1808  0.8752872538  0.0620319748
    1809  0.9550129364  0.3538318663
    1810  0.9820195267  0.1766567014
    1811  0.9535014448  0.1206516283
    1812  0.9884314750  0.4103221102
    1813  1.0214602237  0.2308212041
    1814  1.0027737900  0.2152516025
    1815  1.0193851550  0.4155069142
    1816  1.0508781489  0.2297984473
    1817  1.0377696387  0.2299240810
    1818  1.0513529802  0.3619934258
    1819  1.0727972980  0.1657243610
    1820  1.0627888061  0.2115817788
    1821  1.0803193750  0.2323836265
    1822  1.0738000816 -0.0095941621
    1823  1.0786019190  0.0941443031
    1824  1.0876855941  0.2018574066
    1825  1.0718924268 -0.0551887329
    1826  1.0767449145 -0.0120573859
    1827  1.0582635001 -0.1242091036
    1828  0.7911308571 -0.1302853398
    1829  0.7187056255 -0.2972472285
    1830  0.6715894524 -0.2991022094
    1831  0.8698663393 -0.1514031507
    1832  0.7836433253 -0.3288166409
    1833  0.7566932799 -0.3057463215
    1834  0.9828043895  0.0141394999
    1835  0.9572473374 -0.1450191398
    1836  0.9372169068 -0.1550372302
    1837  0.9123644509 -0.1747626510
    1838  0.9234854058 -0.0619727734
    1839  0.8610082033 -0.2969130640
    1840  0.7943218703 -0.4091109769
    1841  0.7951365464 -0.3628203622
    1842  0.9003477792 -0.3019779888
    1843  0.8192128578 -0.4445727700
    1844  0.8127911999 -0.4202662573
    1845  1.0243786527  0.0512978158
    1846  0.9976537974 -0.1229659998
    1847  0.9809799358 -0.1254442380
    1848  0.9419400081 -0.2889537284
    1849  0.8602934129 -0.4402531596
    1850  0.8462424412 -0.4349521669
    1851  1.0508305458  0.0449615466
    1852  1.0205549674 -0.1335994409
    1853  1.0101855848 -0.1289987668
    1854  0.9613062016 -0.3032467575
    1855  0.8757345831 -0.4573367312
    1856  0.8686856969 -0.4497133235
    1857  1.0617827663 -0.0107253713
    1858  1.0236070127 -0.1805094091
    1859  1.0259807848 -0.1471956427
    1860  0.9566690933 -0.3483675215
    1861  0.8640818468 -0.4995077002
    1862  0.8771356484 -0.4699424355
    1863  1.0504034008 -0.1222395985
    1864  1.0126781282 -0.2385953809
    1865  1.0211411401 -0.2032122367
    1866  1.0146690159 -0.2492724421
    1867  0.9035271825 -0.4674846923
    1868  0.8934803210 -0.4783770636
    1869  0.8709410965 -0.5049804126
    1870  0.9509532848 -0.3777118434
    1871  0.8740436583 -0.4942286252
    1872  0.9997190731 -0.2966549403
    1873  0.8772110878 -0.5098331593
    1874  0.8988765885 -0.4775363361
    1875  0.8371562027 -0.5614022986
    1876  0.6166156321 -0.4387636237
    1877  0.4890183427 -0.5518769409
    1878  0.4482349487 -0.5386767365
    1879  0.6754938495 -0.4739384140
    1880  0.5427070211 -0.5909366801
    1881  0.5225677010 -0.5676565698
    1882  0.6837635998 -0.5413570227
    1883  0.5529605543 -0.6483576814
    1884  0.5562679671 -0.6153682502
    1885  0.6889482506 -0.5962888373
    1886  0.5330109649 -0.7147291523
    1887  0.5548114890 -0.6764175667
    1888  0.7507289597 -0.5785214259
    1889  0.6205943545 -0.6929000075
    1890  0.5863570229 -0.6997446482
    1891  0.7618175693 -0.5975733310
    1892  0.6272651352 -0.7129931725
    1893  0.6241891873 -0.7039155033
    1894  0.7184810600 -0.6588113460
    1895  0.5464019110 -0.7809758889
    1896  0.5983588249 -0.7423740674
    1897  0.7382842257 -0.6530318648
    1898  0.5822479989 -0.7705409847
    1899  0.5769709255 -0.7691927147
    1900  0.7595418773 -0.6396183281
    1901  0.5850274299 -0.7740265871
    1902  0.5939775640 -0.7663445169
    1903  0.7166065151 -0.6816655689
    1904  0.5257630692 -0.8096140841
    1905  0.5663691086 -0.7865578727
    1906  0.4685385807 -0.8372708862
    1907  0.3437831774 -0.6324481823
    1908  0.1876909302 -0.6780048050
    1909  0.1563982625 -0.6527271773
    1910  0.3890612717 -0.6776648181
    1911  0.2240040205 -0.7282887843
    1912  0.2126109231 -0.7026196554
    1913  0.3936684900 -0.7306917152
    1914  0.2241940832 -0.7776440042
    1915  0.2325027623 -0.7523773267
    1916  0.3628105313 -0.7871860472
    1917  0.1831061984 -0.8231451350
    1918  0.2129579228 -0.8004477594
    1919  0.4933690918 -0.7725823238
    1920  0.3567463998 -0.8302984913
    1921  0.3505772723 -0.8242000587
    1922  0.3359236755 -0.8198440704
    1923  0.4402445446 -0.7728823512
    1924  0.2179481629 -0.8454048777
    1925  0.0989678753 -0.8549047121
    1926  0.1481390978 -0.8404177921
    1927  0.2184680984 -0.8631445168
    1928  0.0787972218 -0.8740989719
    1929  0.0952992502 -0.8650719947
    1930  0.4959393108 -0.7907620805
    1931  0.3561301123 -0.8460979490
    1932  0.3564012590 -0.8387739911
    1933  0.2151127933 -0.8786552755
    1934  0.0728010250 -0.8888493230
    1935  0.0755754989 -0.8820285393
    1936  0.4440328229 -0.8275533488
    1937  0.3329829547 -0.8629059136
    1938  0.3491706511 -0.8535808988
    1939  0.3599914524 -0.8631827995
    1940  0.1603231007 -0.9037214666
    1941  0.1280021485 -0.9023669937
    1942  0.0816735612 -0.8993867354
    1943  0.2080282632 -0.8898337066
    1944  0.0838637542 -0.8945430976
    1945  0.3934070978 -0.8599589805
    1946  0.1928952945 -0.9064103674
    1947  0.1870113595 -0.9044687671
    1948  0.3856503720 -0.8666688186
    1949  0.1748005521 -0.9117799687
    1950  0.1947781729 -0.9081791343
    1951  0.3169029353 -0.8886791635
    1952  0.1003476509 -0.9176952166
    1953  0.1484083648 -0.9149700945
    1954  0.0379897529 -0.9171020531
    1955  0.0270424508 -0.6878152060
    1956 -0.1285847437 -0.6617599919
    1957 -0.1454787862 -0.6286168866
    1958  0.0532753567 -0.7421714764
    1959 -0.1128636036 -0.7185758710
    1960 -0.1149399683 -0.6924003483
    1961  0.0460208700 -0.7885407228
    1962 -0.1268561676 -0.7612157117
    1963 -0.1126041140 -0.7426055747
    1964  0.0055270932 -0.8240634204
    1965 -0.1654278480 -0.7888881039
    1966 -0.1380434672 -0.7784756517
    1967 -0.0649034359 -0.8423775402
    1968 -0.2209361690 -0.8000356515
    1969 -0.1852968917 -0.7984418186
    1970 -0.0780096875 -0.8602191044
    1971 -0.2275657295 -0.8195349869
    1972 -0.2169130615 -0.8131995230
    1973 -0.0868756597 -0.8736794199
    1974 -0.2389976614 -0.8311463075
    1975 -0.2337156467 -0.8258087982
    1976 -0.0919709963 -0.8836276324
    1977 -0.2570066496 -0.8358099737
    1978 -0.2401892014 -0.8370660012
    1979 -0.0369409457 -0.9002161895
    1980 -0.2264067210 -0.8555201952
    1981 -0.2331729422 -0.8494534821
    1982 -0.0164664287 -0.9080416532
    1983 -0.2175609995 -0.8637884446
    1984 -0.2124618987 -0.8632806936
    1985 -0.0391695617 -0.9083954672
    1986 -0.2428599745 -0.8575884987
    1987 -0.2206941997 -0.8643841106
    1988 -0.1145103047 -0.8967577149
    1989 -0.3146479170 -0.8284246221
    1990 -0.2700206695 -0.8477257251
    1991 -0.3670545387 -0.8015698168
    1992 -0.2732872836 -0.6016134186
    1993 -0.3980164807 -0.5116009455
    1994 -0.3978499514 -0.4782650145
    1995 -0.2718477803 -0.6574774228
    1996 -0.4097240475 -0.5632878833
    1997 -0.3998756362 -0.5417417318
    1998 -0.2929199873 -0.6952177070
    1999 -0.4367606195 -0.5951148696
    2000 -0.4181885240 -0.5845095787
    2001 -0.3360927771 -0.7131045804
    2002 -0.4822068202 -0.6025166126
    2003 -0.4536721005 -0.6054538601
    2004 -0.4014323675 -0.7070375743
    2005 -0.5511900679 -0.5759092190
    2006 -0.5100367734 -0.5986124850
    2007 -0.3801063740 -0.7454866994
    2008 -0.5129632131 -0.6445364603
    2009 -0.5269617070 -0.6174978292
    2010 -0.3935901479 -0.7542748113
    2011 -0.5278330238 -0.6501895923
    2012 -0.5209637547 -0.6476155285
    2013 -0.4457576338 -0.7321907342
    2014 -0.6006525673 -0.5886875889
    2015 -0.5587050067 -0.6280323300
    2016 -0.4135083070 -0.7635820105
    2017 -0.5714871869 -0.6328029022
    2018 -0.5786193789 -0.6202174757
    2019 -0.4074242054 -0.7728527936
    2020 -0.5680468097 -0.6424427410
    2021 -0.5628191731 -0.6451974241
    2022 -0.4321365808 -0.7595830559
    2023 -0.5899841241 -0.6223397409
    2024 -0.5725646300 -0.6396538192
    2025 -0.4920479183 -0.7165387319
    2026 -0.6356640251 -0.5692344012
    2027 -0.6075407972 -0.6033353479
    2028 -0.6668555893 -0.5262932306
    2029 -0.4992945080 -0.3940012874
    2030 -0.5686446654 -0.2582322073
    2031 -0.5528986762 -0.2358633428
    2032 -0.5238081993 -0.4367176051
    2033 -0.6024636089 -0.2892305924
    2034 -0.5840002224 -0.2791434058
    2035 -0.5577257666 -0.4580725781
    2036 -0.6399663785 -0.2987824454
    2037 -0.6193569196 -0.3005714340
    2038 -0.6011351053 -0.4551911803
    2039 -0.6794651295 -0.2864606247
    2040 -0.6578934510 -0.3002043150
    2041 -0.6560383006 -0.4182932197
    2042 -0.7202945636 -0.2416690746
    2043 -0.6987680702 -0.2721430493
    2044 -0.6126693668 -0.5350867779
    2045 -0.6903994691 -0.4110426255
    2046 -0.6867354008 -0.4061191320
    2047 -0.6858004681 -0.3943946685
    2048 -0.6241128454 -0.4916862251
    2049 -0.7294637015 -0.2786562187
    2050 -0.7544572476 -0.1587480489
    2051 -0.7379872839 -0.2062659088
    2052 -0.7435602399 -0.2754198364
    2053 -0.7711701739 -0.1343303534
    2054 -0.7626400701 -0.1520756523
    2055 -0.6264648875 -0.5374831254
    2056 -0.7026323704 -0.4108133461
    2057 -0.6968873520 -0.4109502267
    2058 -0.7557061529 -0.2728204871
    2059 -0.7827544828 -0.1294020838
    2060 -0.7773430229 -0.1317455255
    2061 -0.6657368161 -0.4961995939
    2062 -0.7190843519 -0.3929839198
    2063 -0.7094611316 -0.4055368086
    2064 -0.7141509138 -0.4180679923
    2065 -0.7826119567 -0.2248715698
    2066 -0.7862053001 -0.1907441457
    2067 -0.7893221809 -0.1450346316
    2068 -0.7641516728 -0.2713144389
    2069 -0.7857475836 -0.1428150351
    2070 -0.6985573739 -0.4613527350
    2071 -0.7780488858 -0.2664327057
    2072 -0.7787880684 -0.2541879678
    2073 -0.6982421721 -0.4694821765
    2074 -0.7797583159 -0.2728930666
    2075 -0.7766863749 -0.2785636133
    2076 -0.7126994219 -0.4474523679
    2077 -0.7872364893 -0.2513623788
    2078 -0.7814353831 -0.2708400116
    2079 -0.7412021219 -0.3906697951
    2080 -0.7997014471 -0.1956006190
    2081 -0.7922650702 -0.2319764016
    2082 -0.8059631873 -0.1539057926
    2083 -0.6038646479 -0.1066087349
    2084 -0.6006822936  0.0463382865
    2085 -0.5798325077  0.0468634856
    2086 -0.6435883197 -0.1193728506
    2087 -0.6395218993  0.0520340652
    2088 -0.6213228648  0.0437800179
    2089 -0.6811214035 -0.1159447638
    2090 -0.6730848769  0.0676779282
    2091 -0.6578918857  0.0535785467
    2092 -0.7147651097 -0.0958898630
    2093 -0.6996356785  0.0937827391
    2094 -0.6883769102  0.0737857645
    2095 -0.7420779578 -0.0542263164
    2096 -0.7175084333  0.1298946706
    2097 -0.7110276007  0.1046323005
    2098 -0.7581918387  0.0095794136
    2099 -0.7259211247  0.1723520079
    2100 -0.7244145925  0.1444120978
    2101 -0.7703350892  0.0341798821
    2102 -0.7341419919  0.1962214136
    2103 -0.7327219745  0.1776545319
    2104 -0.7808564104  0.0418379259
    2105 -0.7429288918  0.2063336375
    2106 -0.7388738804  0.2015879092
    2107 -0.7904272911  0.0319031922
    2108 -0.7532660617  0.2026303437
    2109 -0.7507812672  0.1976456716
    2110 -0.8005479891 -0.0201825849
    2111 -0.7670381694  0.1800147314
    2112 -0.7627934531  0.1842328327
    2113 -0.8060207236 -0.0484283188
    2114 -0.7757366653  0.1658837310
    2115 -0.7739825776  0.1649354509
    2116 -0.8090590317 -0.0519238304
    2117 -0.7788293290  0.1650483817
    2118 -0.7797415276  0.1572381996
    2119 -0.8104737810 -0.0330459643
    2120 -0.7761559491  0.1798146064
    2121 -0.7799505167  0.1644039765
    2122 -0.8088286547  0.0120702632
    2123 -0.7665467751  0.2118805620
    2124 -0.7740345091  0.1882868971
    2125 -0.7583901721  0.2347056168
    2126 -0.5560806324  0.2012801134
    2127 -0.4735078544  0.3364795709
    2128 -0.4669371609  0.3145304301
    2129 -0.5854607113  0.2278198999
    2130 -0.4857755482  0.3781221189
    2131 -0.4798699241  0.3579507936
    2132 -0.6097627078  0.2565598711
    2133 -0.4965064347  0.4156086095
    2134 -0.4913842093  0.3975558263
    2135 -0.6277937012  0.2871901287
    2136 -0.5055239157  0.4484150194
    2137 -0.5012629102  0.4327155958
    2138 -0.6387632823  0.3192069739
    2139 -0.5127529641  0.4762640394
    2140 -0.5093782798  0.4630282264
    2141 -0.6429051884  0.3509740918
    2142 -0.5182262492  0.4991491403
    2143 -0.5157106145  0.4883518892
    2144 -0.6480235534  0.3718671816
    2145 -0.5220846652  0.5173175546
    2146 -0.5203478564  0.5088121328
    2147 -0.6539601403  0.3843094558
    2148 -0.5245546456  0.5312302877
    2149 -0.5234762702  0.5247706673
    2150 -0.6614282598  0.3886541145
    2151 -0.5259208686  0.5414914417
    2152 -0.5253556073  0.5367683294
    2153 -0.6723310944  0.3831787686
    2154 -0.5264905554  0.5487691161
    2155 -0.5262852687  0.5454502800
    2156 -0.6791502203  0.3801792006
    2157 -0.5265553549  0.5537215685
    2158 -0.5265685051  0.5514866480
    2159 -0.6810578337  0.3818902914
    2160 -0.5263676866  0.5569317110
    2161 -0.5264804206  0.5555025317
    2162 -0.6778090189  0.3894863031
    2163 -0.5261171679  0.5588722581
    2164 -0.5262417253  0.5580294746
    2165 -0.6689237258  0.4038644340
    2166 -0.5259288462  0.5598857599
    2167 -0.5260106957  0.5594744042
    2168 -0.5258783809  0.5601174065
