       1  1.0380497756 -0.3239939698
       2  0.7888643287 -0.1131747650
       3  0.5639625887  0.1654093387
       4  0.6725493431  0.0953771438
       5  0.7213615692 -0.0076976570
       6  0.8340586895 -0.2820289296
       7  0.9127423410 -0.5122131987
       8  1.0037984673 -0.3883493137
       9  0.3622674940  0.5242800827
      10  0.2112924218  0.9175234212
      11  0.3825558436  0.7857086201
      12  0.5050011964  0.6535702208
      13  0.6031994605  0.3121517894
      14  0.1094458719  1.3251551185
      15  0.0541362560  1.7036413154
      16  0.2610406048  1.4718092799
      17  0.4233143783  1.2680558376
      18  0.4506936674  0.9730874863
      19  0.0327781884  2.0157347191
      20  0.0297542268  2.2497837825
      21  0.2935336872  1.8768274618
      22  0.5020032651  1.5705821571
      23  0.4386597266  1.4862520680
      24  0.0327195369  2.3831095878
      25  0.0344765832  2.4283741831
      26  0.3793839151  1.9074970639
      27  0.6363272280  1.5014319801
      28  0.5569940931  1.5978466836
      29  0.7198666388 -0.1323490518
      30  0.6775787146 -0.2605302931
      31  0.6679823384 -0.5245526009
      32  0.6130750409 -0.7533153007
      33  0.7787273581 -0.6423373604
      34  0.6024444239  0.5080220292
      35  0.6620547460  0.3641421560
      36  0.6818255154  0.0398194560
      37  0.5708652415  1.0406070094
      38  0.6767279509  0.8344646031
      39  0.6633795115  0.6090690884
      40  0.6934524196  1.2387132931
      41  0.8253676833  0.9454191117
      42  0.7397457025  0.9525957629
      43  0.8187626744  1.1536417417
      44  0.9371606316  0.8405510009
      45  0.8810216812  0.9563411617
      46  0.5869095051 -0.4522491306
      47  0.4492555281 -0.5948161695
      48  0.3548068999 -0.7483998170
      49  0.2292908814 -0.8716317474
      50  0.4264558094 -0.8319439610
      51  0.6914351490  0.2687170214
      52  0.7050941020  0.1700755126
      53  0.6798203675  0.0218009144
      54  0.6520421846 -0.1322374956
      55  0.6591691769 -0.1846522546
      56  0.6127229331 -0.2354552392
      57  0.5601665311 -0.3259549503
      58  0.5092423819 -0.4585758402
      59  0.6983862628  0.0543945760
      60  0.6761779171 -0.0527327632
      61  0.6210808412 -0.1831044983
      62  0.7375854738  0.6407270701
      63  0.7720433291  0.4638342802
      64  0.7372241613  0.3217576235
      65  0.7894747769  0.3206736868
      66  0.7890499052  0.1868606144
      67  0.7326841292  0.0711497917
      68  0.8401379659  0.7807158971
      69  0.8455621204  0.6043152192
      70  0.8068194745  0.5515851632
      71  0.9235397673  0.6882069560
      72  0.9725967559  0.4367644238
      73  0.9359193504  0.4149185945
      74  0.8911338415  0.3432573091
      75  0.8756665926  0.4718849176
      76  0.8421359655  0.2852152827
      77  0.9990897611  0.5530280140
      78  1.0105570721  0.2889309915
      79  1.0028915091  0.3951210648
      80  0.3053005569 -0.6648101690
      81  0.1523927172 -0.7002118833
      82  0.0087552959 -0.7845272089
      83 -0.1569421268 -0.8279533194
      84  0.0316629468 -0.8700474184
      85  0.4822047877 -0.4142146456
      86  0.3925881476 -0.4841194135
      87  0.2820754974 -0.5995872845
      88  0.6349520686 -0.1624053840
      89  0.5796554759 -0.2589416064
      90  0.4928653799 -0.3676871146
      91  0.7707117334  0.0501060966
      92  0.7352626237 -0.0744878393
      93  0.6586803328 -0.1633243727
      94  0.8862797153  0.1782459828
      95  0.8600118924  0.0255768626
      96  0.8051044490 -0.0040866431
      97  0.9710941624  0.2086882846
      98  0.9332256673  0.0008475953
      99  0.9089902282  0.0387054736
     100  0.9770622791  0.0495924989
     101  0.9042488472 -0.1620663159
     102  0.9384559720 -0.0581208086
     103 -0.0035889746 -0.6912473664
     104 -0.1508964409 -0.6508961058
     105 -0.3066575478 -0.6682649428
     106 -0.4739682534 -0.6368233622
     107 -0.3279419315 -0.7485194261
     108  0.2962849078 -0.5302743517
     109  0.1954363427 -0.5590374513
     110  0.0297917045 -0.6243562064
     111  0.5095351037 -0.3453612021
     112  0.4292461792 -0.4160487769
     113  0.3206131792 -0.4878785756
     114  0.6784552592 -0.1960668460
     115  0.6071895439 -0.3008374652
     116  0.5201175187 -0.3561873606
     117  0.8036700250 -0.1285848838
     118  0.7281192819 -0.2627429848
     119  0.6795109949 -0.2656914121
     120  0.8498516333 -0.2029053479
     121  0.7348808213 -0.3728904732
     122  0.7533146296 -0.2984385578
     123  0.7982323754 -0.3426568054
     124  0.6656927918 -0.4890508900
     125  0.7299565350 -0.4146050049
     126 -0.3240475783 -0.5814240318
     127 -0.4672918166 -0.4677414421
     128 -0.5707620537 -0.4217439720
     129 -0.6692167151 -0.3439037924
     130 -0.5891293433 -0.4994163189
     131  0.1237637519 -0.5620982172
     132  0.0513101690 -0.5580406543
     133 -0.0405598179 -0.5725085492
     134 -0.1380705376 -0.5778102479
     135 -0.1415374439 -0.6120266320
     136 -0.2281243362 -0.5404350685
     137 -0.3092697916 -0.4897916046
     138 -0.3843852507 -0.4845152386
     139 -0.0347506838 -0.5471220457
     140 -0.1167631573 -0.5237787356
     141 -0.2095831516 -0.5126426911
     142  0.3453448227 -0.4686974786
     143  0.2564987056 -0.5062500462
     144  0.1603721629 -0.5333903563
     145  0.1632448077 -0.5287540314
     146  0.0701909327 -0.5355514651
     147 -0.0172015870 -0.5322941362
     148  0.5206428206 -0.3898518368
     149  0.4255412431 -0.4596983825
     150  0.3428675694 -0.4819205878
     151  0.3271140601 -0.5100733570
     152  0.2258468691 -0.5422580462
     153  0.1497571562 -0.5386085072
     154  0.6363530801 -0.3670433438
     155  0.5347307664 -0.4515084763
     156  0.4908618400 -0.4477488910
     157  0.4346864212 -0.5160031550
     158  0.3302348813 -0.5621987257
     159  0.2893261460 -0.5486069648
     160  0.6602059327 -0.4287065453
     161  0.5710094902 -0.4825582822
     162  0.5614153414 -0.4614686597
     163  0.6000032071 -0.5134694825
     164  0.4408077437 -0.6169148658
     165  0.4256344483 -0.6039117678
     166  0.3816616234 -0.5976362934
     167  0.4791596021 -0.5475813093
     168  0.3687286965 -0.5760541950
     169  0.5138126966 -0.5988562739
     170  0.3501125369 -0.6707322929
     171  0.4155331793 -0.6424218675
     172 -0.5558077874 -0.3370600483
     173 -0.6094855266 -0.1919566043
     174 -0.6705902318 -0.1137903587
     175 -0.7164853850 -0.0116946074
     176 -0.7118417748 -0.1785178935
     177 -0.3989979193 -0.4008827664
     178 -0.4659281749 -0.2972408946
     179 -0.5370748370 -0.2548196913
     180 -0.1999729485 -0.4849456539
     181 -0.2741079126 -0.4337390576
     182 -0.3717761113 -0.3762468045
     183 -0.0223575670 -0.5269343023
     184 -0.1099365093 -0.5035646836
     185 -0.1874795523 -0.4734835001
     186  0.1215045507 -0.5568393943
     187  0.0198363985 -0.5535813165
     188 -0.0436044795 -0.5288471341
     189  0.2137326798 -0.5921472951
     190  0.0983793457 -0.6011676203
     191  0.0703351748 -0.5774727820
     192  0.2332203127 -0.6408507014
     193  0.0852373307 -0.6520794564
     194  0.1079483553 -0.6278828471
     195  0.2789990213 -0.6740921219
     196  0.1148092634 -0.6942883155
     197  0.1185487998 -0.6763385570
     198  0.1822140922 -0.7045829651
     199  0.0175744597 -0.7016404972
     200  0.0816889613 -0.7038061286
     201 -0.6291187507 -0.0380945721
     202 -0.6110281007  0.1133985003
     203 -0.6246544601  0.1974741615
     204 -0.6188211441  0.2939552967
     205 -0.6844655641  0.1483381263
     206 -0.5292925862 -0.1599540751
     207 -0.5524761586 -0.0124190728
     208 -0.5852780471  0.0436553694
     209 -0.3239799647 -0.3828860043
     210 -0.3666639312 -0.3262103068
     211 -0.4090432996 -0.2847398154
     212 -0.4518275413 -0.2363483071
     213 -0.4573388034 -0.2672862112
     214 -0.4800903121 -0.1582051501
     215 -0.4951376924 -0.0777343849
     216 -0.5228729106 -0.0493664405
     217 -0.4097328305 -0.2527380698
     218 -0.4390505751 -0.1745275909
     219 -0.4661703769 -0.1308539224
     220 -0.1894699477 -0.4673143352
     221 -0.2603870039 -0.4194106919
     222 -0.3108032893 -0.3772513729
     223 -0.3226509331 -0.3598208760
     224 -0.3727120027 -0.2919548337
     225 -0.4045820767 -0.2386048873
     226 -0.0778249581 -0.5330354948
     227 -0.1675662459 -0.4971183267
     228 -0.2129807849 -0.4588646006
     229 -0.2473971760 -0.4480533143
     230 -0.3156631484 -0.3875690045
     231 -0.3435512995 -0.3405635626
     232 -0.0098285916 -0.5877505386
     233 -0.1106820450 -0.5574774034
     234 -0.1316300518 -0.5301000256
     235 -0.2012063494 -0.5162173998
     236 -0.2812639496 -0.4617507100
     237 -0.2923114855 -0.4298833879
     238 -0.0029320171 -0.6308319321
     239 -0.0909956820 -0.5974879628
     240 -0.0952256213 -0.5794517702
     241 -0.0525274617 -0.6426704187
     242 -0.1865527752 -0.6032418450
     243 -0.2089566544 -0.5739593020
     244 -0.2427371071 -0.5341908462
     245 -0.1693086317 -0.5708835284
     246 -0.2562088703 -0.5031249606
     247 -0.0445053317 -0.6793872682
     248 -0.1922577682 -0.6311346325
     249 -0.1791386782 -0.6241767169
     250 -0.1367911333 -0.6644610469
     251 -0.2745848710 -0.5968396322
     252 -0.2246931718 -0.6231144421
     253 -0.5587064724  0.2499832396
     254 -0.4771275034  0.3685242265
     255 -0.4516667951  0.4413444629
     256 -0.4061836708  0.5164912041
     257 -0.5241168811  0.4184826723
     258 -0.5350817791  0.1172634789
     259 -0.4880752630  0.2374395047
     260 -0.4889058728  0.2989924906
     261 -0.4942783939  0.0291357782
     262 -0.4712300599  0.1315750675
     263 -0.4823349882  0.1795960215
     264 -0.4561840130 -0.0732433732
     265 -0.4513197881  0.0270213620
     266 -0.4617869730  0.0725862640
     267 -0.4109675036 -0.2146962712
     268 -0.4342947254 -0.1335518253
     269 -0.4461105450 -0.0588542802
     270 -0.3731748193 -0.3146209931
     271 -0.4154332402 -0.2345207426
     272 -0.4245974868 -0.1849022449
     273 -0.3635292732 -0.3795998526
     274 -0.4249556991 -0.2848048660
     275 -0.4152566301 -0.2676724788
     276 -0.3315254888 -0.4696789234
     277 -0.4057986619 -0.3909903816
     278 -0.4116827642 -0.3471999831
     279 -0.3015969990 -0.5377337990
     280 -0.3990390973 -0.4511262745
     281 -0.3975918327 -0.4292179976
     282 -0.3195718304 -0.5549947713
     283 -0.4241958174 -0.4555382369
     284 -0.4060867194 -0.4624252829
     285 -0.3904687145 -0.5036553471
     286 -0.4802676368 -0.3906618255
     287 -0.4490859605 -0.4329894110
     288 -0.3724949102  0.4620497809
     289 -0.2510081569  0.5277501086
     290 -0.1982878632  0.5763065037
     291 -0.1283341840  0.6187739994
     292 -0.2717989251  0.5840297290
     293 -0.4136385051  0.3422112536
     294 -0.3178491509  0.4252480328
     295 -0.2914570451  0.4759068286
     296 -0.4227994283  0.2374505553
     297 -0.3517357698  0.3275740033
     298 -0.3396346894  0.3737326427
     299 -0.4238135998  0.1426215159
     300 -0.3687435526  0.2459647344
     301 -0.3629398597  0.2827719512
     302 -0.4421677294 -0.0665349921
     303 -0.4401820183  0.0003247821
     304 -0.4354120906  0.0371766741
     305 -0.4289566000  0.0785168335
     306 -0.4403222319  0.0513009430
     307 -0.4065204654  0.1418974028
     308 -0.3752830910  0.2002805217
     309 -0.3728596136  0.2194155782
     310 -0.4273303597  0.0694038212
     311 -0.4041924625  0.1344739486
     312 -0.3911344135  0.1640942386
     313 -0.4395819957 -0.1556682623
     314 -0.4499316891 -0.0758520718
     315 -0.4450713024 -0.0382858234
     316 -0.4485987483 -0.0045568014
     317 -0.4365248881  0.0645310029
     318 -0.4205421652  0.0989930206
     319 -0.4481899624 -0.2063380878
     320 -0.4599853538 -0.1245574632
     321 -0.4544268725 -0.1032934217
     322 -0.4658506942 -0.2014053737
     323 -0.4910168856 -0.1086669777
     324 -0.4808366671 -0.0609528809
     325 -0.4667828078 -0.0053582157
     326 -0.4671326479 -0.0651274867
     327 -0.4527147890  0.0256590238
     328 -0.4678202914 -0.2954327324
     329 -0.5089496474 -0.1900244452
     330 -0.5000733883 -0.1566714795
     331 -0.4760100661 -0.3453126625
     332 -0.5275302284 -0.2276361844
     333 -0.5170083629 -0.2174788506
     334 -0.5018487900 -0.3391323130
     335 -0.5507019072 -0.2117545893
     336 -0.5381145968 -0.2289243851
     337 -0.5411260607 -0.2642282822
     338 -0.5715978986 -0.1310563164
     339 -0.5624883024 -0.1802587629
     340 -0.1186530799  0.5628765934
     341  0.0161105966  0.5661887936
     342  0.0799560255  0.5835026110
     343  0.1556321450  0.5890587058
     344  0.0166193696  0.6200976759
     345 -0.2056959453  0.4823952765
     346 -0.0848884481  0.5110270200
     347 -0.0406185886  0.5411652439
     348 -0.2600011382  0.3983736890
     349 -0.1554146551  0.4444694635
     350 -0.1255668851  0.4777604103
     351 -0.2963084902  0.3224809396
     352 -0.2093857362  0.3789690283
     353 -0.1868376414  0.4099234630
     354 -0.3205634385  0.2687553984
     355 -0.2543933279  0.3236411372
     356 -0.2353663128  0.3483142317
     357 -0.3661842628  0.2022880851
     358 -0.3175208947  0.2610566272
     359 -0.2894422467  0.2896977126
     360 -0.4106062320  0.1384503041
     361 -0.3728122176  0.2055223354
     362 -0.3455426373  0.2328504380
     363 -0.4523651710  0.0785871359
     364 -0.4233178427  0.1576494195
     365 -0.4007899288  0.1769169068
     366 -0.4950332822 -0.0086720492
     367 -0.4790894247  0.0897471164
     368 -0.4544273311  0.1186876023
     369 -0.5273836073 -0.0750129991
     370 -0.5209353748  0.0398833306
     371 -0.5026571677  0.0580384620
     372 -0.5519244684 -0.1021459329
     373 -0.5482262456  0.0231728973
     374 -0.5368287095  0.0238016203
     375 -0.5696987706 -0.0786856869
     376 -0.5586809180  0.0521047675
     377 -0.5562332330  0.0297880861
     378 -0.5716761295  0.0021194535
     379 -0.5427561377  0.1288342805
     380 -0.5552057633  0.0839024921
     381  0.1472301081  0.5378814480
     382  0.2661934105  0.4804457377
     383  0.3249374310  0.4682659542
     384  0.3890518326  0.4418891011
     385  0.2817959334  0.5283022031
     386  0.0414871342  0.5095939290
     387  0.1620507555  0.4779817751
     388  0.2099175242  0.4838610268
     389 -0.0405057031  0.4637013910
     390  0.0740244238  0.4542126829
     391  0.1133538532  0.4686798329
     392 -0.1061687259  0.4137669636
     393  0.0006836053  0.4216595032
     394  0.0324978482  0.4385749970
     395 -0.1612987738  0.3695181677
     396 -0.0619097065  0.3903255983
     397 -0.0363059104  0.4045817941
     398 -0.2540592696  0.3133781448
     399 -0.1828417899  0.3514278214
     400 -0.1275812835  0.3724121664
     401 -0.3180279998  0.2703186586
     402 -0.2528496821  0.3220770569
     403 -0.2183483582  0.3365035455
     404 -0.3644155801  0.2489594264
     405 -0.2871517735  0.3221070462
     406 -0.2751297833  0.3173504427
     407 -0.4387068434  0.1908913214
     408 -0.3775546560  0.2795007022
     409 -0.3389516023  0.2972050368
     410 -0.4882489568  0.1537717589
     411 -0.4316279010  0.2558346257
     412 -0.4098712375  0.2626788869
     413 -0.5158794825  0.1463555181
     414 -0.4573234726  0.2566283750
     415 -0.4495292114  0.2506233428
     416 -0.5188182011  0.1756294570
     417 -0.4533422193  0.2843555347
     418 -0.4607050251  0.2652102691
     419 -0.4875340009  0.2431758179
     420 -0.4098477215  0.3400389624
     421 -0.4377875703  0.3085380229
     422  0.3692256441  0.3953268713
     423  0.4474977197  0.2894629387
     424  0.4881833626  0.2583919516
     425  0.5284720178  0.2139301731
     426  0.4724711622  0.3350572625
     427  0.2738926203  0.4159650080
     428  0.3652600199  0.3290026460
     429  0.4047168308  0.3147191786
     430  0.1884390551  0.4142045508
     431  0.2871230501  0.3465432129
     432  0.3234545653  0.3419191134
     433  0.1134960484  0.4016403794
     434  0.2154642616  0.3526933264
     435  0.2478465640  0.3524525124
     436  0.0519097424  0.3871206570
     437  0.1592257829  0.3525489174
     438  0.1834926208  0.3540127820
     439 -0.1189671859  0.3716749463
     440 -0.0532567108  0.3808729037
     441 -0.0251635346  0.3820319922
     442  0.0068191548  0.3825136394
     443 -0.0285507409  0.3873293998
     444  0.0722339986  0.3710862267
     445  0.1339572236  0.3489644099
     446  0.1435562117  0.3510144619
     447  0.0174788068  0.3782565598
     448  0.0854930467  0.3630686206
     449  0.1068441162  0.3567517515
     450 -0.1839643109  0.3570480847
     451 -0.1112354721  0.3782487216
     452 -0.0825817421  0.3795276575
     453 -0.0406983341  0.3860489862
     454  0.0290789513  0.3812499141
     455  0.0569374730  0.3722547487
     456 -0.2205565831  0.3561360582
     457 -0.1488523240  0.3790317504
     458 -0.1323107799  0.3779066615
     459 -0.2111439864  0.3723648814
     460 -0.1236500153  0.4059601810
     461 -0.0809635521  0.4035699422
     462 -0.0320989976  0.3981131091
     463 -0.0911278321  0.3928372849
     464 -0.0046214252  0.3903445945
     465 -0.2963087961  0.3546261084
     466 -0.2001692927  0.4082044757
     467 -0.1673548632  0.4067309564
     468 -0.3492503218  0.3459747453
     469 -0.2490522874  0.4125345772
     470 -0.2307900367  0.4085483954
     471 -0.3728375297  0.3519679820
     472 -0.2699693763  0.4228255708
     473 -0.2658887874  0.4153280597
     474 -0.3640082053  0.3754351662
     475 -0.2580546674  0.4415218953
     476 -0.2705083045  0.4300907929
     477 -0.3144667122  0.4153410933
     478 -0.2068421062  0.4661837315
     479 -0.2389257307  0.4530835725
     480  0.4985455393  0.1646755200
     481  0.5164100107  0.0330290581
     482  0.5359746580 -0.0003313817
     483  0.5514213496 -0.0442755696
     484  0.5549646685  0.0851898594
     485  0.4342779692  0.2158034006
     486  0.4699964280  0.0900337909
     487  0.4938776684  0.0665810087
     488  0.3677003622  0.2501231574
     489  0.4177681712  0.1366609974
     490  0.4435547723  0.1180030830
     491  0.3028985478  0.2744585525
     492  0.3640388186  0.1761201866
     493  0.3896519535  0.1604851240
     494  0.2465763186  0.2918155367
     495  0.3132574705  0.2108725226
     496  0.3365898490  0.1969214471
     497  0.2087508926  0.3031434858
     498  0.2698940930  0.2423058075
     499  0.2890331562  0.2292715162
     500  0.1604419984  0.3295566548
     501  0.2251596406  0.2814256489
     502  0.2447692490  0.2644367981
     503  0.1076420123  0.3601117249
     504  0.1788798342  0.3234936742
     505  0.2017030443  0.3027279709
     506  0.0511438521  0.3902081614
     507  0.1302243080  0.3653894984
     508  0.1510511276  0.3467287384
     509 -0.0239858459  0.4175294506
     510  0.0752487031  0.4052811772
     511  0.0988197394  0.3875338410
     512 -0.0876917435  0.4378277522
     513  0.0274076810  0.4378353572
     514  0.0462092080  0.4233532758
     515 -0.1296774088  0.4537434080
     516 -0.0057466390  0.4623818401
     517  0.0049883244  0.4514192884
     518 -0.1474373363  0.4678173446
     519 -0.0200043084  0.4795410407
     520 -0.0190104417  0.4720033024
     521 -0.1372453257  0.4809066835
     522 -0.0130643384  0.4892801289
     523 -0.0226006047  0.4855106120
     524 -0.0928314030  0.4909559023
     525  0.0215947427  0.4893762631
     526 -0.0014131517  0.4909698775
     527  0.4986076759 -0.1064844242
     528  0.4446971005 -0.2341588088
     529  0.4524116177 -0.2570247308
     530  0.4597756325 -0.2788952606
     531  0.5188638105 -0.1677242265
     532  0.4691319218 -0.0510699133
     533  0.4276929054 -0.1838550534
     534  0.4363588146 -0.2094813476
     535  0.4339562265  0.0025281983
     536  0.4089194346 -0.1283523688
     537  0.4184457935 -0.1565188322
     538  0.3956158817  0.0548963551
     539  0.3886709702 -0.0684196947
     540  0.3988965994 -0.0987006642
     541  0.3569337259  0.1060327264
     542  0.3673858655 -0.0052531915
     543  0.3780777873 -0.0370087059
     544  0.3208837566  0.1553440370
     545  0.3456326609  0.0595392904
     546  0.3564950906  0.0271519715
     547  0.2854905452  0.2084558717
     548  0.3240780930  0.1240203694
     549  0.3347699337  0.0919984968
     550  0.2505265264  0.2621366675
     551  0.3034369814  0.1860577544
     552  0.3135984345  0.1554805559
     553  0.2157545988  0.3140049780
     554  0.2844117840  0.2435057115
     555  0.2936951915  0.2154409456
     556  0.1796819879  0.3628159946
     557  0.2676299653  0.2944011320
     558  0.2757310556  0.2698061803
     559  0.1486553120  0.4035598772
     560  0.2535921697  0.3371396000
     561  0.2602744613  0.3167766701
     562  0.1263586870  0.4344101020
     563  0.2426336091  0.3706086530
     564  0.2477457092  0.3549837127
     565  0.1149189334  0.4548246516
     566  0.2349119688  0.3942487108
     567  0.2383927416  0.3835865119
     568  0.1154046185  0.4645925424
     569  0.2304111638  0.4080487370
     570  0.2322847535  0.4023026142
     571  0.1306425147  0.4624686753
     572  0.2289680274  0.4124776674
     573  0.2293295149  0.4113685136
     574  1.5470401705 -0.5186224954
     575  1.2961579381 -0.4590837646
     576  1.0725366561 -0.6143534805
     577  1.2532017973 -0.6966954426
     578  1.4023681163 -0.5933216461
     579  2.0013385126 -0.4345101433
     580  1.7932459507 -0.5072279049
     581  1.4567023940 -0.7135539852
     582  1.6310353214 -0.7006898618
     583  1.8104775559 -0.5691725383
     584  2.2897378420 -0.1882833566
     585  2.1688074882 -0.3193537159
     586  1.7555516737 -0.6689990166
     587  1.8531370282 -0.6179837380
     588  2.0654460141 -0.4191624510
     589  2.4157387748  0.0290780878
     590  2.3682091775 -0.0674731939
     591  1.8913836771 -0.5939558059
     592  1.8480064757 -0.6370460615
     593  2.1275952675 -0.3427260402
     594  2.4459145923  0.1056370797
     595  2.4387502918  0.0860161690
     596  1.7983022891 -0.6832743530
     597  1.6791411016 -0.7883901026
     598  2.0590814481 -0.4132236904
     599  0.7333689223 -0.8558065020
     600  0.8536018430 -0.9560262103
     601  1.0641105748 -0.8349429694
     602  1.0451141731 -0.9745873100
     603  1.2190239376 -0.9757568832
     604  1.4259259831 -0.8467860731
     605  1.2964009288 -0.9898238679
     606  1.3617493141 -0.9863284007
     607  1.6051511076 -0.8207124748
     608  1.3106850931 -1.0374801453
     609  1.1720752127 -1.1217277956
     610  1.5083603093 -0.9181784928
     611  1.0956435218 -1.1627346559
     612  0.9277451197 -1.2321690183
     613  1.3017731996 -1.0563535032
     614  0.2951936631 -0.9577342416
     615  0.3540324082 -1.0444489913
     616  0.5995722314 -1.0181641157
     617  0.8036127223 -1.0421673201
     618  0.7238218720 -1.1172825123
     619  0.7975860785 -1.1388387881
     620  0.8549286677 -1.1574329145
     621  1.0406855097 -1.0760182895
     622  0.3884740541 -1.1107959537
     623  0.4013249195 -1.1696040118
     624  0.5611796729 -1.1514509865
     625  0.4507706729 -1.2108509801
     626  0.4745094060 -1.2457953442
     627  0.6639195448 -1.2127055899
     628  0.8907007956 -1.1794349760
     629  0.9237828957 -1.1924177280
     630  1.1411293395 -1.1037017748
     631  0.4934692275 -1.2727908818
     632  0.5125625061 -1.2919661753
     633  0.7165099704 -1.2548206055
     634  0.9188151078 -1.2089690264
     635  0.8844792928 -1.2308301043
     636  1.0373356007 -1.1793544447
     637  0.4686111806 -1.3323073838
     638  0.8195424958 -1.2635012267
     639  0.6890638928 -1.2861013949
     640  0.4958158697 -1.3188420139
     641  0.5040963814 -1.3247292403
     642  0.5232151986 -1.3056219755
     643  0.3685129750 -1.3407776479
     644  0.2145927134 -1.3390036861
     645  0.5625586337 -1.3241241293
     646 -0.1132888529 -0.9210261709
     647 -0.0793938611 -1.0093431884
     648  0.1322927132 -1.0459833385
     649 -0.0269513467 -1.0856622712
     650  0.0073503414 -1.1499199535
     651  0.2005231005 -1.1734440982
     652  0.0509039362 -1.2011975528
     653  0.0677206768 -1.2394437863
     654  0.2673805211 -1.2561248057
     655  0.0722083965 -1.2668536271
     656  0.0791262181 -1.2877151437
     657  0.2913460178 -1.3045527688
     658  0.0694236130 -1.3005971667
     659  0.0194815084 -1.3013643772
     660  0.2516358389 -1.3277534393
     661 -0.0362532148 -1.2960555590
     662 -0.1364982919 -1.2726093616
     663  0.1543315081 -1.3312803989
     664 -0.2443123463 -1.2365659347
     665 -0.3913578667 -1.1681836862
     666 -0.1065575925 -1.2841429342
     667 -0.4750983373 -0.7347636730
     668 -0.4899685014 -0.8156167619
     669 -0.2981472654 -0.9341333296
     670 -0.4267843861 -0.9275655612
     671 -0.3722090323 -1.0188703027
     672 -0.1902783017 -1.0993815383
     673 -0.3373393167 -1.0787523781
     674 -0.3239953898 -1.1191828449
     675 -0.1358331596 -1.1933370676
     676 -0.3308505404 -1.1412860381
     677 -0.3339231891 -1.1590263864
     678 -0.1362205452 -1.2381048252
     679 -0.3622850436 -1.1591195105
     680 -0.4228975555 -1.1356401091
     681 -0.2132995497 -1.2354661942
     682 -0.5257166987 -1.0767899776
     683 -0.6554818224 -0.9756931706
     684 -0.4192207290 -1.1495587344
     685 -0.7223330905 -0.9119928778
     686 -0.8194483048 -0.7947019754
     687 -0.6312718972 -1.0012342634
     688 -0.7009983637 -0.4063697733
     689 -0.7368011141 -0.4535760381
     690 -0.6356115389 -0.6449038349
     691 -0.5784907654 -0.7803466991
     692 -0.6674410169 -0.7241079337
     693 -0.6564349272 -0.7786204321
     694 -0.6503173744 -0.8221311297
     695 -0.5195384385 -0.9312573550
     696 -0.7739601884 -0.4718505953
     697 -0.8154301850 -0.4694234630
     698 -0.7514251135 -0.6007172188
     699 -0.8273877745 -0.5180396929
     700 -0.8433935453 -0.5478807443
     701 -0.7585897152 -0.6912170787
     702 -0.6401578675 -0.8702573592
     703 -0.6425019106 -0.8991810928
     704 -0.4941053737 -1.0204186833
     705 -0.8496469704 -0.5876924722
     706 -0.8626058564 -0.6054761568
     707 -0.7657762961 -0.7593984775
     708 -0.6549297057 -0.9128105878
     709 -0.6636795845 -0.9244212062
     710 -0.5107907896 -1.0529510926
     711 -0.8774284561 -0.6119196823
     712 -0.8887923263 -0.6178344945
     713 -0.7901938429 -0.7781241459
     714 -0.6842454348 -0.9190194211
     715 -0.7220788252 -0.8904691099
     716 -0.5836021907 -1.0229343005
     717 -0.9030946235 -0.6113188027
     718 -0.9266060125 -0.5788172459
     719 -0.8379950475 -0.7406107875
     720 -0.7551267355 -0.8600485863
     721 -0.7974784138 -0.8127692058
     722 -0.7254972963 -0.9026578336
     723 -0.9767359568 -0.4903406387
     724 -0.8484684267 -0.7490730907
     725 -0.8949943203 -0.6627007231
     726 -0.9671909185 -0.5034685196
     727 -0.9672188711 -0.5115387486
     728 -0.9431943639 -0.5543057178
     729 -0.9995419574 -0.4209695632
     730 -1.0241805512 -0.3128157593
     731 -0.9511785723 -0.5609449176
     732 -0.7639396180 -0.0519564688
     733 -0.8086314663 -0.0777644511
     734 -0.7938612015 -0.2669057787
     735 -0.8520647958 -0.0901280732
     736 -0.8905005214 -0.0754900634
     737 -0.8744423681 -0.2739303146
     738 -0.9192896415 -0.1526001808
     739 -0.9419364508 -0.2089665822
     740 -0.9079309687 -0.3809746132
     741 -0.9582338465 -0.2477369779
     742 -0.9737906693 -0.2638505418
     743 -0.9331735629 -0.4373842649
     744 -0.9881319533 -0.2637778460
     745 -0.9996022220 -0.2642999288
     746 -0.9597417557 -0.4435198509
     747 -1.0110280490 -0.2471933009
     748 -1.0222329033 -0.2032027392
     749 -0.9914404377 -0.3927594648
     750 -1.0308034106 -0.1341473925
     751 -1.0308994003 -0.0335348675
     752 -1.0250414375 -0.2682817703
     753 -1.0336039541 -0.0313709329
     754 -1.0308906564  0.0105308920
     755 -1.0331720040 -0.2390747777
     756 -1.0210414926  0.0778844467
     757 -0.9975949506  0.1758145488
     758 -1.0387228212 -0.0631394561
     759 -0.6702841783  0.2778828587
     760 -0.7144396260  0.2715204108
     761 -0.7803315505  0.1044602484
     762 -0.7498050304  0.2760616275
     763 -0.7749024551  0.2955730993
     764 -0.8520626360  0.1182202383
     765 -0.8985590660  0.0274645989
     766 -0.8908980058  0.1373868590
     767 -0.9129638076  0.1164765886
     768 -0.9307953834  0.1053226679
     769 -0.9492738892 -0.0505792625
     770 -0.7857760220  0.3268215149
     771 -0.7853794332  0.3706478132
     772 -0.8458718176  0.2586160092
     773 -0.8026381823  0.3796261275
     774 -0.8088618137  0.4020060371
     775 -0.8819444154  0.2602510013
     776 -0.9516713485  0.0847148647
     777 -0.9665737360  0.0811279008
     778 -0.9848022949 -0.0893070741
     779 -0.8338493592  0.3907324914
     780 -0.8469614240  0.3945936454
     781 -0.9197167637  0.2445398614
     782 -0.9779785120  0.0860420902
     783 -0.9874122492  0.0897242531
     784 -1.0084513647 -0.0847930027
     785 -0.8549049254  0.4028349857
     786 -0.8615984497  0.4094497323
     787 -0.9376703804  0.2566485801
     788 -0.9926634914  0.1024010208
     789 -0.9914326620  0.1345479999
     790 -1.0202854845 -0.0316193435
     791 -0.8631577128  0.4212032135
     792 -0.8515982924  0.4500402583
     793 -0.9343721548  0.2999085155
     794 -0.9898123698  0.1564789865
     795 -0.9830628319  0.1909568893
     796 -1.0138905173  0.0766168671
     797 -0.8879071794  0.4167342350
     798 -0.9851828156  0.2009757623
     799 -0.9297943600  0.3281715734
     800 -0.8582254641  0.4546184774
     801 -0.8787387964  0.4278010179
     802 -0.8608413809  0.4442781423
     803 -0.8838534787  0.4265589082
     804 -0.8644090287  0.4586446343
     805 -0.9728060974  0.2472787673
     806 -0.8280944801  0.5101627250
     807 -0.7710177626  0.5782656119
     808 -0.9059486461  0.3928404793
     809 -0.4558007945  0.5206510590
     810 -0.4959622440  0.5294469456
     811 -0.6182609837  0.4141762132
     812 -0.5287867965  0.5412069110
     813 -0.5485695853  0.5609667250
     814 -0.6744078396  0.4416889881
     815 -0.5619847316  0.5823484461
     816 -0.5593455722  0.6128935485
     817 -0.6827712436  0.5037688322
     818 -0.5616565376  0.6385210950
     819 -0.5415536481  0.6752289428
     820 -0.6883555398  0.5543730326
     821 -0.5924470341  0.6576918894
     822 -0.6250901742  0.6489137114
     823 -0.7465119015  0.5329876127
     824 -0.6288301540  0.6588201733
     825 -0.6320589975  0.6669828337
     826 -0.7573793235  0.5498690630
     827 -0.6052779781  0.6961388219
     828 -0.5567076778  0.7352452497
     829 -0.7178011364  0.6101306371
     830 -0.5858120827  0.7223659127
     831 -0.5910486799  0.7232738792
     832 -0.7366390940  0.6032750623
     833 -0.6022733627  0.7186225242
     834 -0.5940426600  0.7263389391
     835 -0.7566166485  0.5891890257
     836 -0.5766465528  0.7391721618
     837 -0.5385087258  0.7631082576
     838 -0.7171051821  0.6315091338
     839 -0.4845077010  0.7921912594
     840 -0.4083025824  0.8255067239
     841 -0.6017396247  0.7243352748
     842 -0.1703178069  0.6405830592
     843 -0.2027988759  0.6622100314
     844 -0.3552460574  0.6129834912
     845 -0.2286777747  0.6833832267
     846 -0.2411210667  0.7060898329
     847 -0.4010886226  0.6510975834
     848 -0.2505757235  0.7275158646
     849 -0.2436269289  0.7508293660
     850 -0.4071562490  0.6990041732
     851 -0.2337607702  0.7720691030
     852 -0.2058381018  0.7940589635
     853 -0.3791068256  0.7522808092
     854 -0.4536848224  0.7345921217
     855 -0.3543401131  0.7835793449
     856 -0.3687669430  0.7867622458
     857 -0.3750412988  0.7920062353
     858 -0.5050465160  0.7309482211
     859 -0.1727802999  0.8112927170
     860 -0.1259059127  0.8264879677
     861 -0.2409312017  0.8128314540
     862 -0.1230111733  0.8359686250
     863 -0.1076419138  0.8449071327
     864 -0.2424447155  0.8290585390
     865 -0.3751246306  0.7997958172
     866 -0.3752496038  0.8065377652
     867 -0.5082405223  0.7474852544
     868 -0.1050962810  0.8523584382
     869 -0.1029316591  0.8587900705
     870 -0.2401638473  0.8434828323
     871 -0.3689114117  0.8137965768
     872 -0.3537405397  0.8232436387
     873 -0.4596845744  0.7845220880
     874 -0.1889352626  0.8691642703
     875 -0.3800809407  0.8221012191
     876 -0.2340837447  0.8541449820
     877 -0.1123766776  0.8682762542
     878 -0.1574700248  0.8692255932
     879 -0.1140841916  0.8636662963
     880 -0.2149398226  0.8687450275
     881 -0.2208775689  0.8703369782
     882 -0.4125234261  0.8173673636
     883 -0.2229251608  0.8719470385
     884 -0.2039184266  0.8762305985
     885 -0.4055610400  0.8240573906
     886 -0.1786765439  0.8803918693
     887 -0.1324654999  0.8849904084
     888 -0.3402987343  0.8481156616
     889 -0.0722797361  0.8869611506
     890  0.0071425374  0.8830713117
     891 -0.2016315904  0.8786411240
     892  0.1283946889  0.6239356609
     893  0.1090785040  0.6546861355
     894 -0.0448685918  0.6762220277
     895  0.0932689211  0.6829383522
     896  0.0891341524  0.7071165272
     897 -0.0743515049  0.7250959001
     898  0.0869932492  0.7293139007
     899  0.0993039274  0.7467861937
     900 -0.0702622330  0.7676095645
     901  0.1087427329  0.7629902552
     902  0.1342301403  0.7732331878
     903 -0.0332622985  0.8013767998
     904  0.1524990951  0.7825682887
     905  0.1863907934  0.7848806541
     906  0.0334855854  0.8203296708
     907  0.1814625695  0.7971394780
     908  0.1910547423  0.8033876969
     909  0.0447094999  0.8372907168
     910  0.1963417263  0.8094959644
     911  0.2008613354  0.8147292082
     912  0.0520888667  0.8501654114
     913  0.2014276809  0.8204234517
     914  0.2174160528  0.8198203420
     915  0.0560472731  0.8597354408
     916  0.1935493987  0.8321040101
     917  0.1865113875  0.8377373223
     918  0.0017208229  0.8735342076
     919  0.1724968839  0.8447437260
     920  0.1772045433  0.8454980382
     921 -0.0187942050  0.8802841719
     922  0.1800424797  0.8462663089
     923  0.2015972028  0.8406482298
     924  0.0028101436  0.8815937140
     925  0.2281344557  0.8322612342
     926  0.2719613944  0.8154393805
     927  0.0758630236  0.8734481902
     928  0.3236434662  0.7916099783
     929  0.3886272317  0.7551247125
     930  0.2072165187  0.8405571531
     931  0.3810513279  0.4812651698
     932  0.3782694083  0.5137428454
     933  0.2531367983  0.5992063646
     934  0.3773645010  0.5429354767
     935  0.3846778195  0.5638205093
     936  0.2467564777  0.6520462636
     937  0.3907652821  0.5843266630
     938  0.4071843489  0.5947974751
     939  0.2635269834  0.6878534484
     940  0.4220749216  0.6050258801
     941  0.4488343565  0.6028103904
     942  0.3028682002  0.7054288755
     943  0.4749485896  0.5997486329
     944  0.5147744131  0.5790422052
     945  0.3648174697  0.7010429933
     946  0.4890844630  0.6185157925
     947  0.4739126554  0.6442210828
     948  0.3415217770  0.7372172815
     949  0.4810482708  0.6475266029
     950  0.4871661627  0.6503414652
     951  0.3533438161  0.7461084946
     952  0.5174660125  0.6301648728
     953  0.5592069288  0.5938339883
     954  0.4039073949  0.7267918498
     955  0.5363726112  0.6236982076
     956  0.5287255747  0.6357927921
     957  0.3709178164  0.7561307397
     958  0.5196632195  0.6476146003
     959  0.5246654409  0.6453156300
     960  0.3642624023  0.7650893415
     961  0.5290200186  0.6429379678
     962  0.5464554653  0.6270054780
     963  0.3884081908  0.7534459170
     964  0.5641214048  0.6094219159
     965  0.5926338786  0.5776331686
     966  0.4478947588  0.7143593783
     967  0.6244918167  0.5373876009
     968  0.6624584973  0.4812554185
     969  0.5427052679  0.6328001995
     970  0.5395725950  0.2454157576
     971  0.5526467480  0.2684821252
     972  0.4809708714  0.4004728612
     973  0.5654038000  0.2899369377
     974  0.5815773074  0.3007359396
     975  0.5002079668  0.4430759757
     976  0.5962636520  0.3126649511
     977  0.6150874223  0.3118429863
     978  0.5297065578  0.4648446016
     979  0.6313014500  0.3140894475
     980  0.6516785802  0.3016986670
     981  0.5696730576  0.4634172068
     982  0.6700085057  0.2887228495
     983  0.6911726984  0.2601690561
     984  0.6223740975  0.4296327143
     985  0.5881217139  0.4998928006
     986  0.6510793801  0.4077700565
     987  0.6511844767  0.4193206835
     988  0.6542105354  0.4243752314
     989  0.5744393643  0.5417683578
     990  0.7090123399  0.2267010251
     991  0.7261886972  0.1814803189
     992  0.6976243808  0.2969959593
     993  0.7339652260  0.1756269186
     994  0.7425352453  0.1590502940
     995  0.7106567655  0.2948329617
     996  0.6601361400  0.4247036923
     997  0.6653860312  0.4249707783
     998  0.5868921598  0.5448530231
     999  0.7483156319  0.1570974619
    1000  0.7533955934  0.1553425376
    1001  0.7218906254  0.2932719868
    1002  0.6719547900  0.4202789937
    1003  0.6815311611  0.4086530303
    1004  0.6258513458  0.5066842077
    1005  0.7489830061  0.2488528369
    1006  0.6754158660  0.4331222345
    1007  0.7296988213  0.2925841090
    1008  0.7587983029  0.1713015922
    1009  0.7538989123  0.2157051645
    1010  0.7555919949  0.1687387088
    1011  0.7440167475  0.2773548232
    1012  0.7427151256  0.2894286897
    1013  0.6582506672  0.4749004685
    1014  0.7408343685  0.3013464864
    1015  0.7439639138  0.2961865015
    1016  0.6573679541  0.4831557413
    1017  0.7456215993  0.2944421748
    1018  0.7519780238  0.2759717434
    1019  0.6720741884  0.4627198304
    1020  0.7575992046  0.2575271023
    1021  0.7662418746  0.2227061169
    1022  0.7018403043  0.4091103662
    1023  0.7739711886  0.1826571952
    1024  0.7810752691  0.1268008526
    1025  0.7428675917  0.3093791284
    1026  0.5723922159 -0.0330903488
    1027  0.5916561958 -0.0306924346
    1028  0.5910647777  0.1200176429
    1029  0.6106569116 -0.0263975123
    1030  0.6275846928 -0.0328775664
    1031  0.6267428854  0.1353415313
    1032  0.6445480697 -0.0328319040
    1033  0.6588526024 -0.0452217322
    1034  0.6610186568  0.1344806590
    1035  0.6731023142 -0.0498376110
    1036  0.6839588024 -0.0681639213
    1037  0.6924291141  0.1171918248
    1038  0.6947627889 -0.0776063483
    1039  0.7013744303 -0.1012609787
    1040  0.7188893546  0.0786658014
    1041  0.7081592595 -0.1145051805
    1042  0.7102575262 -0.1409955003
    1043  0.7358080030  0.0181952902
    1044  0.7167807475 -0.1453568193
    1045  0.7186225205 -0.1628077818
    1046  0.7478375099 -0.0043684991
    1047  0.7232558467 -0.1673676380
    1048  0.7272549606 -0.1713824309
    1049  0.7578956665 -0.0106147271
    1050  0.7344658487 -0.1622736735
    1051  0.7370194962 -0.1666405548
    1052  0.7665366208  0.0000521298
    1053  0.7455236583 -0.1481238956
    1054  0.7494693562 -0.1435673143
    1055  0.7741844101  0.0514676634
    1056  0.7556191856 -0.1284082919
    1057  0.7573797591 -0.1289967751
    1058  0.7782832652  0.0795816484
    1059  0.7609487882 -0.1202403350
    1060  0.7604147927 -0.1276371917
    1061  0.7810497028  0.0835344437
    1062  0.7615139285 -0.1268036140
    1063  0.7584973998 -0.1417375011
    1064  0.7831750121  0.0656419081
    1065  0.7568181629 -0.1499220776
    1066  0.7505496206 -0.1729893047
    1067  0.7834124923  0.0221006269
    1068  0.7435954883 -0.1953703619
    1069  0.7306348383 -0.2312383963
    1070  0.7764660849 -0.0566077642
    1071  0.4667716667 -0.2997314474
    1072  0.4733866963 -0.3195022791
    1073  0.5514750737 -0.1843731162
    1074  0.4798244199 -0.3388345364
    1075  0.4858350472 -0.3569880197
    1076  0.5794659453 -0.2068042242
    1077  0.4915814987 -0.3744689406
    1078  0.4968699126 -0.3906988388
    1079  0.6027512690 -0.2317820341
    1080  0.5018244941 -0.4060693116
    1081  0.5063092445 -0.4201659429
    1082  0.6202632613 -0.2590288127
    1083  0.5104157366 -0.4332778824
    1084  0.5140635052 -0.4451445401
    1085  0.6312754192 -0.2880816994
    1086  0.5173165553 -0.4559727170
    1087  0.5201422969 -0.4656355333
    1088  0.6359714688 -0.3173619601
    1089  0.5225879769 -0.4742741680
    1090  0.5246561262 -0.4818691058
    1091  0.6414920676 -0.3362554488
    1092  0.5263833640 -0.4885158547
    1093  0.5277965872 -0.4942684152
    1094  0.6476821638 -0.3471130214
    1095  0.5289266103 -0.4991925849
    1096  0.5298122417 -0.5033849547
    1097  0.6551738819 -0.3502409050
    1098  0.5304818081 -0.5068923489
    1099  0.5309764305 -0.5098267073
    1100  0.6656795557 -0.3438775769
    1101  0.5313207918 -0.5122243093
    1102  0.5315524504 -0.5141915237
    1103  0.6723530610 -0.3401964184
    1104  0.5316938161 -0.5157554332
    1105  0.5317717983 -0.5170074746
    1106  0.6744521058 -0.3413989091
    1107  0.5318051352 -0.5179669725
    1108  0.5318120162 -0.5187020066
    1109  0.6717633682 -0.3486272361
    1110  0.5318051601 -0.5192261789
    1111  0.5317945160 -0.5195836646
    1112  0.6638425378 -0.3627605766
    1113  0.5317853077 -0.5197848581
    1114  0.5317821619 -0.5198508158
    1115  0.6472434496 -0.3882215091
    1116  0.5639625887  0.1654093387
    1117  0.7888643287 -0.1131747650
    1118  1.0380497756 -0.3239939698
    1119  1.0037984673 -0.3883493137
    1120  0.9127423410 -0.5122131987
    1121  0.8340586895 -0.2820289296
    1122  0.7213615692 -0.0076976570
    1123  0.6725493431  0.0953771438
    1124  0.2112924218  0.9175234212
    1125  0.3622674940  0.5242800827
    1126  0.6031994605  0.3121517894
    1127  0.5050011964  0.6535702208
    1128  0.3825558436  0.7857086201
    1129  0.0541362560  1.7036413154
    1130  0.1094458719  1.3251551185
    1131  0.4506936674  0.9730874863
    1132  0.4233143783  1.2680558376
    1133  0.2610406048  1.4718092799
    1134  0.0297542268  2.2497837825
    1135  0.0327781884  2.0157347191
    1136  0.4386597266  1.4862520680
    1137  0.5020032651  1.5705821571
    1138  0.2935336872  1.8768274618
    1139  0.0327195369  2.3831095878
    1140  0.5569940931  1.5978466836
    1141  0.7787273581 -0.6423373604
    1142  0.6130750409 -0.7533153007
    1143  0.6679823384 -0.5245526009
    1144  0.6775787146 -0.2605302931
    1145  0.7198666388 -0.1323490518
    1146  0.6818255154  0.0398194560
    1147  0.6620547460  0.3641421560
    1148  0.6024444239  0.5080220292
    1149  0.6633795115  0.6090690884
    1150  0.6767279509  0.8344646031
    1151  0.5708652415  1.0406070094
    1152  0.7397457025  0.9525957629
    1153  0.8253676833  0.9454191117
    1154  0.6934524196  1.2387132931
    1155  0.8810216812  0.9563411617
    1156  0.4264558094 -0.8319439610
    1157  0.2292908814 -0.8716317474
    1158  0.3548068999 -0.7483998170
    1159  0.4492555281 -0.5948161695
    1160  0.5869095051 -0.4522491306
    1161  0.6591691769 -0.1846522546
    1162  0.6520421846 -0.1322374956
    1163  0.6798203675  0.0218009144
    1164  0.7050941020  0.1700755126
    1165  0.6914351490  0.2687170214
    1166  0.5092423819 -0.4585758402
    1167  0.5601665311 -0.3259549503
    1168  0.6127229331 -0.2354552392
    1169  0.6210808412 -0.1831044983
    1170  0.6761779171 -0.0527327632
    1171  0.6983862628  0.0543945760
    1172  0.7372241613  0.3217576235
    1173  0.7720433291  0.4638342802
    1174  0.7375854738  0.6407270701
    1175  0.7326841292  0.0711497917
    1176  0.7890499052  0.1868606144
    1177  0.7894747769  0.3206736868
    1178  0.8068194745  0.5515851632
    1179  0.8455621204  0.6043152192
    1180  0.8401379659  0.7807158971
    1181  0.9725967559  0.4367644238
    1182  0.9235397673  0.6882069560
    1183  0.8756665926  0.4718849176
    1184  0.8911338415  0.3432573091
    1185  0.9359193504  0.4149185945
    1186  0.8421359655  0.2852152827
    1187  1.0028915091  0.3951210648
    1188  0.0316629468 -0.8700474184
    1189 -0.1569421268 -0.8279533194
    1190  0.0087552959 -0.7845272089
    1191  0.1523927172 -0.7002118833
    1192  0.3053005569 -0.6648101690
    1193  0.2820754974 -0.5995872845
    1194  0.3925881476 -0.4841194135
    1195  0.4822047877 -0.4142146456
    1196  0.4928653799 -0.3676871146
    1197  0.5796554759 -0.2589416064
    1198  0.6349520686 -0.1624053840
    1199  0.6586803328 -0.1633243727
    1200  0.7352626237 -0.0744878393
    1201  0.7707117334  0.0501060966
    1202  0.8051044490 -0.0040866431
    1203  0.8600118924  0.0255768626
    1204  0.8862797153  0.1782459828
    1205  0.9089902282  0.0387054736
    1206  0.9332256673  0.0008475953
    1207  0.9710941624  0.2086882846
    1208  0.9384559720 -0.0581208086
    1209 -0.3279419315 -0.7485194261
    1210 -0.4739682534 -0.6368233622
    1211 -0.3066575478 -0.6682649428
    1212 -0.1508964409 -0.6508961058
    1213 -0.0035889746 -0.6912473664
    1214  0.0297917045 -0.6243562064
    1215  0.1954363427 -0.5590374513
    1216  0.2962849078 -0.5302743517
    1217  0.3206131792 -0.4878785756
    1218  0.4292461792 -0.4160487769
    1219  0.5095351037 -0.3453612021
    1220  0.5201175187 -0.3561873606
    1221  0.6071895439 -0.3008374652
    1222  0.6784552592 -0.1960668460
    1223  0.6795109949 -0.2656914121
    1224  0.7281192819 -0.2627429848
    1225  0.8036700250 -0.1285848838
    1226  0.7533146296 -0.2984385578
    1227  0.7348808213 -0.3728904732
    1228  0.8498516333 -0.2029053479
    1229  0.7299565350 -0.4146050049
    1230 -0.5891293433 -0.4994163189
    1231 -0.6692167151 -0.3439037924
    1232 -0.5707620537 -0.4217439720
    1233 -0.4672918166 -0.4677414421
    1234 -0.3240475783 -0.5814240318
    1235 -0.1415374439 -0.6120266320
    1236 -0.1380705376 -0.5778102479
    1237 -0.0405598179 -0.5725085492
    1238  0.0513101690 -0.5580406543
    1239  0.1237637519 -0.5620982172
    1240 -0.3843852507 -0.4845152386
    1241 -0.3092697916 -0.4897916046
    1242 -0.2281243362 -0.5404350685
    1243 -0.2095831516 -0.5126426911
    1244 -0.1167631573 -0.5237787356
    1245 -0.0347506838 -0.5471220457
    1246  0.1603721629 -0.5333903563
    1247  0.2564987056 -0.5062500462
    1248  0.3453448227 -0.4686974786
    1249 -0.0172015870 -0.5322941362
    1250  0.0701909327 -0.5355514651
    1251  0.1632448077 -0.5287540314
    1252  0.3428675694 -0.4819205878
    1253  0.4255412431 -0.4596983825
    1254  0.5206428206 -0.3898518368
    1255  0.1497571562 -0.5386085072
    1256  0.2258468691 -0.5422580462
    1257  0.3271140601 -0.5100733570
    1258  0.4908618400 -0.4477488910
    1259  0.5347307664 -0.4515084763
    1260  0.6363530801 -0.3670433438
    1261  0.2893261460 -0.5486069648
    1262  0.3302348813 -0.5621987257
    1263  0.4346864212 -0.5160031550
    1264  0.5614153414 -0.4614686597
    1265  0.5710094902 -0.4825582822
    1266  0.6602059327 -0.4287065453
    1267  0.4408077437 -0.6169148658
    1268  0.6000032071 -0.5134694825
    1269  0.4791596021 -0.5475813093
    1270  0.3816616234 -0.5976362934
    1271  0.4256344483 -0.6039117678
    1272  0.3687286965 -0.5760541950
    1273  0.4155331793 -0.6424218675
    1274 -0.7118417748 -0.1785178935
    1275 -0.7164853850 -0.0116946074
    1276 -0.6705902318 -0.1137903587
    1277 -0.6094855266 -0.1919566043
    1278 -0.5558077874 -0.3370600483
    1279 -0.5370748370 -0.2548196913
    1280 -0.4659281749 -0.2972408946
    1281 -0.3989979193 -0.4008827664
    1282 -0.3717761113 -0.3762468045
    1283 -0.2741079126 -0.4337390576
    1284 -0.1999729485 -0.4849456539
    1285 -0.1874795523 -0.4734835001
    1286 -0.1099365093 -0.5035646836
    1287 -0.0223575670 -0.5269343023
    1288 -0.0436044795 -0.5288471341
    1289  0.0198363985 -0.5535813165
    1290  0.1215045507 -0.5568393943
    1291  0.0703351748 -0.5774727820
    1292  0.0983793457 -0.6011676203
    1293  0.2137326798 -0.5921472951
    1294  0.1079483553 -0.6278828471
    1295  0.0852373307 -0.6520794564
    1296  0.2332203127 -0.6408507014
    1297  0.1185487998 -0.6763385570
    1298  0.1148092634 -0.6942883155
    1299  0.2789990213 -0.6740921219
    1300  0.0816889613 -0.7038061286
    1301 -0.6844655641  0.1483381263
    1302 -0.6188211441  0.2939552967
    1303 -0.6246544601  0.1974741615
    1304 -0.6110281007  0.1133985003
    1305 -0.6291187507 -0.0380945721
    1306 -0.5852780471  0.0436553694
    1307 -0.5524761586 -0.0124190728
    1308 -0.5292925862 -0.1599540751
    1309 -0.4573388034 -0.2672862112
    1310 -0.4518275413 -0.2363483071
    1311 -0.4090432996 -0.2847398154
    1312 -0.3666639312 -0.3262103068
    1313 -0.3239799647 -0.3828860043
    1314 -0.5228729106 -0.0493664405
    1315 -0.4951376924 -0.0777343849
    1316 -0.4800903121 -0.1582051501
    1317 -0.4661703769 -0.1308539224
    1318 -0.4390505751 -0.1745275909
    1319 -0.4097328305 -0.2527380698
    1320 -0.3108032893 -0.3772513729
    1321 -0.2603870039 -0.4194106919
    1322 -0.1894699477 -0.4673143352
    1323 -0.4045820767 -0.2386048873
    1324 -0.3727120027 -0.2919548337
    1325 -0.3226509331 -0.3598208760
    1326 -0.2129807849 -0.4588646006
    1327 -0.1675662459 -0.4971183267
    1328 -0.0778249581 -0.5330354948
    1329 -0.3435512995 -0.3405635626
    1330 -0.3156631484 -0.3875690045
    1331 -0.2473971760 -0.4480533143
    1332 -0.1316300518 -0.5301000256
    1333 -0.1106820450 -0.5574774034
    1334 -0.0098285916 -0.5877505386
    1335 -0.2923114855 -0.4298833879
    1336 -0.2812639496 -0.4617507100
    1337 -0.2012063494 -0.5162173998
    1338 -0.0952256213 -0.5794517702
    1339 -0.0909956820 -0.5974879628
    1340 -0.0029320171 -0.6308319321
    1341 -0.1865527752 -0.6032418450
    1342 -0.0525274617 -0.6426704187
    1343 -0.1693086317 -0.5708835284
    1344 -0.2427371071 -0.5341908462
    1345 -0.2089566544 -0.5739593020
    1346 -0.2562088703 -0.5031249606
    1347 -0.1791386782 -0.6241767169
    1348 -0.1922577682 -0.6311346325
    1349 -0.0445053317 -0.6793872682
    1350 -0.2246931718 -0.6231144421
    1351 -0.5241168811  0.4184826723
    1352 -0.4061836708  0.5164912041
    1353 -0.4516667951  0.4413444629
    1354 -0.4771275034  0.3685242265
    1355 -0.5587064724  0.2499832396
    1356 -0.4889058728  0.2989924906
    1357 -0.4880752630  0.2374395047
    1358 -0.5350817791  0.1172634789
    1359 -0.4823349882  0.1795960215
    1360 -0.4712300599  0.1315750675
    1361 -0.4942783939  0.0291357782
    1362 -0.4617869730  0.0725862640
    1363 -0.4513197881  0.0270213620
    1364 -0.4561840130 -0.0732433732
    1365 -0.4461105450 -0.0588542802
    1366 -0.4342947254 -0.1335518253
    1367 -0.4109675036 -0.2146962712
    1368 -0.4245974868 -0.1849022449
    1369 -0.4154332402 -0.2345207426
    1370 -0.3731748193 -0.3146209931
    1371 -0.4152566301 -0.2676724788
    1372 -0.4249556991 -0.2848048660
    1373 -0.3635292732 -0.3795998526
    1374 -0.4116827642 -0.3471999831
    1375 -0.4057986619 -0.3909903816
    1376 -0.3315254888 -0.4696789234
    1377 -0.3975918327 -0.4292179976
    1378 -0.3990390973 -0.4511262745
    1379 -0.3015969990 -0.5377337990
    1380 -0.4060867194 -0.4624252829
    1381 -0.4241958174 -0.4555382369
    1382 -0.3195718304 -0.5549947713
    1383 -0.4490859605 -0.4329894110
    1384 -0.2717989251  0.5840297290
    1385 -0.1283341840  0.6187739994
    1386 -0.1982878632  0.5763065037
    1387 -0.2510081569  0.5277501086
    1388 -0.3724949102  0.4620497809
    1389 -0.2914570451  0.4759068286
    1390 -0.3178491509  0.4252480328
    1391 -0.4136385051  0.3422112536
    1392 -0.3396346894  0.3737326427
    1393 -0.3517357698  0.3275740033
    1394 -0.4227994283  0.2374505553
    1395 -0.3629398597  0.2827719512
    1396 -0.3687435526  0.2459647344
    1397 -0.4238135998  0.1426215159
    1398 -0.4403222319  0.0513009430
    1399 -0.4289566000  0.0785168335
    1400 -0.4354120906  0.0371766741
    1401 -0.4401820183  0.0003247821
    1402 -0.4421677294 -0.0665349921
    1403 -0.3728596136  0.2194155782
    1404 -0.3752830910  0.2002805217
    1405 -0.4065204654  0.1418974028
    1406 -0.3911344135  0.1640942386
    1407 -0.4041924625  0.1344739486
    1408 -0.4273303597  0.0694038212
    1409 -0.4450713024 -0.0382858234
    1410 -0.4499316891 -0.0758520718
    1411 -0.4395819957 -0.1556682623
    1412 -0.4205421652  0.0989930206
    1413 -0.4365248881  0.0645310029
    1414 -0.4485987483 -0.0045568014
    1415 -0.4544268725 -0.1032934217
    1416 -0.4599853538 -0.1245574632
    1417 -0.4481899624 -0.2063380878
    1418 -0.4910168856 -0.1086669777
    1419 -0.4658506942 -0.2014053737
    1420 -0.4671326479 -0.0651274867
    1421 -0.4667828078 -0.0053582157
    1422 -0.4808366671 -0.0609528809
    1423 -0.4527147890  0.0256590238
    1424 -0.5000733883 -0.1566714795
    1425 -0.5089496474 -0.1900244452
    1426 -0.4678202914 -0.2954327324
    1427 -0.5170083629 -0.2174788506
    1428 -0.5275302284 -0.2276361844
    1429 -0.4760100661 -0.3453126625
    1430 -0.5381145968 -0.2289243851
    1431 -0.5507019072 -0.2117545893
    1432 -0.5018487900 -0.3391323130
    1433 -0.5624883024 -0.1802587629
    1434  0.0166193696  0.6200976759
    1435  0.1556321450  0.5890587058
    1436  0.0799560255  0.5835026110
    1437  0.0161105966  0.5661887936
    1438 -0.1186530799  0.5628765934
    1439 -0.0406185886  0.5411652439
    1440 -0.0848884481  0.5110270200
    1441 -0.2056959453  0.4823952765
    1442 -0.1255668851  0.4777604103
    1443 -0.1554146551  0.4444694635
    1444 -0.2600011382  0.3983736890
    1445 -0.1868376414  0.4099234630
    1446 -0.2093857362  0.3789690283
    1447 -0.2963084902  0.3224809396
    1448 -0.2353663128  0.3483142317
    1449 -0.2543933279  0.3236411372
    1450 -0.3205634385  0.2687553984
    1451 -0.2894422467  0.2896977126
    1452 -0.3175208947  0.2610566272
    1453 -0.3661842628  0.2022880851
    1454 -0.3455426373  0.2328504380
    1455 -0.3728122176  0.2055223354
    1456 -0.4106062320  0.1384503041
    1457 -0.4007899288  0.1769169068
    1458 -0.4233178427  0.1576494195
    1459 -0.4523651710  0.0785871359
    1460 -0.4544273311  0.1186876023
    1461 -0.4790894247  0.0897471164
    1462 -0.4950332822 -0.0086720492
    1463 -0.5026571677  0.0580384620
    1464 -0.5209353748  0.0398833306
    1465 -0.5273836073 -0.0750129991
    1466 -0.5368287095  0.0238016203
    1467 -0.5482262456  0.0231728973
    1468 -0.5519244684 -0.1021459329
    1469 -0.5562332330  0.0297880861
    1470 -0.5586809180  0.0521047675
    1471 -0.5696987706 -0.0786856869
    1472 -0.5552057633  0.0839024921
    1473  0.2817959334  0.5283022031
    1474  0.3890518326  0.4418891011
    1475  0.3249374310  0.4682659542
    1476  0.2661934105  0.4804457377
    1477  0.1472301081  0.5378814480
    1478  0.2099175242  0.4838610268
    1479  0.1620507555  0.4779817751
    1480  0.0414871342  0.5095939290
    1481  0.1133538532  0.4686798329
    1482  0.0740244238  0.4542126829
    1483 -0.0405057031  0.4637013910
    1484  0.0324978482  0.4385749970
    1485  0.0006836053  0.4216595032
    1486 -0.1061687259  0.4137669636
    1487 -0.0363059104  0.4045817941
    1488 -0.0619097065  0.3903255983
    1489 -0.1612987738  0.3695181677
    1490 -0.1275812835  0.3724121664
    1491 -0.1828417899  0.3514278214
    1492 -0.2540592696  0.3133781448
    1493 -0.2183483582  0.3365035455
    1494 -0.2528496821  0.3220770569
    1495 -0.3180279998  0.2703186586
    1496 -0.2751297833  0.3173504427
    1497 -0.2871517735  0.3221070462
    1498 -0.3644155801  0.2489594264
    1499 -0.3389516023  0.2972050368
    1500 -0.3775546560  0.2795007022
    1501 -0.4387068434  0.1908913214
    1502 -0.4098712375  0.2626788869
    1503 -0.4316279010  0.2558346257
    1504 -0.4882489568  0.1537717589
    1505 -0.4495292114  0.2506233428
    1506 -0.4573234726  0.2566283750
    1507 -0.5158794825  0.1463555181
    1508 -0.4607050251  0.2652102691
    1509 -0.4533422193  0.2843555347
    1510 -0.5188182011  0.1756294570
    1511 -0.4377875703  0.3085380229
    1512  0.4724711622  0.3350572625
    1513  0.5284720178  0.2139301731
    1514  0.4881833626  0.2583919516
    1515  0.4474977197  0.2894629387
    1516  0.3692256441  0.3953268713
    1517  0.4047168308  0.3147191786
    1518  0.3652600199  0.3290026460
    1519  0.2738926203  0.4159650080
    1520  0.3234545653  0.3419191134
    1521  0.2871230501  0.3465432129
    1522  0.1884390551  0.4142045508
    1523  0.2478465640  0.3524525124
    1524  0.2154642616  0.3526933264
    1525  0.1134960484  0.4016403794
    1526  0.1834926208  0.3540127820
    1527  0.1592257829  0.3525489174
    1528  0.0519097424  0.3871206570
    1529 -0.0285507409  0.3873293998
    1530  0.0068191548  0.3825136394
    1531 -0.0251635346  0.3820319922
    1532 -0.0532567108  0.3808729037
    1533 -0.1189671859  0.3716749463
    1534  0.1435562117  0.3510144619
    1535  0.1339572236  0.3489644099
    1536  0.0722339986  0.3710862267
    1537  0.1068441162  0.3567517515
    1538  0.0854930467  0.3630686206
    1539  0.0174788068  0.3782565598
    1540 -0.0825817421  0.3795276575
    1541 -0.1112354721  0.3782487216
    1542 -0.1839643109  0.3570480847
    1543  0.0569374730  0.3722547487
    1544  0.0290789513  0.3812499141
    1545 -0.0406983341  0.3860489862
    1546 -0.1323107799  0.3779066615
    1547 -0.1488523240  0.3790317504
    1548 -0.2205565831  0.3561360582
    1549 -0.1236500153  0.4059601810
    1550 -0.2111439864  0.3723648814
    1551 -0.0911278321  0.3928372849
    1552 -0.0320989976  0.3981131091
    1553 -0.0809635521  0.4035699422
    1554 -0.0046214252  0.3903445945
    1555 -0.1673548632  0.4067309564
    1556 -0.2001692927  0.4082044757
    1557 -0.2963087961  0.3546261084
    1558 -0.2307900367  0.4085483954
    1559 -0.2490522874  0.4125345772
    1560 -0.3492503218  0.3459747453
    1561 -0.2658887874  0.4153280597
    1562 -0.2699693763  0.4228255708
    1563 -0.3728375297  0.3519679820
    1564 -0.2705083045  0.4300907929
    1565 -0.2580546674  0.4415218953
    1566 -0.3640082053  0.3754351662
    1567 -0.2389257307  0.4530835725
    1568  0.5549646685  0.0851898594
    1569  0.5514213496 -0.0442755696
    1570  0.5359746580 -0.0003313817
    1571  0.5164100107  0.0330290581
    1572  0.4985455393  0.1646755200
    1573  0.4938776684  0.0665810087
    1574  0.4699964280  0.0900337909
    1575  0.4342779692  0.2158034006
    1576  0.4435547723  0.1180030830
    1577  0.4177681712  0.1366609974
    1578  0.3677003622  0.2501231574
    1579  0.3896519535  0.1604851240
    1580  0.3640388186  0.1761201866
    1581  0.3028985478  0.2744585525
    1582  0.3365898490  0.1969214471
    1583  0.3132574705  0.2108725226
    1584  0.2465763186  0.2918155367
    1585  0.2890331562  0.2292715162
    1586  0.2698940930  0.2423058075
    1587  0.2087508926  0.3031434858
    1588  0.2447692490  0.2644367981
    1589  0.2251596406  0.2814256489
    1590  0.1604419984  0.3295566548
    1591  0.2017030443  0.3027279709
    1592  0.1788798342  0.3234936742
    1593  0.1076420123  0.3601117249
    1594  0.1510511276  0.3467287384
    1595  0.1302243080  0.3653894984
    1596  0.0511438521  0.3902081614
    1597  0.0988197394  0.3875338410
    1598  0.0752487031  0.4052811772
    1599 -0.0239858459  0.4175294506
    1600  0.0462092080  0.4233532758
    1601  0.0274076810  0.4378353572
    1602 -0.0876917435  0.4378277522
    1603  0.0049883244  0.4514192884
    1604 -0.0057466390  0.4623818401
    1605 -0.1296774088  0.4537434080
    1606 -0.0190104417  0.4720033024
    1607 -0.0200043084  0.4795410407
    1608 -0.1474373363  0.4678173446
    1609 -0.0226006047  0.4855106120
    1610 -0.0130643384  0.4892801289
    1611 -0.1372453257  0.4809066835
    1612 -0.0014131517  0.4909698775
    1613  0.5188638105 -0.1677242265
    1614  0.4597756325 -0.2788952606
    1615  0.4524116177 -0.2570247308
    1616  0.4446971005 -0.2341588088
    1617  0.4986076759 -0.1064844242
    1618  0.4363588146 -0.2094813476
    1619  0.4276929054 -0.1838550534
    1620  0.4691319218 -0.0510699133
    1621  0.4184457935 -0.1565188322
    1622  0.4089194346 -0.1283523688
    1623  0.4339562265  0.0025281983
    1624  0.3988965994 -0.0987006642
    1625  0.3886709702 -0.0684196947
    1626  0.3956158817  0.0548963551
    1627  0.3780777873 -0.0370087059
    1628  0.3673858655 -0.0052531915
    1629  0.3569337259  0.1060327264
    1630  0.3564950906  0.0271519715
    1631  0.3456326609  0.0595392904
    1632  0.3208837566  0.1553440370
    1633  0.3347699337  0.0919984968
    1634  0.3240780930  0.1240203694
    1635  0.2854905452  0.2084558717
    1636  0.3135984345  0.1554805559
    1637  0.3034369814  0.1860577544
    1638  0.2505265264  0.2621366675
    1639  0.2936951915  0.2154409456
    1640  0.2844117840  0.2435057115
    1641  0.2157545988  0.3140049780
    1642  0.2757310556  0.2698061803
    1643  0.2676299653  0.2944011320
    1644  0.1796819879  0.3628159946
    1645  0.2602744613  0.3167766701
    1646  0.2535921697  0.3371396000
    1647  0.1486553120  0.4035598772
    1648  0.2477457092  0.3549837127
    1649  0.2426336091  0.3706086530
    1650  0.1263586870  0.4344101020
    1651  0.2383927416  0.3835865119
    1652  0.2349119688  0.3942487108
    1653  0.1149189334  0.4548246516
    1654  0.2322847535  0.4023026142
    1655  0.2304111638  0.4080487370
    1656  0.1154046185  0.4645925424
    1657  0.2293295149  0.4113685136
    1658  1.2961579381 -0.4590837646
    1659  1.5470401705 -0.5186224954
    1660  1.4023681163 -0.5933216461
    1661  1.2532017973 -0.6966954426
    1662  1.0725366561 -0.6143534805
    1663  1.7932459507 -0.5072279049
    1664  2.0013385126 -0.4345101433
    1665  1.8104775559 -0.5691725383
    1666  1.6310353214 -0.7006898618
    1667  1.4567023940 -0.7135539852
    1668  2.1688074882 -0.3193537159
    1669  2.2897378420 -0.1882833566
    1670  2.0654460141 -0.4191624510
    1671  1.8531370282 -0.6179837380
    1672  1.7555516737 -0.6689990166
    1673  2.3682091775 -0.0674731939
    1674  2.4157387748  0.0290780878
    1675  2.1275952675 -0.3427260402
    1676  1.8480064757 -0.6370460615
    1677  1.8913836771 -0.5939558059
    1678  2.4387502918  0.0860161690
    1679  1.7983022891 -0.6832743530
    1680  1.0641105748 -0.8349429694
    1681  0.8536018430 -0.9560262103
    1682  0.7333689223 -0.8558065020
    1683  1.4259259831 -0.8467860731
    1684  1.2190239376 -0.9757568832
    1685  1.0451141731 -0.9745873100
    1686  1.6051511076 -0.8207124748
    1687  1.3617493141 -0.9863284007
    1688  1.2964009288 -0.9898238679
    1689  1.5083603093 -0.9181784928
    1690  1.1720752127 -1.1217277956
    1691  1.3106850931 -1.0374801453
    1692  1.0956435218 -1.1627346559
    1693  0.5995722314 -1.0181641157
    1694  0.3540324082 -1.0444489913
    1695  0.2951936631 -0.9577342416
    1696  1.0406855097 -1.0760182895
    1697  0.8549286677 -1.1574329145
    1698  0.7975860785 -1.1388387881
    1699  0.7238218720 -1.1172825123
    1700  0.8036127223 -1.0421673201
    1701  0.5611796729 -1.1514509865
    1702  0.4013249195 -1.1696040118
    1703  0.3884740541 -1.1107959537
    1704  0.6639195448 -1.2127055899
    1705  0.4745094060 -1.2457953442
    1706  0.4507706729 -1.2108509801
    1707  1.1411293395 -1.1037017748
    1708  0.9237828957 -1.1924177280
    1709  0.8907007956 -1.1794349760
    1710  0.7165099704 -1.2548206055
    1711  0.5125625061 -1.2919661753
    1712  0.4934692275 -1.2727908818
    1713  1.0373356007 -1.1793544447
    1714  0.8844792928 -1.2308301043
    1715  0.9188151078 -1.2089690264
    1716  0.8195424958 -1.2635012267
    1717  0.4686111806 -1.3323073838
    1718  0.5040963814 -1.3247292403
    1719  0.4958158697 -1.3188420139
    1720  0.6890638928 -1.2861013949
    1721  0.5232151986 -1.3056219755
    1722  0.3685129750 -1.3407776479
    1723  0.1322927132 -1.0459833385
    1724 -0.0793938611 -1.0093431884
    1725 -0.1132888529 -0.9210261709
    1726  0.2005231005 -1.1734440982
    1727  0.0073503414 -1.1499199535
    1728 -0.0269513467 -1.0856622712
    1729  0.2673805211 -1.2561248057
    1730  0.0677206768 -1.2394437863
    1731  0.0509039362 -1.2011975528
    1732  0.2913460178 -1.3045527688
    1733  0.0791262181 -1.2877151437
    1734  0.0722083965 -1.2668536271
    1735  0.2516358389 -1.3277534393
    1736  0.0194815084 -1.3013643772
    1737  0.0694236130 -1.3005971667
    1738  0.1543315081 -1.3312803989
    1739 -0.1364982919 -1.2726093616
    1740 -0.0362532148 -1.2960555590
    1741 -0.2443123463 -1.2365659347
    1742 -0.2981472654 -0.9341333296
    1743 -0.4899685014 -0.8156167619
    1744 -0.4750983373 -0.7347636730
    1745 -0.1902783017 -1.0993815383
    1746 -0.3722090323 -1.0188703027
    1747 -0.4267843861 -0.9275655612
    1748 -0.1358331596 -1.1933370676
    1749 -0.3239953898 -1.1191828449
    1750 -0.3373393167 -1.0787523781
    1751 -0.1362205452 -1.2381048252
    1752 -0.3339231891 -1.1590263864
    1753 -0.3308505404 -1.1412860381
    1754 -0.2132995497 -1.2354661942
    1755 -0.4228975555 -1.1356401091
    1756 -0.3622850436 -1.1591195105
    1757 -0.4192207290 -1.1495587344
    1758 -0.6554818224 -0.9756931706
    1759 -0.5257166987 -1.0767899776
    1760 -0.7223330905 -0.9119928778
    1761 -0.6356115389 -0.6449038349
    1762 -0.7368011141 -0.4535760381
    1763 -0.7009983637 -0.4063697733
    1764 -0.5195384385 -0.9312573550
    1765 -0.6503173744 -0.8221311297
    1766 -0.6564349272 -0.7786204321
    1767 -0.6674410169 -0.7241079337
    1768 -0.5784907654 -0.7803466991
    1769 -0.7514251135 -0.6007172188
    1770 -0.8154301850 -0.4694234630
    1771 -0.7739601884 -0.4718505953
    1772 -0.7585897152 -0.6912170787
    1773 -0.8433935453 -0.5478807443
    1774 -0.8273877745 -0.5180396929
    1775 -0.4941053737 -1.0204186833
    1776 -0.6425019106 -0.8991810928
    1777 -0.6401578675 -0.8702573592
    1778 -0.7657762961 -0.7593984775
    1779 -0.8626058564 -0.6054761568
    1780 -0.8496469704 -0.5876924722
    1781 -0.5107907896 -1.0529510926
    1782 -0.6636795845 -0.9244212062
    1783 -0.6549297057 -0.9128105878
    1784 -0.7901938429 -0.7781241459
    1785 -0.8887923263 -0.6178344945
    1786 -0.8774284561 -0.6119196823
    1787 -0.5836021907 -1.0229343005
    1788 -0.7220788252 -0.8904691099
    1789 -0.6842454348 -0.9190194211
    1790 -0.8379950475 -0.7406107875
    1791 -0.9266060125 -0.5788172459
    1792 -0.9030946235 -0.6113188027
    1793 -0.7254972963 -0.9026578336
    1794 -0.7974784138 -0.8127692058
    1795 -0.7551267355 -0.8600485863
    1796 -0.8484684267 -0.7490730907
    1797 -0.9767359568 -0.4903406387
    1798 -0.9672188711 -0.5115387486
    1799 -0.9671909185 -0.5034685196
    1800 -0.8949943203 -0.6627007231
    1801 -0.9431943639 -0.5543057178
    1802 -0.9995419574 -0.4209695632
    1803 -0.7938612015 -0.2669057787
    1804 -0.8086314663 -0.0777644511
    1805 -0.7639396180 -0.0519564688
    1806 -0.8744423681 -0.2739303146
    1807 -0.8905005214 -0.0754900634
    1808 -0.8520647958 -0.0901280732
    1809 -0.9079309687 -0.3809746132
    1810 -0.9419364508 -0.2089665822
    1811 -0.9192896415 -0.1526001808
    1812 -0.9331735629 -0.4373842649
    1813 -0.9737906693 -0.2638505418
    1814 -0.9582338465 -0.2477369779
    1815 -0.9597417557 -0.4435198509
    1816 -0.9996022220 -0.2642999288
    1817 -0.9881319533 -0.2637778460
    1818 -0.9914404377 -0.3927594648
    1819 -1.0222329033 -0.2032027392
    1820 -1.0110280490 -0.2471933009
    1821 -1.0250414375 -0.2682817703
    1822 -1.0308994003 -0.0335348675
    1823 -1.0308034106 -0.1341473925
    1824 -1.0331720040 -0.2390747777
    1825 -1.0308906564  0.0105308920
    1826 -1.0336039541 -0.0313709329
    1827 -1.0210414926  0.0778844467
    1828 -0.7803315505  0.1044602484
    1829 -0.7144396260  0.2715204108
    1830 -0.6702841783  0.2778828587
    1831 -0.8520626360  0.1182202383
    1832 -0.7749024551  0.2955730993
    1833 -0.7498050304  0.2760616275
    1834 -0.9492738892 -0.0505792625
    1835 -0.9307953834  0.1053226679
    1836 -0.9129638076  0.1164765886
    1837 -0.8908980058  0.1373868590
    1838 -0.8985590660  0.0274645989
    1839 -0.8458718176  0.2586160092
    1840 -0.7853794332  0.3706478132
    1841 -0.7857760220  0.3268215149
    1842 -0.8819444154  0.2602510013
    1843 -0.8088618137  0.4020060371
    1844 -0.8026381823  0.3796261275
    1845 -0.9848022949 -0.0893070741
    1846 -0.9665737360  0.0811279008
    1847 -0.9516713485  0.0847148647
    1848 -0.9197167637  0.2445398614
    1849 -0.8469614240  0.3945936454
    1850 -0.8338493592  0.3907324914
    1851 -1.0084513647 -0.0847930027
    1852 -0.9874122492  0.0897242531
    1853 -0.9779785120  0.0860420902
    1854 -0.9376703804  0.2566485801
    1855 -0.8615984497  0.4094497323
    1856 -0.8549049254  0.4028349857
    1857 -1.0202854845 -0.0316193435
    1858 -0.9914326620  0.1345479999
    1859 -0.9926634914  0.1024010208
    1860 -0.9343721548  0.2999085155
    1861 -0.8515982924  0.4500402583
    1862 -0.8631577128  0.4212032135
    1863 -1.0138905173  0.0766168671
    1864 -0.9830628319  0.1909568893
    1865 -0.9898123698  0.1564789865
    1866 -0.9851828156  0.2009757623
    1867 -0.8879071794  0.4167342350
    1868 -0.8787387964  0.4278010179
    1869 -0.8582254641  0.4546184774
    1870 -0.9297943600  0.3281715734
    1871 -0.8608413809  0.4442781423
    1872 -0.9728060974  0.2472787673
    1873 -0.8644090287  0.4586446343
    1874 -0.8838534787  0.4265589082
    1875 -0.8280944801  0.5101627250
    1876 -0.6182609837  0.4141762132
    1877 -0.4959622440  0.5294469456
    1878 -0.4558007945  0.5206510590
    1879 -0.6744078396  0.4416889881
    1880 -0.5485695853  0.5609667250
    1881 -0.5287867965  0.5412069110
    1882 -0.6827712436  0.5037688322
    1883 -0.5593455722  0.6128935485
    1884 -0.5619847316  0.5823484461
    1885 -0.6883555398  0.5543730326
    1886 -0.5415536481  0.6752289428
    1887 -0.5616565376  0.6385210950
    1888 -0.7465119015  0.5329876127
    1889 -0.6250901742  0.6489137114
    1890 -0.5924470341  0.6576918894
    1891 -0.7573793235  0.5498690630
    1892 -0.6320589975  0.6669828337
    1893 -0.6288301540  0.6588201733
    1894 -0.7178011364  0.6101306371
    1895 -0.5567076778  0.7352452497
    1896 -0.6052779781  0.6961388219
    1897 -0.7366390940  0.6032750623
    1898 -0.5910486799  0.7232738792
    1899 -0.5858120827  0.7223659127
    1900 -0.7566166485  0.5891890257
    1901 -0.5940426600  0.7263389391
    1902 -0.6022733627  0.7186225242
    1903 -0.7171051821  0.6315091338
    1904 -0.5385087258  0.7631082576
    1905 -0.5766465528  0.7391721618
    1906 -0.4845077010  0.7921912594
    1907 -0.3552460574  0.6129834912
    1908 -0.2027988759  0.6622100314
    1909 -0.1703178069  0.6405830592
    1910 -0.4010886226  0.6510975834
    1911 -0.2411210667  0.7060898329
    1912 -0.2286777747  0.6833832267
    1913 -0.4071562490  0.6990041732
    1914 -0.2436269289  0.7508293660
    1915 -0.2505757235  0.7275158646
    1916 -0.3791068256  0.7522808092
    1917 -0.2058381018  0.7940589635
    1918 -0.2337607702  0.7720691030
    1919 -0.5050465160  0.7309482211
    1920 -0.3750412988  0.7920062353
    1921 -0.3687669430  0.7867622458
    1922 -0.3543401131  0.7835793449
    1923 -0.4536848224  0.7345921217
    1924 -0.2409312017  0.8128314540
    1925 -0.1259059127  0.8264879677
    1926 -0.1727802999  0.8112927170
    1927 -0.2424447155  0.8290585390
    1928 -0.1076419138  0.8449071327
    1929 -0.1230111733  0.8359686250
    1930 -0.5082405223  0.7474852544
    1931 -0.3752496038  0.8065377652
    1932 -0.3751246306  0.7997958172
    1933 -0.2401638473  0.8434828323
    1934 -0.1029316591  0.8587900705
    1935 -0.1050962810  0.8523584382
    1936 -0.4596845744  0.7845220880
    1937 -0.3537405397  0.8232436387
    1938 -0.3689114117  0.8137965768
    1939 -0.3800809407  0.8221012191
    1940 -0.1889352626  0.8691642703
    1941 -0.1574700248  0.8692255932
    1942 -0.1123766776  0.8682762542
    1943 -0.2340837447  0.8541449820
    1944 -0.1140841916  0.8636662963
    1945 -0.4125234261  0.8173673636
    1946 -0.2208775689  0.8703369782
    1947 -0.2149398226  0.8687450275
    1948 -0.4055610400  0.8240573906
    1949 -0.2039184266  0.8762305985
    1950 -0.2229251608  0.8719470385
    1951 -0.3402987343  0.8481156616
    1952 -0.1324654999  0.8849904084
    1953 -0.1786765439  0.8803918693
    1954 -0.0722797361  0.8869611506
    1955 -0.0448685918  0.6762220277
    1956  0.1090785040  0.6546861355
    1957  0.1283946889  0.6239356609
    1958 -0.0743515049  0.7250959001
    1959  0.0891341524  0.7071165272
    1960  0.0932689211  0.6829383522
    1961 -0.0702622330  0.7676095645
    1962  0.0993039274  0.7467861937
    1963  0.0869932492  0.7293139007
    1964 -0.0332622985  0.8013767998
    1965  0.1342301403  0.7732331878
    1966  0.1087427329  0.7629902552
    1967  0.0334855854  0.8203296708
    1968  0.1863907934  0.7848806541
    1969  0.1524990951  0.7825682887
    1970  0.0447094999  0.8372907168
    1971  0.1910547423  0.8033876969
    1972  0.1814625695  0.7971394780
    1973  0.0520888667  0.8501654114
    1974  0.2008613354  0.8147292082
    1975  0.1963417263  0.8094959644
    1976  0.0560472731  0.8597354408
    1977  0.2174160528  0.8198203420
    1978  0.2014276809  0.8204234517
    1979  0.0017208229  0.8735342076
    1980  0.1865113875  0.8377373223
    1981  0.1935493987  0.8321040101
    1982 -0.0187942050  0.8802841719
    1983  0.1772045433  0.8454980382
    1984  0.1724968839  0.8447437260
    1985  0.0028101436  0.8815937140
    1986  0.2015972028  0.8406482298
    1987  0.1800424797  0.8462663089
    1988  0.0758630236  0.8734481902
    1989  0.2719613944  0.8154393805
    1990  0.2281344557  0.8322612342
    1991  0.3236434662  0.7916099783
    1992  0.2531367983  0.5992063646
    1993  0.3782694083  0.5137428454
    1994  0.3810513279  0.4812651698
    1995  0.2467564777  0.6520462636
    1996  0.3846778195  0.5638205093
    1997  0.3773645010  0.5429354767
    1998  0.2635269834  0.6878534484
    1999  0.4071843489  0.5947974751
    2000  0.3907652821  0.5843266630
    2001  0.3028682002  0.7054288755
    2002  0.4488343565  0.6028103904
    2003  0.4220749216  0.6050258801
    2004  0.3648174697  0.7010429933
    2005  0.5147744131  0.5790422052
    2006  0.4749485896  0.5997486329
    2007  0.3415217770  0.7372172815
    2008  0.4739126554  0.6442210828
    2009  0.4890844630  0.6185157925
    2010  0.3533438161  0.7461084946
    2011  0.4871661627  0.6503414652
    2012  0.4810482708  0.6475266029
    2013  0.4039073949  0.7267918498
    2014  0.5592069288  0.5938339883
    2015  0.5174660125  0.6301648728
    2016  0.3709178164  0.7561307397
    2017  0.5287255747  0.6357927921
    2018  0.5363726112  0.6236982076
    2019  0.3642624023  0.7650893415
    2020  0.5246654409  0.6453156300
    2021  0.5196632195  0.6476146003
    2022  0.3884081908  0.7534459170
    2023  0.5464554653  0.6270054780
    2024  0.5290200186  0.6429379678
    2025  0.4478947588  0.7143593783
    2026  0.5926338786  0.5776331686
    2027  0.5641214048  0.6094219159
    2028  0.6244918167  0.5373876009
    2029  0.4809708714  0.4004728612
    2030  0.5526467480  0.2684821252
    2031  0.5395725950  0.2454157576
    2032  0.5002079668  0.4430759757
    2033  0.5815773074  0.3007359396
    2034  0.5654038000  0.2899369377
    2035  0.5297065578  0.4648446016
    2036  0.6150874223  0.3118429863
    2037  0.5962636520  0.3126649511
    2038  0.5696730576  0.4634172068
    2039  0.6516785802  0.3016986670
    2040  0.6313014500  0.3140894475
    2041  0.6223740975  0.4296327143
    2042  0.6911726984  0.2601690561
    2043  0.6700085057  0.2887228495
    2044  0.5744393643  0.5417683578
    2045  0.6542105354  0.4243752314
    2046  0.6511844767  0.4193206835
    2047  0.6510793801  0.4077700565
    2048  0.5881217139  0.4998928006
    2049  0.6976243808  0.2969959593
    2050  0.7261886972  0.1814803189
    2051  0.7090123399  0.2267010251
    2052  0.7106567655  0.2948329617
    2053  0.7425352453  0.1590502940
    2054  0.7339652260  0.1756269186
    2055  0.5868921598  0.5448530231
    2056  0.6653860312  0.4249707783
    2057  0.6601361400  0.4247036923
    2058  0.7218906254  0.2932719868
    2059  0.7533955934  0.1553425376
    2060  0.7483156319  0.1570974619
    2061  0.6258513458  0.5066842077
    2062  0.6815311611  0.4086530303
    2063  0.6719547900  0.4202789937
    2064  0.6754158660  0.4331222345
    2065  0.7489830061  0.2488528369
    2066  0.7538989123  0.2157051645
    2067  0.7587983029  0.1713015922
    2068  0.7296988213  0.2925841090
    2069  0.7555919949  0.1687387088
    2070  0.6582506672  0.4749004685
    2071  0.7427151256  0.2894286897
    2072  0.7440167475  0.2773548232
    2073  0.6573679541  0.4831557413
    2074  0.7439639138  0.2961865015
    2075  0.7408343685  0.3013464864
    2076  0.6720741884  0.4627198304
    2077  0.7519780238  0.2759717434
    2078  0.7456215993  0.2944421748
    2079  0.7018403043  0.4091103662
    2080  0.7662418746  0.2227061169
    2081  0.7575992046  0.2575271023
    2082  0.7739711886  0.1826571952
    2083  0.5910647777  0.1200176429
    2084  0.5916561958 -0.0306924346
    2085  0.5723922159 -0.0330903488
    2086  0.6267428854  0.1353415313
    2087  0.6275846928 -0.0328775664
    2088  0.6106569116 -0.0263975123
    2089  0.6610186568  0.1344806590
    2090  0.6588526024 -0.0452217322
    2091  0.6445480697 -0.0328319040
    2092  0.6924291141  0.1171918248
    2093  0.6839588024 -0.0681639213
    2094  0.6731023142 -0.0498376110
    2095  0.7188893546  0.0786658014
    2096  0.7013744303 -0.1012609787
    2097  0.6947627889 -0.0776063483
    2098  0.7358080030  0.0181952902
    2099  0.7102575262 -0.1409955003
    2100  0.7081592595 -0.1145051805
    2101  0.7478375099 -0.0043684991
    2102  0.7186225205 -0.1628077818
    2103  0.7167807475 -0.1453568193
    2104  0.7578956665 -0.0106147271
    2105  0.7272549606 -0.1713824309
    2106  0.7232558467 -0.1673676380
    2107  0.7665366208  0.0000521298
    2108  0.7370194962 -0.1666405548
    2109  0.7344658487 -0.1622736735
    2110  0.7741844101  0.0514676634
    2111  0.7494693562 -0.1435673143
    2112  0.7455236583 -0.1481238956
    2113  0.7782832652  0.0795816484
    2114  0.7573797591 -0.1289967751
    2115  0.7556191856 -0.1284082919
    2116  0.7810497028  0.0835344437
    2117  0.7604147927 -0.1276371917
    2118  0.7609487882 -0.1202403350
    2119  0.7831750121  0.0656419081
    2120  0.7584973998 -0.1417375011
    2121  0.7615139285 -0.1268036140
    2122  0.7834124923  0.0221006269
    2123  0.7505496206 -0.1729893047
    2124  0.7568181629 -0.1499220776
    2125  0.7435954883 -0.1953703619
    2126  0.5514750737 -0.1843731162
    2127  0.4733866963 -0.3195022791
    2128  0.4667716667 -0.2997314474
    2129  0.5794659453 -0.2068042242
    2130  0.4858350472 -0.3569880197
    2131  0.4798244199 -0.3388345364
    2132  0.6027512690 -0.2317820341
    2133  0.4968699126 -0.3906988388
    2134  0.4915814987 -0.3744689406
    2135  0.6202632613 -0.2590288127
    2136  0.5063092445 -0.4201659429
    2137  0.5018244941 -0.4060693116
    2138  0.6312754192 -0.2880816994
    2139  0.5140635052 -0.4451445401
    2140  0.5104157366 -0.4332778824
    2141  0.6359714688 -0.3173619601
    2142  0.5201422969 -0.4656355333
    2143  0.5173165553 -0.4559727170
    2144  0.6414920676 -0.3362554488
    2145  0.5246561262 -0.4818691058
    2146  0.5225879769 -0.4742741680
    2147  0.6476821638 -0.3471130214
    2148  0.5277965872 -0.4942684152
    2149  0.5263833640 -0.4885158547
    2150  0.6551738819 -0.3502409050
    2151  0.5298122417 -0.5033849547
    2152  0.5289266103 -0.4991925849
    2153  0.6656795557 -0.3438775769
    2154  0.5309764305 -0.5098267073
    2155  0.5304818081 -0.5068923489
    2156  0.6723530610 -0.3401964184
    2157  0.5315524504 -0.5141915237
    2158  0.5313207918 -0.5122243093
    2159  0.6744521058 -0.3413989091
    2160  0.5317717983 -0.5170074746
    2161  0.5316938161 -0.5157554332
    2162  0.6717633682 -0.3486272361
    2163  0.5318120162 -0.5187020066
    2164  0.5318051352 -0.5179669725
    2165  0.6638425378 -0.3627605766
    2166  0.5317945160 -0.5195836646
    2167  0.5318051601 -0.5192261789
    2168  0.5317853077 -0.5197848581
