       1  0.0000000000 -3.1316130349
       2 -0.4635044515 -3.0971218614
       3 -0.9069244479 -2.9974135928
       4 -1.0633320128 -2.9455602576
       5 -1.2167985329 -2.8855504728
       6 -0.6207129090 -3.0694813381
       7  0.0000000000 -3.1316130349
       8  0.0000000000 -3.1316130349
       9 -1.3429006210 -2.8290666523
      10 -1.7191028222 -2.6175724799
      11 -1.9200026187 -2.4739826485
      12 -2.1089664040 -2.3150077553
      13 -1.6871732378 -2.6382658445
      14 -2.0344120512 -2.3807914244
      15 -2.2764318390 -2.1505483680
      16 -2.4951582640 -1.8924020287
      17 -2.6847576604 -1.6121651607
      18 -2.4459336816 -1.9556095279
      19 -2.4461096766 -1.9553893860
      20 -2.5579388331 -1.8066402870
      21 -2.8175071677 -1.3669870374
      22 -3.0021858725 -0.8909995440
      23 -2.8662440726 -1.2616041839
      24 -2.6162250404 -1.7211527353
      25 -2.6351615046 -1.6920177439
      26 -2.9549824685 -1.0368600734
      27 -3.1146504801 -0.3255035902
      28 -3.0714602650 -0.6108453494
      29 -1.4444440117 -2.7785934747
      30 -1.6627718321 -2.6537125004
      31 -0.8650446492 -3.0097670932
      32  0.0000000000 -3.1316130349
      33  0.0000000000 -3.1316130349
      34 -2.3305017427 -2.0918321701
      35 -2.5285383132 -1.8475643965
      36 -2.1340651082 -2.2918914273
      37 -2.8641535736 -1.2663429660
      38 -2.9992229441 -0.9009228225
      39 -2.8218548578 -1.3579894558
      40 -3.1179689994 -0.2920094512
      41 -3.1154194018  0.3180599814
      42 -3.1174817778 -0.2971658895
      43 -3.1055104265  0.4034912531
      44 -2.9280587975  1.1106177916
      45 -3.0476125234  0.7204568743
      46 -1.6381327479 -2.6689925629
      47 -1.6133534461 -2.6840437512
      48 -0.8371405645 -3.0176474075
      49  0.0000000000 -3.1316130349
      50  0.0000000000 -3.1316130349
      51 -2.7235975192 -1.5456444462
      52 -2.8827744526 -1.2233608037
      53 -2.6990153890 -1.5881801316
      54 -2.4693321671 -1.9259799711
      55 -2.0978487848 -2.3250872407
      56 -2.5407411744 -1.8307469748
      57 -2.6084793660 -1.7328691807
      58 -2.1638279480 -2.2638128925
      59 -2.9815660738 -0.9577389770
      60 -3.0559401403 -0.6842733805
      61 -2.8803293172 -1.2291066777
      62 -3.0688757465 -0.6237001309
      63 -3.1129608119 -0.3412846090
      64 -3.0364305081 -0.7662179652
      65 -3.1316120371 -0.0024999564
      66 -3.1135017402  0.3363140117
      67 -3.1280818449 -0.1486747205
      68 -3.1106693568  0.3615748243
      69 -3.1053119785  0.4050156995
      70 -3.1314485705  0.0320944107
      71 -2.9491177538  1.0534252107
      72 -2.6118840696  1.7277331413
      73 -2.7718735460  1.4572979261
      74 -2.9039583259  1.1721886546
      75 -3.0290214565  0.7950026522
      76 -3.0376188489  0.7614932237
      77 -2.5919113965  1.7575538436
      78 -2.1152890699  2.3092319830
      79 -2.3814025089  2.0336967058
      80 -1.7066001960 -2.6257410328
      81 -1.7977423369 -2.5642002049
      82 -0.9425823092 -2.9863922701
      83  0.0000000000 -3.1316130349
      84  0.0000000000 -3.1316130349
      85 -2.7203456782 -1.5513605615
      86 -2.8196035490 -1.3626577073
      87 -2.3855610344 -2.0288170820
      88 -3.1085158688 -0.3796436406
      89 -3.1308010038 -0.0713111140
      90 -3.0444573321 -0.7336755096
      91 -3.0489416037  0.7148113721
      92 -2.9385477528  1.0825605319
      93 -3.0836538812  0.5459660629
      94 -2.6887775337  1.6054518288
      95 -2.4094338099  2.0004071876
      96 -2.7130864888  1.5640210693
      97 -2.1867891632  2.2416407733
      98 -1.6625107614  2.6538760651
      99 -2.0620226535  2.3569180675
     100 -1.5240234616  2.7357545009
     101 -0.8501557587  3.0140065339
     102 -1.2691733817  2.8629004747
     103 -1.9998297017 -2.4099131447
     104 -2.1887372557 -2.2397386959
     105 -1.1817371481 -2.9000857769
     106  0.0000000000 -3.1316130349
     107  0.0000000000 -3.1316130349
     108 -2.9414065892 -1.0747685694
     109 -3.0339026218 -0.7761669162
     110 -2.7119177941 -1.5660466401
     111 -3.1191466488  0.2791493937
     112 -3.0683849983  0.6261099768
     113 -3.1306666492 -0.0769839740
     114 -2.7767427115  1.4479986585
     115 -2.5697130824  1.7898533110
     116 -2.8654179834  1.2634793156
     117 -2.0754377511  2.3451137162
     118 -1.6926876178  2.6347312632
     119 -2.1726644352  2.2553335569
     120 -1.0332343781  2.9562521747
     121 -0.3526049954  3.1116988797
     122 -1.0500860773  2.9503083620
     123 -0.1302148574  3.1289046472
     124  0.5967841533  3.0742232962
     125  0.1235205947  3.1291760678
     126 -2.1030470256 -2.3203864783
     127 -2.0143849768 -2.3977600726
     128 -1.0719491298 -2.9424352607
     129  0.0000000000 -3.1316130349
     130  0.0000000000 -3.1316130349
     131 -3.1114059580 -0.3551804686
     132 -3.1307749575  0.0724456064
     133 -3.0912375760 -0.5012488896
     134 -2.9474638782 -1.0580438967
     135 -2.6351919604 -1.6919703107
     136 -2.9837562404 -0.9508937368
     137 -3.0161547613 -0.8425026152
     138 -2.6327341214 -1.6957922181
     139 -3.1079504743  0.3842447789
     140 -3.0541510857  0.6922148123
     141 -3.1306536748 -0.0775097997
     142 -2.9696110266  0.9941883882
     143 -2.8268569568  1.3475458977
     144 -3.0462787839  0.7260755960
     145 -2.6521357113  1.6652856721
     146 -2.4418563016  1.9606983458
     147 -2.8202457335  1.3613281027
     148 -2.3367953120  2.0847992398
     149 -2.0702193925  2.3497216574
     150 -2.4818802457  1.9097828795
     151 -1.7624208630  2.5886044314
     152 -1.4273440451  2.7874162190
     153 -1.9563439702  2.4453462885
     154 -1.4003794656  2.8010600766
     155 -1.0919199656  2.9350827909
     156 -1.6079326455  2.6872947007
     157 -0.6970911332  3.0530417869
     158 -0.2901924576  3.1181386336
     159 -0.8745440024  3.0070206166
     160 -0.2896438166  3.1181896447
     161 -0.2265672519  3.1234063906
     162 -0.6659325609  3.0599892197
     163  0.4838528389  3.0940081821
     164  1.2857729340  2.8554838754
     165  1.0100040062  2.9642692368
     166  0.7251820096  3.0464916303
     167  0.2522579402  3.1214365495
     168  0.2204252727  3.1238458508
     169  1.2914414712  2.8529246620
     170  1.9161020230  2.4770048927
     171  1.6120848579  2.6848058797
     172 -2.0337857374 -2.3813264738
     173 -2.0530526015 -2.3647357603
     174 -1.0958031397 -2.9336352329
     175  0.0000000000 -3.1316130349
     176  0.0000000000 -3.1316130349
     177 -3.0751090974 -0.5922028703
     178 -3.1133292902 -0.3379066906
     179 -2.7748672960 -1.4515893670
     180 -2.9602540962  1.0217122327
     181 -2.8309229676  1.3389829544
     182 -3.0881259249  0.5200754491
     183 -2.1899188915  2.2385833577
     184 -1.9065669717  2.4843515417
     185 -2.4369899630  1.9667435321
     186 -1.0627798594  2.9457595236
     187 -0.6810961990  3.0566498276
     188 -1.3002344396  2.8489279743
     189  0.1616487491  3.1274382300
     190  0.6101233232  3.0716037718
     191 -0.0362651899  3.1314030460
     192  1.3336374977  2.8334451160
     193  1.8855783016  2.5003189135
     194  1.2801279628  2.8580189992
     195  1.9226399704  2.4719336044
     196  2.4511493706  1.9490682296
     197  2.1858112924  2.2425943001
     198  2.4369143257  1.9668372504
     199  2.8256531907  1.3500682377
     200  2.6553458549  1.6601622184
     201 -2.0280193877 -2.3862392092
     202 -2.0027611083 -2.4074775479
     203 -1.0648282496 -2.9450196943
     204  0.0000000000 -3.1316130349
     205  0.0000000000 -3.1316130349
     206 -3.0941575447 -0.4828967684
     207 -3.0682367349 -0.6268361343
     208 -2.6872710586 -1.6079721571
     209 -2.6183514060  1.7179162131
     210 -2.3553791025  2.0637803866
     211 -2.7082202618  1.5724322605
     212 -2.9600129715  1.0224105874
     213 -3.1119105386  0.3507320923
     214 -2.9358278226  1.0899152246
     215 -2.9101035502  1.1568481005
     216 -3.1193783718  0.2765479598
     217 -2.1392978162  2.2870078825
     218 -1.9021619088  2.4877259240
     219 -2.4964550016  1.8906910444
     220 -1.5829663392  2.7020765662
     221 -1.2348114804  2.8778882550
     222 -1.8406680558  2.5335629673
     223 -0.8791800872  3.0056684074
     224 -0.5107497023  3.0896820131
     225 -1.2434334823  2.8741735118
     226 -0.2996021006  3.1172485916
     227  0.0864473614  3.1304196291
     228 -0.5635092521  3.0804963112
     229  0.4900704116  3.0930294522
     230  0.8854797830  3.0038185289
     231  0.2169417984  3.1240897005
     232  0.9383091819  2.9877376190
     233  1.2555163368  2.8689159849
     234  0.6836041731  3.0560899095
     235  1.6567443604  2.6574796942
     236  2.0232271675  2.3903037525
     237  1.4863509851  2.7564036261
     238  1.9476498058  2.4522765820
     239  2.0085006440  2.4026912752
     240  1.6485727249  2.6625566982
     241  2.4745434517  1.9192797884
     242  2.8907966833  1.2042818344
     243  2.7746022859  1.4520958493
     244  2.6372126524  1.6888190035
     245  2.3501202620  2.0697668842
     246  2.3564675278  2.0625375126
     247  2.8473167964  1.3037588970
     248  3.0770147919  0.5822200365
     249  3.0000724887  0.8980897858
     250  3.0612460585  0.6601308732
     251  3.1309262087 -0.0655841142
     252  3.1208242908  0.2597228262
     253 -1.9962149964 -2.4129081808
     254 -1.9896541831 -2.4183209944
     255 -1.0568256585 -2.9479009020
     256  0.0000000000 -3.1316130349
     257  0.0000000000 -3.1316130349
     258 -3.0672494338 -0.6316495162
     259 -3.0662552626 -0.6364580622
     260 -2.6803578191 -1.6194697163
     261 -2.8645797681  1.2653785807
     262 -2.8150112433  1.3721194921
     263 -3.1073974419  0.3886918300
     264 -1.5952173301  2.6948621245
     265 -1.2659686011  2.8643190642
     266 -2.1726171178  2.2553791389
     267 -0.1171410388  3.1294213806
     268  0.2783378234  3.1192191742
     269 -0.5099990490  3.0898060086
     270  1.2821650334  2.8571057082
     271  1.6554605248  2.6582796413
     272  1.0173940411  2.9617409687
     273  2.4257911209  1.9805397342
     274  2.7467370501  1.5041395475
     275  2.2754880160  2.1515469991
     276  2.9219759519  1.1265241840
     277  3.0883745223  0.5185971567
     278  2.9588771062  1.0256931663
     279  3.0907274110  0.5043850427
     280  3.1236801338 -0.2227613578
     281  3.1280679132  0.1489675508
     282  3.1278027223 -0.1544355248
     283  3.0046930435 -0.8825077422
     284  3.0818919847 -0.5558255080
     285  3.0309163762 -0.7877474985
     286  2.7666383944 -1.4672123893
     287  2.9004378535 -1.1808727529
     288 -1.9950711020 -2.4138540757
     289 -2.0004778718 -2.4093751233
     290 -1.0634321907 -2.9455240920
     291  0.0000000000 -3.1316130349
     292  0.0000000000 -3.1316130349
     293 -3.0702916427 -0.6166923297
     294 -3.0742000429 -0.5969039258
     295 -2.6943184086 -1.5961354935
     296 -2.7959892874  1.4104765526
     297 -2.7764457555  1.4485679714
     298 -3.0989517139  0.4511080534
     299 -1.3003628110  2.8488693828
     300 -1.3345678362  2.8330070405
     301 -2.1689335151  2.2589217799
     302  0.7016293575  3.0520020389
     303  1.1117787768  2.9276181705
     304  0.5970824424  3.0741653758
     305  0.0649491197  3.1309394457
     306 -0.6151274350  3.0706055493
     307  0.2007028914  3.1251749631
     308  0.3360795740  3.1135270547
     309 -0.5185711625  3.0883788871
     310  1.4054324313  2.7985281634
     311  1.6843369103  2.6400775317
     312  1.0375755022  2.9547313377
     313  1.9018402619  2.4879718284
     314  2.1308254460  2.2949037277
     315  1.6652083436  2.6521842645
     316  2.3925330003  2.0205905184
     317  2.6191754858  1.7166595397
     318  2.2133818529  2.2153873192
     319  2.7418966767  1.5129450799
     320  2.7370258985  1.5217389499
     321  2.4644350512  1.9322422413
     322  3.0416431702  0.7452563491
     323  3.1309589884 -0.0640001077
     324  3.1149074528  0.3230352324
     325  3.0511963175  0.7051249769
     326  2.9227713143  1.1244590010
     327  2.8799435019  1.2300104172
     328  3.1250197832 -0.2031047888
     329  2.9952647783 -0.9139962300
     330  3.0924549733 -0.4936825283
     331  2.9862102870 -0.9431586941
     332  2.6849593490 -1.6118292388
     333  2.8614639264 -1.2724088959
     334  2.7177220915 -1.5559520668
     335  2.2822458130 -2.1443773571
     336  2.4978357942 -1.8888664711
     337  2.3524143961 -2.0671590915
     338  1.8106923500 -2.5550720957
     339  2.0567469233 -2.3615232995
     340 -2.0141571565 -2.3979514485
     341 -2.0277713272 -2.3864500089
     342 -1.0801778275 -2.9394244439
     343  0.0000000000 -3.1316130349
     344  0.0000000000 -3.1316130349
     345 -3.0817109631 -0.5568282867
     346 -3.0886994184 -0.5166585944
     347 -2.7237104676 -1.5454454016
     348 -2.7425908556  1.5116863429
     349 -2.7072997997  1.5740165168
     350 -3.0807681383  0.5620212439
     351 -1.2305389042  2.8797177303
     352 -1.1248817482  2.9226086384
     353 -2.0312763671  2.3834673317
     354  0.5802057165  3.0773952504
     355  0.8207315573  3.0221515368
     356 -0.1600144754  3.1275222730
     357  1.9758794325  2.4295885801
     358  2.2413710447  2.1870656233
     359  1.5869657098  2.6997296228
     360  2.8332079985  1.3341411611
     361  2.9917338827  0.9254882903
     362  2.7021707846  1.5828055002
     363  3.1284507240  0.1406992125
     364  3.1021747867 -0.4283827653
     365  3.1212452728  0.2546137223
     366  3.0361317416 -0.7674009696
     367  2.7853447770 -1.4313820852
     368  2.9861725111 -0.9432782911
     369  2.6992937669 -1.5877069504
     370  2.2542836013 -2.1737538144
     371  2.5470065660 -1.8220202395
     372  2.2340442784 -2.1945492391
     373  1.6594590161 -2.6557853781
     374  1.9716588151 -2.4330149440
     375  1.7175095466 -2.6186181772
     376  1.0575287240 -2.9476487577
     377  1.3663108537 -2.8178351356
     378  1.1708367466 -2.9045036604
     379  0.4675244250 -3.0965175783
     380  0.7661509522 -3.0364474175
     381 -2.0466223911 -2.3703031428
     382 -2.0653449080 -2.3540073517
     383 -1.1034386019 -2.9307718185
     384  0.0000000000 -3.1316130349
     385  0.0000000000 -3.1316130349
     386 -3.0971828703 -0.4630966085
     387 -3.1047371182 -0.4093991056
     388 -2.7618501444 -1.4762059411
     389 -2.6576430747  1.6564822632
     390 -2.6054752264  1.7373828148
     391 -3.0502133863  0.7093648558
     392 -0.9627085607  2.9799651723
     393 -0.7976313927  3.0283302927
     394 -1.8198696471  2.5485436367
     395  1.1939395800  2.8950835014
     396  1.5482281978  2.7221296163
     397  0.4053256797  3.1052715331
     398  2.5128522243  1.8688429306
     399  2.7394995399  1.5172812763
     400  2.2268963085  2.2018022236
     401  3.0965843497  0.4670819688
     402  3.1316124857 -0.0018546652
     403  3.0377746955  0.7608712771
     404  2.9394548826 -1.0800949930
     405  2.6414954916 -1.6821122936
     406  3.0063285903 -0.8769199550
     407  2.3675384133 -2.0498200073
     408  1.8152558297 -2.5518319838
     409  2.2704083701 -2.1569065890
     410  1.6667508659 -2.6512151462
     411  0.9818073681 -2.9737273736
     412  1.4143492753 -2.7940322704
     413  0.9712712662 -2.9771853029
     414  0.2259481683 -3.1234512364
     415  0.6084981468 -3.0719261394
     416  0.3310631881 -3.1140644448
     417 -0.4141500706 -3.1041069440
     418 -0.0945967199 -3.1301839660
     419 -0.2611281458 -3.1207070180
     420 -0.9756266973 -2.9757608688
     421 -0.6978460352 -3.0528693244
     422 -2.0858118269 -2.3358915264
     423 -2.1061220546 -2.3175957567
     424 -1.1289789753 -2.9210283590
     425  0.0000000000 -3.1316130349
     426  0.0000000000 -3.1316130349
     427 -3.1117197896 -0.3524204188
     428 -3.1176568347 -0.2953236554
     429 -2.8007790016 -1.4009415351
     430 -2.5569769111  1.8080014593
     431 -2.5065664121  1.8772653042
     432 -3.0146322296  0.8479343850
     433 -0.7066101339  3.0508527200
     434 -0.6149553880  3.0706400101
     435 -1.6709309933  2.6485826052
     436  1.5331951880  2.7306249680
     437  1.5181155370  2.7390373157
     438  0.4810553796  3.0944443641
     439  2.9357252189  1.0901915609
     440  3.0658220665  0.6385415079
     441  2.8948566914  1.1944894042
     442  2.6240313247  1.7092278396
     443  2.1467253975  2.2800373393
     444  2.7072175109  1.5741580447
     445  2.7834585940  1.4350464997
     446  2.2474402591  2.1808283936
     447  3.1195480052  0.2746278277
     448  3.1302295316 -0.0930767440
     449  3.0539674187  0.6930246791
     450  3.1133042858 -0.3381369914
     451  3.0589900865 -0.6705071598
     452  3.1314591095 -0.0310490888
     453  2.9353356488 -1.0912400421
     454  2.7541204508 -1.4905773187
     455  3.0195224207 -0.8303520649
     456  2.6459186989 -1.6751460950
     457  2.6503251029 -1.6681657740
     458  2.8979137260 -1.1870535951
     459  2.0304435159 -2.3841768662
     460  1.2400396652 -2.8756393775
     461  1.6280600375 -2.6751487276
     462  1.9844140947 -2.4226227319
     463  2.3478715672 -2.0723173754
     464  2.4146659103 -1.9940884489
     465  1.0790501472 -2.9398385977
     466  0.2666444095 -3.1202405291
     467  0.7632055723 -3.0371890713
     468  0.1843593723 -3.1261816682
     469 -0.6254786729 -3.0685137494
     470 -0.1812716646 -3.1263622286
     471 -0.5629856496 -3.0805920468
     472 -1.3160832828 -2.8416412500
     473 -0.9773860346 -2.9751834801
     474 -1.1548375239 -2.9109020069
     475 -1.8265248297 -2.5437781443
     476 -1.5783456379 -2.7047782253
     477 -1.6372484817 -2.6695350924
     478 -2.2101371232 -2.2186243704
     479 -2.0248670523 -2.3889147371
     480 -2.1262074079 -2.2991829547
     481 -2.1461319076 -2.2805959826
     482 -1.1543517865 -2.9110946658
     483  0.0000000000 -3.1316130349
     484  0.0000000000 -3.1316130349
     485 -3.1228415565 -0.2342238541
     486 -3.1268289399 -0.1730346250
     487 -2.8392749988 -1.3211804123
     488 -2.4459660341  1.9555690631
     489 -2.3829228851  2.0319150386
     490 -2.9672875200  1.0011018800
     491 -0.4853666704  3.0937710639
     492 -0.3549203439  3.1114356413
     493 -1.4714925952  2.7643642566
     494  1.6571219716  2.6572442440
     495  1.7917329192  2.5684028786
     496  0.7680034651  3.0359793936
     497  2.8987332398  1.1850509716
     498  2.9916080905  0.9258948285
     499  2.5287443867  1.8472823356
     500  3.0892721804 -0.5132227548
     501  2.9921796767 -0.9240459853
     502  3.1316128855  0.0009676070
     503  2.4598100952 -1.9381265429
     504  2.0935330893 -2.3289738952
     505  2.6264419515 -1.7055212916
     506  1.4325090509 -2.7847653437
     507  0.8169501766 -3.0231759144
     508  1.4960632826 -2.7511442810
     509  0.4401611415 -3.1005254990
     510 -0.3906987846 -3.1071457417
     511  0.2172225306 -3.1240701933
     512 -0.5987610518 -3.0738388708
     513 -1.4183110899 -2.7920232544
     514 -0.9181249411 -2.9940018025
     515 -1.4388694837 -2.7814842817
     516 -2.1431008659 -2.2834445208
     517 -1.7987690852 -2.5634800524
     518 -2.0256483818 -2.3882522551
     519 -2.5887594962 -1.7621930858
     520 -2.3802408987 -2.0350561331
     521 -2.4086195432 -2.0013875429
     522 -2.8352421361 -1.3298128553
     523 -2.7206040860 -1.5509073499
     524 -2.6632387196 -1.6474707048
     525 -2.9719982357 -0.9870292232
     526 -2.9086747118 -1.1604359618
     527 -2.1603005699 -2.2671792272
     528 -2.1743853577 -2.2536744479
     529 -1.1737545505 -2.9033257578
     530  0.0000000000 -3.1316130349
     531  0.0000000000 -3.1316130349
     532 -3.1296262098 -0.1115346932
     533 -3.1312139814 -0.0499920330
     534 -2.8743167820 -1.2431022635
     535 -2.3065097074  2.1182571067
     536 -2.2269673313  2.2017303890
     537 -2.9030313908  1.1744824157
     538 -0.1783883966  3.1265280713
     539 -0.0012861647  3.1316127708
     540 -1.1962303089  2.8941377384
     541  1.9932151435  2.4153868411
     542  2.1816900727  2.2466037985
     543  1.1913686520  2.8961424233
     544  3.0799841980  0.5663016342
     545  3.1252974696  0.1987861339
     546  2.8524895634  1.2924022173
     547  2.8038672042 -1.3947504802
     548  2.5420702619 -1.8289010318
     549  3.0029496778 -0.8884218779
     550  1.5763516373 -2.7059408190
     551  0.9933323980 -2.9698974642
     552  1.8356772592 -2.5371813496
     553  0.0571526704 -3.1310914667
     554 -0.7060770453 -3.0509761400
     555  0.1196439235 -3.1293266899
     556 -1.2482669404 -2.8720776184
     557 -2.0051936180 -2.4054518817
     558 -1.4216357735 -2.7903318670
     559 -2.1849034377 -2.2434788095
     560 -2.7535322569 -1.4916636051
     561 -2.4432655872 -1.9589419264
     562 -2.7299052040 -1.5344763856
     563 -3.0647102697 -0.6438564772
     564 -2.9509160031 -1.0483772904
     565 -2.9897982939 -0.9317222561
     566 -3.1315462785 -0.0204476405
     567 -3.1170146453 -0.3020263263
     568 -3.0892226686 -0.5135206953
     569 -3.1129880947  0.3410356620
     570 -3.1257712184  0.1911922870
     571 -3.1196831204 -0.2730886830
     572 -3.0982871814  0.4556498025
     573 -3.1023608540  0.4270331746
     574  0.9069244479 -2.9974135928
     575  0.4635044515 -3.0971218614
     576  0.6207129090 -3.0694813381
     577  1.2167985329 -2.8855504728
     578  1.0633320128 -2.9455602576
     579  1.7191028222 -2.6175724799
     580  1.3429006210 -2.8290666523
     581  1.6871732378 -2.6382658445
     582  2.1089664040 -2.3150077553
     583  1.9200026187 -2.4739826485
     584  2.2764318390 -2.1505483680
     585  2.0344120512 -2.3807914244
     586  2.4459336816 -1.9556095279
     587  2.6847576604 -1.6121651607
     588  2.4951582640 -1.8924020287
     589  2.5579388331 -1.8066402870
     590  2.4461096766 -1.9553893860
     591  2.8662440726 -1.2616041839
     592  3.0021858725 -0.8909995440
     593  2.8175071677 -1.3669870374
     594  2.6351615046 -1.6920177439
     595  2.6162250404 -1.7211527353
     596  3.0714602650 -0.6108453494
     597  3.1146504801 -0.3255035902
     598  2.9549824685 -1.0368600734
     599  0.8650446492 -3.0097670932
     600  1.6627718321 -2.6537125004
     601  1.4444440117 -2.7785934747
     602  2.1340651082 -2.2918914273
     603  2.5285383132 -1.8475643965
     604  2.3305017427 -2.0918321701
     605  2.8218548578 -1.3579894558
     606  2.9992229441 -0.9009228225
     607  2.8641535736 -1.2663429660
     608  3.1174817778 -0.2971658895
     609  3.1154194018  0.3180599814
     610  3.1179689994 -0.2920094512
     611  3.0476125234  0.7204568743
     612  2.9280587975  1.1106177916
     613  3.1055104265  0.4034912531
     614  0.8371405645 -3.0176474075
     615  1.6133534461 -2.6840437512
     616  1.6381327479 -2.6689925629
     617  2.0978487848 -2.3250872407
     618  2.4693321671 -1.9259799711
     619  2.6990153890 -1.5881801316
     620  2.8827744526 -1.2233608037
     621  2.7235975192 -1.5456444462
     622  2.1638279480 -2.2638128925
     623  2.6084793660 -1.7328691807
     624  2.5407411744 -1.8307469748
     625  2.8803293172 -1.2291066777
     626  3.0559401403 -0.6842733805
     627  2.9815660738 -0.9577389770
     628  3.0364305081 -0.7662179652
     629  3.1129608119 -0.3412846090
     630  3.0688757465 -0.6237001309
     631  3.1280818449 -0.1486747205
     632  3.1135017402  0.3363140117
     633  3.1316120371 -0.0024999564
     634  3.1314485705  0.0320944107
     635  3.1053119785  0.4050156995
     636  3.1106693568  0.3615748243
     637  2.6118840696  1.7277331413
     638  2.9491177538  1.0534252107
     639  3.0290214565  0.7950026522
     640  2.9039583259  1.1721886546
     641  2.7718735460  1.4572979261
     642  3.0376188489  0.7614932237
     643  2.3814025089  2.0336967058
     644  2.1152890699  2.3092319830
     645  2.5919113965  1.7575538436
     646  0.9425823092 -2.9863922701
     647  1.7977423369 -2.5642002049
     648  1.7066001960 -2.6257410328
     649  2.3855610344 -2.0288170820
     650  2.8196035490 -1.3626577073
     651  2.7203456782 -1.5513605615
     652  3.0444573321 -0.7336755096
     653  3.1308010038 -0.0713111140
     654  3.1085158688 -0.3796436406
     655  3.0836538812  0.5459660629
     656  2.9385477528  1.0825605319
     657  3.0489416037  0.7148113721
     658  2.7130864888  1.5640210693
     659  2.4094338099  2.0004071876
     660  2.6887775337  1.6054518288
     661  2.0620226535  2.3569180675
     662  1.6625107614  2.6538760651
     663  2.1867891632  2.2416407733
     664  1.2691733817  2.8629004747
     665  0.8501557587  3.0140065339
     666  1.5240234616  2.7357545009
     667  1.1817371481 -2.9000857769
     668  2.1887372557 -2.2397386959
     669  1.9998297017 -2.4099131447
     670  2.7119177941 -1.5660466401
     671  3.0339026218 -0.7761669162
     672  2.9414065892 -1.0747685694
     673  3.1306666492 -0.0769839740
     674  3.0683849983  0.6261099768
     675  3.1191466488  0.2791493937
     676  2.8654179834  1.2634793156
     677  2.5697130824  1.7898533110
     678  2.7767427115  1.4479986585
     679  2.1726644352  2.2553335569
     680  1.6926876178  2.6347312632
     681  2.0754377511  2.3451137162
     682  1.0500860773  2.9503083620
     683  0.3526049954  3.1116988797
     684  1.0332343781  2.9562521747
     685 -0.1235205947  3.1291760678
     686 -0.5967841533  3.0742232962
     687  0.1302148574  3.1289046472
     688  1.0719491298 -2.9424352607
     689  2.0143849768 -2.3977600726
     690  2.1030470256 -2.3203864783
     691  2.6351919604 -1.6919703107
     692  2.9474638782 -1.0580438967
     693  3.0912375760 -0.5012488896
     694  3.1307749575  0.0724456064
     695  3.1114059580 -0.3551804686
     696  2.6327341214 -1.6957922181
     697  3.0161547613 -0.8425026152
     698  2.9837562404 -0.9508937368
     699  3.1306536748 -0.0775097997
     700  3.0541510857  0.6922148123
     701  3.1079504743  0.3842447789
     702  3.0462787839  0.7260755960
     703  2.8268569568  1.3475458977
     704  2.9696110266  0.9941883882
     705  2.8202457335  1.3613281027
     706  2.4418563016  1.9606983458
     707  2.6521357113  1.6652856721
     708  2.4818802457  1.9097828795
     709  2.0702193925  2.3497216574
     710  2.3367953120  2.0847992398
     711  1.9563439702  2.4453462885
     712  1.4273440451  2.7874162190
     713  1.7624208630  2.5886044314
     714  1.6079326455  2.6872947007
     715  1.0919199656  2.9350827909
     716  1.4003794656  2.8010600766
     717  0.8745440024  3.0070206166
     718  0.2901924576  3.1181386336
     719  0.6970911332  3.0530417869
     720  0.6659325609  3.0599892197
     721  0.2265672519  3.1234063906
     722  0.2896438166  3.1181896447
     723 -1.2857729340  2.8554838754
     724 -0.4838528389  3.0940081821
     725 -0.2522579402  3.1214365495
     726 -0.7251820096  3.0464916303
     727 -1.0100040062  2.9642692368
     728 -0.2204252727  3.1238458508
     729 -1.6120848579  2.6848058797
     730 -1.9161020230  2.4770048927
     731 -1.2914414712  2.8529246620
     732  1.0958031397 -2.9336352329
     733  2.0530526015 -2.3647357603
     734  2.0337857374 -2.3813264738
     735  2.7748672960 -1.4515893670
     736  3.1133292902 -0.3379066906
     737  3.0751090974 -0.5922028703
     738  3.0881259249  0.5200754491
     739  2.8309229676  1.3389829544
     740  2.9602540962  1.0217122327
     741  2.4369899630  1.9667435321
     742  1.9065669717  2.4843515417
     743  2.1899188915  2.2385833577
     744  1.3002344396  2.8489279743
     745  0.6810961990  3.0566498276
     746  1.0627798594  2.9457595236
     747  0.0362651899  3.1314030460
     748 -0.6101233232  3.0716037718
     749 -0.1616487491  3.1274382300
     750 -1.2801279628  2.8580189992
     751 -1.8855783016  2.5003189135
     752 -1.3336374977  2.8334451160
     753 -2.1858112924  2.2425943001
     754 -2.4511493706  1.9490682296
     755 -1.9226399704  2.4719336044
     756 -2.6553458549  1.6601622184
     757 -2.8256531907  1.3500682377
     758 -2.4369143257  1.9668372504
     759  1.0648282496 -2.9450196943
     760  2.0027611083 -2.4074775479
     761  2.0280193877 -2.3862392092
     762  2.6872710586 -1.6079721571
     763  3.0682367349 -0.6268361343
     764  3.0941575447 -0.4828967684
     765  3.1119105386  0.3507320923
     766  2.9600129715  1.0224105874
     767  2.7082202618  1.5724322605
     768  2.3553791025  2.0637803866
     769  2.6183514060  1.7179162131
     770  3.1193783718  0.2765479598
     771  2.9101035502  1.1568481005
     772  2.9358278226  1.0899152246
     773  2.4964550016  1.8906910444
     774  1.9021619088  2.4877259240
     775  2.1392978162  2.2870078825
     776  1.8406680558  2.5335629673
     777  1.2348114804  2.8778882550
     778  1.5829663392  2.7020765662
     779  1.2434334823  2.8741735118
     780  0.5107497023  3.0896820131
     781  0.8791800872  3.0056684074
     782  0.5635092521  3.0804963112
     783 -0.0864473614  3.1304196291
     784  0.2996021006  3.1172485916
     785 -0.2169417984  3.1240897005
     786 -0.8854797830  3.0038185289
     787 -0.4900704116  3.0930294522
     788 -0.6836041731  3.0560899095
     789 -1.2555163368  2.8689159849
     790 -0.9383091819  2.9877376190
     791 -1.4863509851  2.7564036261
     792 -2.0232271675  2.3903037525
     793 -1.6567443604  2.6574796942
     794 -1.6485727249  2.6625566982
     795 -2.0085006440  2.4026912752
     796 -1.9476498058  2.4522765820
     797 -2.8907966833  1.2042818344
     798 -2.4745434517  1.9192797884
     799 -2.3501202620  2.0697668842
     800 -2.6372126524  1.6888190035
     801 -2.7746022859  1.4520958493
     802 -2.3564675278  2.0625375126
     803 -3.0000724887  0.8980897858
     804 -3.0770147919  0.5822200365
     805 -2.8473167964  1.3037588970
     806 -3.1208242908  0.2597228262
     807 -3.1309262087 -0.0655841142
     808 -3.0612460585  0.6601308732
     809  1.0568256585 -2.9479009020
     810  1.9896541831 -2.4183209944
     811  1.9962149964 -2.4129081808
     812  2.6803578191 -1.6194697163
     813  3.0662552626 -0.6364580622
     814  3.0672494338 -0.6316495162
     815  3.1073974419  0.3886918300
     816  2.8150112433  1.3721194921
     817  2.8645797681  1.2653785807
     818  2.1726171178  2.2553791389
     819  1.2659686011  2.8643190642
     820  1.5952173301  2.6948621245
     821  0.5099990490  3.0898060086
     822 -0.2783378234  3.1192191742
     823  0.1171410388  3.1294213806
     824 -1.0173940411  2.9617409687
     825 -1.6554605248  2.6582796413
     826 -1.2821650334  2.8571057082
     827 -2.2754880160  2.1515469991
     828 -2.7467370501  1.5041395475
     829 -2.4257911209  1.9805397342
     830 -2.9588771062  1.0256931663
     831 -3.0883745223  0.5185971567
     832 -2.9219759519  1.1265241840
     833 -3.1280679132  0.1489675508
     834 -3.1236801338 -0.2227613578
     835 -3.0907274110  0.5043850427
     836 -3.0818919847 -0.5558255080
     837 -3.0046930435 -0.8825077422
     838 -3.1278027223 -0.1544355248
     839 -2.9004378535 -1.1808727529
     840 -2.7666383944 -1.4672123893
     841 -3.0309163762 -0.7877474985
     842  1.0634321907 -2.9455240920
     843  2.0004778718 -2.4093751233
     844  1.9950711020 -2.4138540757
     845  2.6943184086 -1.5961354935
     846  3.0742000429 -0.5969039258
     847  3.0702916427 -0.6166923297
     848  3.0989517139  0.4511080534
     849  2.7764457555  1.4485679714
     850  2.7959892874  1.4104765526
     851  2.1689335151  2.2589217799
     852  1.3345678362  2.8330070405
     853  1.3003628110  2.8488693828
     854  0.6151274350  3.0706055493
     855 -0.0649491197  3.1309394457
     856 -0.5970824424  3.0741653758
     857 -1.1117787768  2.9276181705
     858 -0.7016293575  3.0520020389
     859  0.5185711625  3.0883788871
     860 -0.3360795740  3.1135270547
     861 -0.2007028914  3.1251749631
     862 -1.0375755022  2.9547313377
     863 -1.6843369103  2.6400775317
     864 -1.4054324313  2.7985281634
     865 -1.6652083436  2.6521842645
     866 -2.1308254460  2.2949037277
     867 -1.9018402619  2.4879718284
     868 -2.2133818529  2.2153873192
     869 -2.6191754858  1.7166595397
     870 -2.3925330003  2.0205905184
     871 -2.4644350512  1.9322422413
     872 -2.7370258985  1.5217389499
     873 -2.7418966767  1.5129450799
     874 -3.1309589884 -0.0640001077
     875 -3.0416431702  0.7452563491
     876 -2.9227713143  1.1244590010
     877 -3.0511963175  0.7051249769
     878 -3.1149074528  0.3230352324
     879 -2.8799435019  1.2300104172
     880 -3.0924549733 -0.4936825283
     881 -2.9952647783 -0.9139962300
     882 -3.1250197832 -0.2031047888
     883 -2.8614639264 -1.2724088959
     884 -2.6849593490 -1.6118292388
     885 -2.9862102870 -0.9431586941
     886 -2.4978357942 -1.8888664711
     887 -2.2822458130 -2.1443773571
     888 -2.7177220915 -1.5559520668
     889 -2.0567469233 -2.3615232995
     890 -1.8106923500 -2.5550720957
     891 -2.3524143961 -2.0671590915
     892  1.0801778275 -2.9394244439
     893  2.0277713272 -2.3864500089
     894  2.0141571565 -2.3979514485
     895  2.7237104676 -1.5454454016
     896  3.0886994184 -0.5166585944
     897  3.0817109631 -0.5568282867
     898  3.0807681383  0.5620212439
     899  2.7072997997  1.5740165168
     900  2.7425908556  1.5116863429
     901  2.0312763671  2.3834673317
     902  1.1248817482  2.9226086384
     903  1.2305389042  2.8797177303
     904  0.1600144754  3.1275222730
     905 -0.8207315573  3.0221515368
     906 -0.5802057165  3.0773952504
     907 -1.5869657098  2.6997296228
     908 -2.2413710447  2.1870656233
     909 -1.9758794325  2.4295885801
     910 -2.7021707846  1.5828055002
     911 -2.9917338827  0.9254882903
     912 -2.8332079985  1.3341411611
     913 -3.1212452728  0.2546137223
     914 -3.1021747867 -0.4283827653
     915 -3.1284507240  0.1406992125
     916 -2.9861725111 -0.9432782911
     917 -2.7853447770 -1.4313820852
     918 -3.0361317416 -0.7674009696
     919 -2.5470065660 -1.8220202395
     920 -2.2542836013 -2.1737538144
     921 -2.6992937669 -1.5877069504
     922 -1.9716588151 -2.4330149440
     923 -1.6594590161 -2.6557853781
     924 -2.2340442784 -2.1945492391
     925 -1.3663108537 -2.8178351356
     926 -1.0575287240 -2.9476487577
     927 -1.7175095466 -2.6186181772
     928 -0.7661509522 -3.0364474175
     929 -0.4675244250 -3.0965175783
     930 -1.1708367466 -2.9045036604
     931  1.1034386019 -2.9307718185
     932  2.0653449080 -2.3540073517
     933  2.0466223911 -2.3703031428
     934  2.7618501444 -1.4762059411
     935  3.1047371182 -0.4093991056
     936  3.0971828703 -0.4630966085
     937  3.0502133863  0.7093648558
     938  2.6054752264  1.7373828148
     939  2.6576430747  1.6564822632
     940  1.8198696471  2.5485436367
     941  0.7976313927  3.0283302927
     942  0.9627085607  2.9799651723
     943 -0.4053256797  3.1052715331
     944 -1.5482281978  2.7221296163
     945 -1.1939395800  2.8950835014
     946 -2.2268963085  2.2018022236
     947 -2.7394995399  1.5172812763
     948 -2.5128522243  1.8688429306
     949 -3.0377746955  0.7608712771
     950 -3.1316124857 -0.0018546652
     951 -3.0965843497  0.4670819688
     952 -3.0063285903 -0.8769199550
     953 -2.6414954916 -1.6821122936
     954 -2.9394548826 -1.0800949930
     955 -2.2704083701 -2.1569065890
     956 -1.8152558297 -2.5518319838
     957 -2.3675384133 -2.0498200073
     958 -1.4143492753 -2.7940322704
     959 -0.9818073681 -2.9737273736
     960 -1.6667508659 -2.6512151462
     961 -0.6084981468 -3.0719261394
     962 -0.2259481683 -3.1234512364
     963 -0.9712712662 -2.9771853029
     964  0.0945967199 -3.1301839660
     965  0.4141500706 -3.1041069440
     966 -0.3310631881 -3.1140644448
     967  0.6978460352 -3.0528693244
     968  0.9756266973 -2.9757608688
     969  0.2611281458 -3.1207070180
     970  1.1289789753 -2.9210283590
     971  2.1061220546 -2.3175957567
     972  2.0858118269 -2.3358915264
     973  2.8007790016 -1.4009415351
     974  3.1176568347 -0.2953236554
     975  3.1117197896 -0.3524204188
     976  3.0146322296  0.8479343850
     977  2.5065664121  1.8772653042
     978  2.5569769111  1.8080014593
     979  1.6709309933  2.6485826052
     980  0.6149553880  3.0706400101
     981  0.7066101339  3.0508527200
     982 -0.4810553796  3.0944443641
     983 -1.5181155370  2.7390373157
     984 -1.5331951880  2.7306249680
     985 -2.1467253975  2.2800373393
     986 -2.6240313247  1.7092278396
     987 -2.8948566914  1.1944894042
     988 -3.0658220665  0.6385415079
     989 -2.9357252189  1.0901915609
     990 -2.2474402591  2.1808283936
     991 -2.7834585940  1.4350464997
     992 -2.7072175109  1.5741580447
     993 -3.0539674187  0.6930246791
     994 -3.1302295316 -0.0930767440
     995 -3.1195480052  0.2746278277
     996 -3.1314591095 -0.0310490888
     997 -3.0589900865 -0.6705071598
     998 -3.1133042858 -0.3381369914
     999 -3.0195224207 -0.8303520649
    1000 -2.7541204508 -1.4905773187
    1001 -2.9353356488 -1.0912400421
    1002 -2.8979137260 -1.1870535951
    1003 -2.6503251029 -1.6681657740
    1004 -2.6459186989 -1.6751460950
    1005 -1.2400396652 -2.8756393775
    1006 -2.0304435159 -2.3841768662
    1007 -2.3478715672 -2.0723173754
    1008 -1.9844140947 -2.4226227319
    1009 -1.6280600375 -2.6751487276
    1010 -2.4146659103 -1.9940884489
    1011 -0.7632055723 -3.0371890713
    1012 -0.2666444095 -3.1202405291
    1013 -1.0790501472 -2.9398385977
    1014  0.1812716646 -3.1263622286
    1015  0.6254786729 -3.0685137494
    1016 -0.1843593723 -3.1261816682
    1017  0.9773860346 -2.9751834801
    1018  1.3160832828 -2.8416412500
    1019  0.5629856496 -3.0805920468
    1020  1.5783456379 -2.7047782253
    1021  1.8265248297 -2.5437781443
    1022  1.1548375239 -2.9109020069
    1023  2.0248670523 -2.3889147371
    1024  2.2101371232 -2.2186243704
    1025  1.6372484817 -2.6695350924
    1026  1.1543517865 -2.9110946658
    1027  2.1461319076 -2.2805959826
    1028  2.1262074079 -2.2991829547
    1029  2.8392749988 -1.3211804123
    1030  3.1268289399 -0.1730346250
    1031  3.1228415565 -0.2342238541
    1032  2.9672875200  1.0011018800
    1033  2.3829228851  2.0319150386
    1034  2.4459660341  1.9555690631
    1035  1.4714925952  2.7643642566
    1036  0.3549203439  3.1114356413
    1037  0.4853666704  3.0937710639
    1038 -0.7680034651  3.0359793936
    1039 -1.7917329192  2.5684028786
    1040 -1.6571219716  2.6572442440
    1041 -2.5287443867  1.8472823356
    1042 -2.9916080905  0.9258948285
    1043 -2.8987332398  1.1850509716
    1044 -3.1316128855  0.0009676070
    1045 -2.9921796767 -0.9240459853
    1046 -3.0892721804 -0.5132227548
    1047 -2.6264419515 -1.7055212916
    1048 -2.0935330893 -2.3289738952
    1049 -2.4598100952 -1.9381265429
    1050 -1.4960632826 -2.7511442810
    1051 -0.8169501766 -3.0231759144
    1052 -1.4325090509 -2.7847653437
    1053 -0.2172225306 -3.1240701933
    1054  0.3906987846 -3.1071457417
    1055 -0.4401611415 -3.1005254990
    1056  0.9181249411 -2.9940018025
    1057  1.4183110899 -2.7920232544
    1058  0.5987610518 -3.0738388708
    1059  1.7987690852 -2.5634800524
    1060  2.1431008659 -2.2834445208
    1061  1.4388694837 -2.7814842817
    1062  2.3802408987 -2.0350561331
    1063  2.5887594962 -1.7621930858
    1064  2.0256483818 -2.3882522551
    1065  2.7206040860 -1.5509073499
    1066  2.8352421361 -1.3298128553
    1067  2.4086195432 -2.0013875429
    1068  2.9086747118 -1.1604359618
    1069  2.9719982357 -0.9870292232
    1070  2.6632387196 -1.6474707048
    1071  1.1737545505 -2.9033257578
    1072  2.1743853577 -2.2536744479
    1073  2.1603005699 -2.2671792272
    1074  2.8743167820 -1.2431022635
    1075  3.1312139814 -0.0499920330
    1076  3.1296262098 -0.1115346932
    1077  2.9030313908  1.1744824157
    1078  2.2269673313  2.2017303890
    1079  2.3065097074  2.1182571067
    1080  1.1962303089  2.8941377384
    1081  0.0012861647  3.1316127708
    1082  0.1783883966  3.1265280713
    1083 -1.1913686520  2.8961424233
    1084 -2.1816900727  2.2466037985
    1085 -1.9932151435  2.4153868411
    1086 -2.8524895634  1.2924022173
    1087 -3.1252974696  0.1987861339
    1088 -3.0799841980  0.5663016342
    1089 -3.0029496778 -0.8884218779
    1090 -2.5420702619 -1.8289010318
    1091 -2.8038672042 -1.3947504802
    1092 -1.8356772592 -2.5371813496
    1093 -0.9933323980 -2.9698974642
    1094 -1.5763516373 -2.7059408190
    1095 -0.1196439235 -3.1293266899
    1096  0.7060770453 -3.0509761400
    1097 -0.0571526704 -3.1310914667
    1098  1.4216357735 -2.7903318670
    1099  2.0051936180 -2.4054518817
    1100  1.2482669404 -2.8720776184
    1101  2.4432655872 -1.9589419264
    1102  2.7535322569 -1.4916636051
    1103  2.1849034377 -2.2434788095
    1104  2.9509160031 -1.0483772904
    1105  3.0647102697 -0.6438564772
    1106  2.7299052040 -1.5344763856
    1107  3.1170146453 -0.3020263263
    1108  3.1315462785 -0.0204476405
    1109  2.9897982939 -0.9317222561
    1110  3.1257712184  0.1911922870
    1111  3.1129880947  0.3410356620
    1112  3.0892226686 -0.5135206953
    1113  3.1023608540  0.4270331746
    1114  3.0982871814  0.4556498025
    1115  3.1196831204 -0.2730886830
    1116 -0.9069244479 -2.9974135928
    1117 -0.4635044515 -3.0971218614
    1118  0.0000000000 -3.1316130349
    1119  0.0000000000 -3.1316130349
    1120  0.0000000000 -3.1316130349
    1121 -0.6207129090 -3.0694813381
    1122 -1.2167985329 -2.8855504728
    1123 -1.0633320128 -2.9455602576
    1124 -1.7191028222 -2.6175724799
    1125 -1.3429006210 -2.8290666523
    1126 -1.6871732378 -2.6382658445
    1127 -2.1089664040 -2.3150077553
    1128 -1.9200026187 -2.4739826485
    1129 -2.2764318390 -2.1505483680
    1130 -2.0344120512 -2.3807914244
    1131 -2.4459336816 -1.9556095279
    1132 -2.6847576604 -1.6121651607
    1133 -2.4951582640 -1.8924020287
    1134 -2.5579388331 -1.8066402870
    1135 -2.4461096766 -1.9553893860
    1136 -2.8662440726 -1.2616041839
    1137 -3.0021858725 -0.8909995440
    1138 -2.8175071677 -1.3669870374
    1139 -2.6162250404 -1.7211527353
    1140 -3.0714602650 -0.6108453494
    1141  0.0000000000 -3.1316130349
    1142  0.0000000000 -3.1316130349
    1143 -0.8650446492 -3.0097670932
    1144 -1.6627718321 -2.6537125004
    1145 -1.4444440117 -2.7785934747
    1146 -2.1340651082 -2.2918914273
    1147 -2.5285383132 -1.8475643965
    1148 -2.3305017427 -2.0918321701
    1149 -2.8218548578 -1.3579894558
    1150 -2.9992229441 -0.9009228225
    1151 -2.8641535736 -1.2663429660
    1152 -3.1174817778 -0.2971658895
    1153 -3.1154194018  0.3180599814
    1154 -3.1179689994 -0.2920094512
    1155 -3.0476125234  0.7204568743
    1156  0.0000000000 -3.1316130349
    1157  0.0000000000 -3.1316130349
    1158 -0.8371405645 -3.0176474075
    1159 -1.6133534461 -2.6840437512
    1160 -1.6381327479 -2.6689925629
    1161 -2.0978487848 -2.3250872407
    1162 -2.4693321671 -1.9259799711
    1163 -2.6990153890 -1.5881801316
    1164 -2.8827744526 -1.2233608037
    1165 -2.7235975192 -1.5456444462
    1166 -2.1638279480 -2.2638128925
    1167 -2.6084793660 -1.7328691807
    1168 -2.5407411744 -1.8307469748
    1169 -2.8803293172 -1.2291066777
    1170 -3.0559401403 -0.6842733805
    1171 -2.9815660738 -0.9577389770
    1172 -3.0364305081 -0.7662179652
    1173 -3.1129608119 -0.3412846090
    1174 -3.0688757465 -0.6237001309
    1175 -3.1280818449 -0.1486747205
    1176 -3.1135017402  0.3363140117
    1177 -3.1316120371 -0.0024999564
    1178 -3.1314485705  0.0320944107
    1179 -3.1053119785  0.4050156995
    1180 -3.1106693568  0.3615748243
    1181 -2.6118840696  1.7277331413
    1182 -2.9491177538  1.0534252107
    1183 -3.0290214565  0.7950026522
    1184 -2.9039583259  1.1721886546
    1185 -2.7718735460  1.4572979261
    1186 -3.0376188489  0.7614932237
    1187 -2.3814025089  2.0336967058
    1188  0.0000000000 -3.1316130349
    1189  0.0000000000 -3.1316130349
    1190 -0.9425823092 -2.9863922701
    1191 -1.7977423369 -2.5642002049
    1192 -1.7066001960 -2.6257410328
    1193 -2.3855610344 -2.0288170820
    1194 -2.8196035490 -1.3626577073
    1195 -2.7203456782 -1.5513605615
    1196 -3.0444573321 -0.7336755096
    1197 -3.1308010038 -0.0713111140
    1198 -3.1085158688 -0.3796436406
    1199 -3.0836538812  0.5459660629
    1200 -2.9385477528  1.0825605319
    1201 -3.0489416037  0.7148113721
    1202 -2.7130864888  1.5640210693
    1203 -2.4094338099  2.0004071876
    1204 -2.6887775337  1.6054518288
    1205 -2.0620226535  2.3569180675
    1206 -1.6625107614  2.6538760651
    1207 -2.1867891632  2.2416407733
    1208 -1.2691733817  2.8629004747
    1209  0.0000000000 -3.1316130349
    1210  0.0000000000 -3.1316130349
    1211 -1.1817371481 -2.9000857769
    1212 -2.1887372557 -2.2397386959
    1213 -1.9998297017 -2.4099131447
    1214 -2.7119177941 -1.5660466401
    1215 -3.0339026218 -0.7761669162
    1216 -2.9414065892 -1.0747685694
    1217 -3.1306666492 -0.0769839740
    1218 -3.0683849983  0.6261099768
    1219 -3.1191466488  0.2791493937
    1220 -2.8654179834  1.2634793156
    1221 -2.5697130824  1.7898533110
    1222 -2.7767427115  1.4479986585
    1223 -2.1726644352  2.2553335569
    1224 -1.6926876178  2.6347312632
    1225 -2.0754377511  2.3451137162
    1226 -1.0500860773  2.9503083620
    1227 -0.3526049954  3.1116988797
    1228 -1.0332343781  2.9562521747
    1229  0.1235205947  3.1291760678
    1230  0.0000000000 -3.1316130349
    1231  0.0000000000 -3.1316130349
    1232 -1.0719491298 -2.9424352607
    1233 -2.0143849768 -2.3977600726
    1234 -2.1030470256 -2.3203864783
    1235 -2.6351919604 -1.6919703107
    1236 -2.9474638782 -1.0580438967
    1237 -3.0912375760 -0.5012488896
    1238 -3.1307749575  0.0724456064
    1239 -3.1114059580 -0.3551804686
    1240 -2.6327341214 -1.6957922181
    1241 -3.0161547613 -0.8425026152
    1242 -2.9837562404 -0.9508937368
    1243 -3.1306536748 -0.0775097997
    1244 -3.0541510857  0.6922148123
    1245 -3.1079504743  0.3842447789
    1246 -3.0462787839  0.7260755960
    1247 -2.8268569568  1.3475458977
    1248 -2.9696110266  0.9941883882
    1249 -2.8202457335  1.3613281027
    1250 -2.4418563016  1.9606983458
    1251 -2.6521357113  1.6652856721
    1252 -2.4818802457  1.9097828795
    1253 -2.0702193925  2.3497216574
    1254 -2.3367953120  2.0847992398
    1255 -1.9563439702  2.4453462885
    1256 -1.4273440451  2.7874162190
    1257 -1.7624208630  2.5886044314
    1258 -1.6079326455  2.6872947007
    1259 -1.0919199656  2.9350827909
    1260 -1.4003794656  2.8010600766
    1261 -0.8745440024  3.0070206166
    1262 -0.2901924576  3.1181386336
    1263 -0.6970911332  3.0530417869
    1264 -0.6659325609  3.0599892197
    1265 -0.2265672519  3.1234063906
    1266 -0.2896438166  3.1181896447
    1267  1.2857729340  2.8554838754
    1268  0.4838528389  3.0940081821
    1269  0.2522579402  3.1214365495
    1270  0.7251820096  3.0464916303
    1271  1.0100040062  2.9642692368
    1272  0.2204252727  3.1238458508
    1273  1.6120848579  2.6848058797
    1274  0.0000000000 -3.1316130349
    1275  0.0000000000 -3.1316130349
    1276 -1.0958031397 -2.9336352329
    1277 -2.0530526015 -2.3647357603
    1278 -2.0337857374 -2.3813264738
    1279 -2.7748672960 -1.4515893670
    1280 -3.1133292902 -0.3379066906
    1281 -3.0751090974 -0.5922028703
    1282 -3.0881259249  0.5200754491
    1283 -2.8309229676  1.3389829544
    1284 -2.9602540962  1.0217122327
    1285 -2.4369899630  1.9667435321
    1286 -1.9065669717  2.4843515417
    1287 -2.1899188915  2.2385833577
    1288 -1.3002344396  2.8489279743
    1289 -0.6810961990  3.0566498276
    1290 -1.0627798594  2.9457595236
    1291 -0.0362651899  3.1314030460
    1292  0.6101233232  3.0716037718
    1293  0.1616487491  3.1274382300
    1294  1.2801279628  2.8580189992
    1295  1.8855783016  2.5003189135
    1296  1.3336374977  2.8334451160
    1297  2.1858112924  2.2425943001
    1298  2.4511493706  1.9490682296
    1299  1.9226399704  2.4719336044
    1300  2.6553458549  1.6601622184
    1301  0.0000000000 -3.1316130349
    1302  0.0000000000 -3.1316130349
    1303 -1.0648282496 -2.9450196943
    1304 -2.0027611083 -2.4074775479
    1305 -2.0280193877 -2.3862392092
    1306 -2.6872710586 -1.6079721571
    1307 -3.0682367349 -0.6268361343
    1308 -3.0941575447 -0.4828967684
    1309 -3.1119105386  0.3507320923
    1310 -2.9600129715  1.0224105874
    1311 -2.7082202618  1.5724322605
    1312 -2.3553791025  2.0637803866
    1313 -2.6183514060  1.7179162131
    1314 -3.1193783718  0.2765479598
    1315 -2.9101035502  1.1568481005
    1316 -2.9358278226  1.0899152246
    1317 -2.4964550016  1.8906910444
    1318 -1.9021619088  2.4877259240
    1319 -2.1392978162  2.2870078825
    1320 -1.8406680558  2.5335629673
    1321 -1.2348114804  2.8778882550
    1322 -1.5829663392  2.7020765662
    1323 -1.2434334823  2.8741735118
    1324 -0.5107497023  3.0896820131
    1325 -0.8791800872  3.0056684074
    1326 -0.5635092521  3.0804963112
    1327  0.0864473614  3.1304196291
    1328 -0.2996021006  3.1172485916
    1329  0.2169417984  3.1240897005
    1330  0.8854797830  3.0038185289
    1331  0.4900704116  3.0930294522
    1332  0.6836041731  3.0560899095
    1333  1.2555163368  2.8689159849
    1334  0.9383091819  2.9877376190
    1335  1.4863509851  2.7564036261
    1336  2.0232271675  2.3903037525
    1337  1.6567443604  2.6574796942
    1338  1.6485727249  2.6625566982
    1339  2.0085006440  2.4026912752
    1340  1.9476498058  2.4522765820
    1341  2.8907966833  1.2042818344
    1342  2.4745434517  1.9192797884
    1343  2.3501202620  2.0697668842
    1344  2.6372126524  1.6888190035
    1345  2.7746022859  1.4520958493
    1346  2.3564675278  2.0625375126
    1347  3.0000724887  0.8980897858
    1348  3.0770147919  0.5822200365
    1349  2.8473167964  1.3037588970
    1350  3.1208242908  0.2597228262
    1351  0.0000000000 -3.1316130349
    1352  0.0000000000 -3.1316130349
    1353 -1.0568256585 -2.9479009020
    1354 -1.9896541831 -2.4183209944
    1355 -1.9962149964 -2.4129081808
    1356 -2.6803578191 -1.6194697163
    1357 -3.0662552626 -0.6364580622
    1358 -3.0672494338 -0.6316495162
    1359 -3.1073974419  0.3886918300
    1360 -2.8150112433  1.3721194921
    1361 -2.8645797681  1.2653785807
    1362 -2.1726171178  2.2553791389
    1363 -1.2659686011  2.8643190642
    1364 -1.5952173301  2.6948621245
    1365 -0.5099990490  3.0898060086
    1366  0.2783378234  3.1192191742
    1367 -0.1171410388  3.1294213806
    1368  1.0173940411  2.9617409687
    1369  1.6554605248  2.6582796413
    1370  1.2821650334  2.8571057082
    1371  2.2754880160  2.1515469991
    1372  2.7467370501  1.5041395475
    1373  2.4257911209  1.9805397342
    1374  2.9588771062  1.0256931663
    1375  3.0883745223  0.5185971567
    1376  2.9219759519  1.1265241840
    1377  3.1280679132  0.1489675508
    1378  3.1236801338 -0.2227613578
    1379  3.0907274110  0.5043850427
    1380  3.0818919847 -0.5558255080
    1381  3.0046930435 -0.8825077422
    1382  3.1278027223 -0.1544355248
    1383  2.9004378535 -1.1808727529
    1384  0.0000000000 -3.1316130349
    1385  0.0000000000 -3.1316130349
    1386 -1.0634321907 -2.9455240920
    1387 -2.0004778718 -2.4093751233
    1388 -1.9950711020 -2.4138540757
    1389 -2.6943184086 -1.5961354935
    1390 -3.0742000429 -0.5969039258
    1391 -3.0702916427 -0.6166923297
    1392 -3.0989517139  0.4511080534
    1393 -2.7764457555  1.4485679714
    1394 -2.7959892874  1.4104765526
    1395 -2.1689335151  2.2589217799
    1396 -1.3345678362  2.8330070405
    1397 -1.3003628110  2.8488693828
    1398 -0.6151274350  3.0706055493
    1399  0.0649491197  3.1309394457
    1400  0.5970824424  3.0741653758
    1401  1.1117787768  2.9276181705
    1402  0.7016293575  3.0520020389
    1403 -0.5185711625  3.0883788871
    1404  0.3360795740  3.1135270547
    1405  0.2007028914  3.1251749631
    1406  1.0375755022  2.9547313377
    1407  1.6843369103  2.6400775317
    1408  1.4054324313  2.7985281634
    1409  1.6652083436  2.6521842645
    1410  2.1308254460  2.2949037277
    1411  1.9018402619  2.4879718284
    1412  2.2133818529  2.2153873192
    1413  2.6191754858  1.7166595397
    1414  2.3925330003  2.0205905184
    1415  2.4644350512  1.9322422413
    1416  2.7370258985  1.5217389499
    1417  2.7418966767  1.5129450799
    1418  3.1309589884 -0.0640001077
    1419  3.0416431702  0.7452563491
    1420  2.9227713143  1.1244590010
    1421  3.0511963175  0.7051249769
    1422  3.1149074528  0.3230352324
    1423  2.8799435019  1.2300104172
    1424  3.0924549733 -0.4936825283
    1425  2.9952647783 -0.9139962300
    1426  3.1250197832 -0.2031047888
    1427  2.8614639264 -1.2724088959
    1428  2.6849593490 -1.6118292388
    1429  2.9862102870 -0.9431586941
    1430  2.4978357942 -1.8888664711
    1431  2.2822458130 -2.1443773571
    1432  2.7177220915 -1.5559520668
    1433  2.0567469233 -2.3615232995
    1434  0.0000000000 -3.1316130349
    1435  0.0000000000 -3.1316130349
    1436 -1.0801778275 -2.9394244439
    1437 -2.0277713272 -2.3864500089
    1438 -2.0141571565 -2.3979514485
    1439 -2.7237104676 -1.5454454016
    1440 -3.0886994184 -0.5166585944
    1441 -3.0817109631 -0.5568282867
    1442 -3.0807681383  0.5620212439
    1443 -2.7072997997  1.5740165168
    1444 -2.7425908556  1.5116863429
    1445 -2.0312763671  2.3834673317
    1446 -1.1248817482  2.9226086384
    1447 -1.2305389042  2.8797177303
    1448 -0.1600144754  3.1275222730
    1449  0.8207315573  3.0221515368
    1450  0.5802057165  3.0773952504
    1451  1.5869657098  2.6997296228
    1452  2.2413710447  2.1870656233
    1453  1.9758794325  2.4295885801
    1454  2.7021707846  1.5828055002
    1455  2.9917338827  0.9254882903
    1456  2.8332079985  1.3341411611
    1457  3.1212452728  0.2546137223
    1458  3.1021747867 -0.4283827653
    1459  3.1284507240  0.1406992125
    1460  2.9861725111 -0.9432782911
    1461  2.7853447770 -1.4313820852
    1462  3.0361317416 -0.7674009696
    1463  2.5470065660 -1.8220202395
    1464  2.2542836013 -2.1737538144
    1465  2.6992937669 -1.5877069504
    1466  1.9716588151 -2.4330149440
    1467  1.6594590161 -2.6557853781
    1468  2.2340442784 -2.1945492391
    1469  1.3663108537 -2.8178351356
    1470  1.0575287240 -2.9476487577
    1471  1.7175095466 -2.6186181772
    1472  0.7661509522 -3.0364474175
    1473  0.0000000000 -3.1316130349
    1474  0.0000000000 -3.1316130349
    1475 -1.1034386019 -2.9307718185
    1476 -2.0653449080 -2.3540073517
    1477 -2.0466223911 -2.3703031428
    1478 -2.7618501444 -1.4762059411
    1479 -3.1047371182 -0.4093991056
    1480 -3.0971828703 -0.4630966085
    1481 -3.0502133863  0.7093648558
    1482 -2.6054752264  1.7373828148
    1483 -2.6576430747  1.6564822632
    1484 -1.8198696471  2.5485436367
    1485 -0.7976313927  3.0283302927
    1486 -0.9627085607  2.9799651723
    1487  0.4053256797  3.1052715331
    1488  1.5482281978  2.7221296163
    1489  1.1939395800  2.8950835014
    1490  2.2268963085  2.2018022236
    1491  2.7394995399  1.5172812763
    1492  2.5128522243  1.8688429306
    1493  3.0377746955  0.7608712771
    1494  3.1316124857 -0.0018546652
    1495  3.0965843497  0.4670819688
    1496  3.0063285903 -0.8769199550
    1497  2.6414954916 -1.6821122936
    1498  2.9394548826 -1.0800949930
    1499  2.2704083701 -2.1569065890
    1500  1.8152558297 -2.5518319838
    1501  2.3675384133 -2.0498200073
    1502  1.4143492753 -2.7940322704
    1503  0.9818073681 -2.9737273736
    1504  1.6667508659 -2.6512151462
    1505  0.6084981468 -3.0719261394
    1506  0.2259481683 -3.1234512364
    1507  0.9712712662 -2.9771853029
    1508 -0.0945967199 -3.1301839660
    1509 -0.4141500706 -3.1041069440
    1510  0.3310631881 -3.1140644448
    1511 -0.6978460352 -3.0528693244
    1512  0.0000000000 -3.1316130349
    1513  0.0000000000 -3.1316130349
    1514 -1.1289789753 -2.9210283590
    1515 -2.1061220546 -2.3175957567
    1516 -2.0858118269 -2.3358915264
    1517 -2.8007790016 -1.4009415351
    1518 -3.1176568347 -0.2953236554
    1519 -3.1117197896 -0.3524204188
    1520 -3.0146322296  0.8479343850
    1521 -2.5065664121  1.8772653042
    1522 -2.5569769111  1.8080014593
    1523 -1.6709309933  2.6485826052
    1524 -0.6149553880  3.0706400101
    1525 -0.7066101339  3.0508527200
    1526  0.4810553796  3.0944443641
    1527  1.5181155370  2.7390373157
    1528  1.5331951880  2.7306249680
    1529  2.1467253975  2.2800373393
    1530  2.6240313247  1.7092278396
    1531  2.8948566914  1.1944894042
    1532  3.0658220665  0.6385415079
    1533  2.9357252189  1.0901915609
    1534  2.2474402591  2.1808283936
    1535  2.7834585940  1.4350464997
    1536  2.7072175109  1.5741580447
    1537  3.0539674187  0.6930246791
    1538  3.1302295316 -0.0930767440
    1539  3.1195480052  0.2746278277
    1540  3.1314591095 -0.0310490888
    1541  3.0589900865 -0.6705071598
    1542  3.1133042858 -0.3381369914
    1543  3.0195224207 -0.8303520649
    1544  2.7541204508 -1.4905773187
    1545  2.9353356488 -1.0912400421
    1546  2.8979137260 -1.1870535951
    1547  2.6503251029 -1.6681657740
    1548  2.6459186989 -1.6751460950
    1549  1.2400396652 -2.8756393775
    1550  2.0304435159 -2.3841768662
    1551  2.3478715672 -2.0723173754
    1552  1.9844140947 -2.4226227319
    1553  1.6280600375 -2.6751487276
    1554  2.4146659103 -1.9940884489
    1555  0.7632055723 -3.0371890713
    1556  0.2666444095 -3.1202405291
    1557  1.0790501472 -2.9398385977
    1558 -0.1812716646 -3.1263622286
    1559 -0.6254786729 -3.0685137494
    1560  0.1843593723 -3.1261816682
    1561 -0.9773860346 -2.9751834801
    1562 -1.3160832828 -2.8416412500
    1563 -0.5629856496 -3.0805920468
    1564 -1.5783456379 -2.7047782253
    1565 -1.8265248297 -2.5437781443
    1566 -1.1548375239 -2.9109020069
    1567 -2.0248670523 -2.3889147371
    1568  0.0000000000 -3.1316130349
    1569  0.0000000000 -3.1316130349
    1570 -1.1543517865 -2.9110946658
    1571 -2.1461319076 -2.2805959826
    1572 -2.1262074079 -2.2991829547
    1573 -2.8392749988 -1.3211804123
    1574 -3.1268289399 -0.1730346250
    1575 -3.1228415565 -0.2342238541
    1576 -2.9672875200  1.0011018800
    1577 -2.3829228851  2.0319150386
    1578 -2.4459660341  1.9555690631
    1579 -1.4714925952  2.7643642566
    1580 -0.3549203439  3.1114356413
    1581 -0.4853666704  3.0937710639
    1582  0.7680034651  3.0359793936
    1583  1.7917329192  2.5684028786
    1584  1.6571219716  2.6572442440
    1585  2.5287443867  1.8472823356
    1586  2.9916080905  0.9258948285
    1587  2.8987332398  1.1850509716
    1588  3.1316128855  0.0009676070
    1589  2.9921796767 -0.9240459853
    1590  3.0892721804 -0.5132227548
    1591  2.6264419515 -1.7055212916
    1592  2.0935330893 -2.3289738952
    1593  2.4598100952 -1.9381265429
    1594  1.4960632826 -2.7511442810
    1595  0.8169501766 -3.0231759144
    1596  1.4325090509 -2.7847653437
    1597  0.2172225306 -3.1240701933
    1598 -0.3906987846 -3.1071457417
    1599  0.4401611415 -3.1005254990
    1600 -0.9181249411 -2.9940018025
    1601 -1.4183110899 -2.7920232544
    1602 -0.5987610518 -3.0738388708
    1603 -1.7987690852 -2.5634800524
    1604 -2.1431008659 -2.2834445208
    1605 -1.4388694837 -2.7814842817
    1606 -2.3802408987 -2.0350561331
    1607 -2.5887594962 -1.7621930858
    1608 -2.0256483818 -2.3882522551
    1609 -2.7206040860 -1.5509073499
    1610 -2.8352421361 -1.3298128553
    1611 -2.4086195432 -2.0013875429
    1612 -2.9086747118 -1.1604359618
    1613  0.0000000000 -3.1316130349
    1614  0.0000000000 -3.1316130349
    1615 -1.1737545505 -2.9033257578
    1616 -2.1743853577 -2.2536744479
    1617 -2.1603005699 -2.2671792272
    1618 -2.8743167820 -1.2431022635
    1619 -3.1312139814 -0.0499920330
    1620 -3.1296262098 -0.1115346932
    1621 -2.9030313908  1.1744824157
    1622 -2.2269673313  2.2017303890
    1623 -2.3065097074  2.1182571067
    1624 -1.1962303089  2.8941377384
    1625 -0.0012861647  3.1316127708
    1626 -0.1783883966  3.1265280713
    1627  1.1913686520  2.8961424233
    1628  2.1816900727  2.2466037985
    1629  1.9932151435  2.4153868411
    1630  2.8524895634  1.2924022173
    1631  3.1252974696  0.1987861339
    1632  3.0799841980  0.5663016342
    1633  3.0029496778 -0.8884218779
    1634  2.5420702619 -1.8289010318
    1635  2.8038672042 -1.3947504802
    1636  1.8356772592 -2.5371813496
    1637  0.9933323980 -2.9698974642
    1638  1.5763516373 -2.7059408190
    1639  0.1196439235 -3.1293266899
    1640 -0.7060770453 -3.0509761400
    1641  0.0571526704 -3.1310914667
    1642 -1.4216357735 -2.7903318670
    1643 -2.0051936180 -2.4054518817
    1644 -1.2482669404 -2.8720776184
    1645 -2.4432655872 -1.9589419264
    1646 -2.7535322569 -1.4916636051
    1647 -2.1849034377 -2.2434788095
    1648 -2.9509160031 -1.0483772904
    1649 -3.0647102697 -0.6438564772
    1650 -2.7299052040 -1.5344763856
    1651 -3.1170146453 -0.3020263263
    1652 -3.1315462785 -0.0204476405
    1653 -2.9897982939 -0.9317222561
    1654 -3.1257712184  0.1911922870
    1655 -3.1129880947  0.3410356620
    1656 -3.0892226686 -0.5135206953
    1657 -3.1023608540  0.4270331746
    1658  0.4635044515 -3.0971218614
    1659  0.9069244479 -2.9974135928
    1660  1.0633320128 -2.9455602576
    1661  1.2167985329 -2.8855504728
    1662  0.6207129090 -3.0694813381
    1663  1.3429006210 -2.8290666523
    1664  1.7191028222 -2.6175724799
    1665  1.9200026187 -2.4739826485
    1666  2.1089664040 -2.3150077553
    1667  1.6871732378 -2.6382658445
    1668  2.0344120512 -2.3807914244
    1669  2.2764318390 -2.1505483680
    1670  2.4951582640 -1.8924020287
    1671  2.6847576604 -1.6121651607
    1672  2.4459336816 -1.9556095279
    1673  2.4461096766 -1.9553893860
    1674  2.5579388331 -1.8066402870
    1675  2.8175071677 -1.3669870374
    1676  3.0021858725 -0.8909995440
    1677  2.8662440726 -1.2616041839
    1678  2.6162250404 -1.7211527353
    1679  3.0714602650 -0.6108453494
    1680  1.4444440117 -2.7785934747
    1681  1.6627718321 -2.6537125004
    1682  0.8650446492 -3.0097670932
    1683  2.3305017427 -2.0918321701
    1684  2.5285383132 -1.8475643965
    1685  2.1340651082 -2.2918914273
    1686  2.8641535736 -1.2663429660
    1687  2.9992229441 -0.9009228225
    1688  2.8218548578 -1.3579894558
    1689  3.1179689994 -0.2920094512
    1690  3.1154194018  0.3180599814
    1691  3.1174817778 -0.2971658895
    1692  3.0476125234  0.7204568743
    1693  1.6381327479 -2.6689925629
    1694  1.6133534461 -2.6840437512
    1695  0.8371405645 -3.0176474075
    1696  2.7235975192 -1.5456444462
    1697  2.8827744526 -1.2233608037
    1698  2.6990153890 -1.5881801316
    1699  2.4693321671 -1.9259799711
    1700  2.0978487848 -2.3250872407
    1701  2.5407411744 -1.8307469748
    1702  2.6084793660 -1.7328691807
    1703  2.1638279480 -2.2638128925
    1704  2.9815660738 -0.9577389770
    1705  3.0559401403 -0.6842733805
    1706  2.8803293172 -1.2291066777
    1707  3.0688757465 -0.6237001309
    1708  3.1129608119 -0.3412846090
    1709  3.0364305081 -0.7662179652
    1710  3.1316120371 -0.0024999564
    1711  3.1135017402  0.3363140117
    1712  3.1280818449 -0.1486747205
    1713  3.1106693568  0.3615748243
    1714  3.1053119785  0.4050156995
    1715  3.1314485705  0.0320944107
    1716  2.9491177538  1.0534252107
    1717  2.6118840696  1.7277331413
    1718  2.7718735460  1.4572979261
    1719  2.9039583259  1.1721886546
    1720  3.0290214565  0.7950026522
    1721  3.0376188489  0.7614932237
    1722  2.3814025089  2.0336967058
    1723  1.7066001960 -2.6257410328
    1724  1.7977423369 -2.5642002049
    1725  0.9425823092 -2.9863922701
    1726  2.7203456782 -1.5513605615
    1727  2.8196035490 -1.3626577073
    1728  2.3855610344 -2.0288170820
    1729  3.1085158688 -0.3796436406
    1730  3.1308010038 -0.0713111140
    1731  3.0444573321 -0.7336755096
    1732  3.0489416037  0.7148113721
    1733  2.9385477528  1.0825605319
    1734  3.0836538812  0.5459660629
    1735  2.6887775337  1.6054518288
    1736  2.4094338099  2.0004071876
    1737  2.7130864888  1.5640210693
    1738  2.1867891632  2.2416407733
    1739  1.6625107614  2.6538760651
    1740  2.0620226535  2.3569180675
    1741  1.2691733817  2.8629004747
    1742  1.9998297017 -2.4099131447
    1743  2.1887372557 -2.2397386959
    1744  1.1817371481 -2.9000857769
    1745  2.9414065892 -1.0747685694
    1746  3.0339026218 -0.7761669162
    1747  2.7119177941 -1.5660466401
    1748  3.1191466488  0.2791493937
    1749  3.0683849983  0.6261099768
    1750  3.1306666492 -0.0769839740
    1751  2.7767427115  1.4479986585
    1752  2.5697130824  1.7898533110
    1753  2.8654179834  1.2634793156
    1754  2.0754377511  2.3451137162
    1755  1.6926876178  2.6347312632
    1756  2.1726644352  2.2553335569
    1757  1.0332343781  2.9562521747
    1758  0.3526049954  3.1116988797
    1759  1.0500860773  2.9503083620
    1760 -0.1235205947  3.1291760678
    1761  2.1030470256 -2.3203864783
    1762  2.0143849768 -2.3977600726
    1763  1.0719491298 -2.9424352607
    1764  3.1114059580 -0.3551804686
    1765  3.1307749575  0.0724456064
    1766  3.0912375760 -0.5012488896
    1767  2.9474638782 -1.0580438967
    1768  2.6351919604 -1.6919703107
    1769  2.9837562404 -0.9508937368
    1770  3.0161547613 -0.8425026152
    1771  2.6327341214 -1.6957922181
    1772  3.1079504743  0.3842447789
    1773  3.0541510857  0.6922148123
    1774  3.1306536748 -0.0775097997
    1775  2.9696110266  0.9941883882
    1776  2.8268569568  1.3475458977
    1777  3.0462787839  0.7260755960
    1778  2.6521357113  1.6652856721
    1779  2.4418563016  1.9606983458
    1780  2.8202457335  1.3613281027
    1781  2.3367953120  2.0847992398
    1782  2.0702193925  2.3497216574
    1783  2.4818802457  1.9097828795
    1784  1.7624208630  2.5886044314
    1785  1.4273440451  2.7874162190
    1786  1.9563439702  2.4453462885
    1787  1.4003794656  2.8010600766
    1788  1.0919199656  2.9350827909
    1789  1.6079326455  2.6872947007
    1790  0.6970911332  3.0530417869
    1791  0.2901924576  3.1181386336
    1792  0.8745440024  3.0070206166
    1793  0.2896438166  3.1181896447
    1794  0.2265672519  3.1234063906
    1795  0.6659325609  3.0599892197
    1796 -0.4838528389  3.0940081821
    1797 -1.2857729340  2.8554838754
    1798 -1.0100040062  2.9642692368
    1799 -0.7251820096  3.0464916303
    1800 -0.2522579402  3.1214365495
    1801 -0.2204252727  3.1238458508
    1802 -1.6120848579  2.6848058797
    1803  2.0337857374 -2.3813264738
    1804  2.0530526015 -2.3647357603
    1805  1.0958031397 -2.9336352329
    1806  3.0751090974 -0.5922028703
    1807  3.1133292902 -0.3379066906
    1808  2.7748672960 -1.4515893670
    1809  2.9602540962  1.0217122327
    1810  2.8309229676  1.3389829544
    1811  3.0881259249  0.5200754491
    1812  2.1899188915  2.2385833577
    1813  1.9065669717  2.4843515417
    1814  2.4369899630  1.9667435321
    1815  1.0627798594  2.9457595236
    1816  0.6810961990  3.0566498276
    1817  1.3002344396  2.8489279743
    1818 -0.1616487491  3.1274382300
    1819 -0.6101233232  3.0716037718
    1820  0.0362651899  3.1314030460
    1821 -1.3336374977  2.8334451160
    1822 -1.8855783016  2.5003189135
    1823 -1.2801279628  2.8580189992
    1824 -1.9226399704  2.4719336044
    1825 -2.4511493706  1.9490682296
    1826 -2.1858112924  2.2425943001
    1827 -2.6553458549  1.6601622184
    1828  2.0280193877 -2.3862392092
    1829  2.0027611083 -2.4074775479
    1830  1.0648282496 -2.9450196943
    1831  3.0941575447 -0.4828967684
    1832  3.0682367349 -0.6268361343
    1833  2.6872710586 -1.6079721571
    1834  2.6183514060  1.7179162131
    1835  2.3553791025  2.0637803866
    1836  2.7082202618  1.5724322605
    1837  2.9600129715  1.0224105874
    1838  3.1119105386  0.3507320923
    1839  2.9358278226  1.0899152246
    1840  2.9101035502  1.1568481005
    1841  3.1193783718  0.2765479598
    1842  2.1392978162  2.2870078825
    1843  1.9021619088  2.4877259240
    1844  2.4964550016  1.8906910444
    1845  1.5829663392  2.7020765662
    1846  1.2348114804  2.8778882550
    1847  1.8406680558  2.5335629673
    1848  0.8791800872  3.0056684074
    1849  0.5107497023  3.0896820131
    1850  1.2434334823  2.8741735118
    1851  0.2996021006  3.1172485916
    1852 -0.0864473614  3.1304196291
    1853  0.5635092521  3.0804963112
    1854 -0.4900704116  3.0930294522
    1855 -0.8854797830  3.0038185289
    1856 -0.2169417984  3.1240897005
    1857 -0.9383091819  2.9877376190
    1858 -1.2555163368  2.8689159849
    1859 -0.6836041731  3.0560899095
    1860 -1.6567443604  2.6574796942
    1861 -2.0232271675  2.3903037525
    1862 -1.4863509851  2.7564036261
    1863 -1.9476498058  2.4522765820
    1864 -2.0085006440  2.4026912752
    1865 -1.6485727249  2.6625566982
    1866 -2.4745434517  1.9192797884
    1867 -2.8907966833  1.2042818344
    1868 -2.7746022859  1.4520958493
    1869 -2.6372126524  1.6888190035
    1870 -2.3501202620  2.0697668842
    1871 -2.3564675278  2.0625375126
    1872 -2.8473167964  1.3037588970
    1873 -3.0770147919  0.5822200365
    1874 -3.0000724887  0.8980897858
    1875 -3.1208242908  0.2597228262
    1876  1.9962149964 -2.4129081808
    1877  1.9896541831 -2.4183209944
    1878  1.0568256585 -2.9479009020
    1879  3.0672494338 -0.6316495162
    1880  3.0662552626 -0.6364580622
    1881  2.6803578191 -1.6194697163
    1882  2.8645797681  1.2653785807
    1883  2.8150112433  1.3721194921
    1884  3.1073974419  0.3886918300
    1885  1.5952173301  2.6948621245
    1886  1.2659686011  2.8643190642
    1887  2.1726171178  2.2553791389
    1888  0.1171410388  3.1294213806
    1889 -0.2783378234  3.1192191742
    1890  0.5099990490  3.0898060086
    1891 -1.2821650334  2.8571057082
    1892 -1.6554605248  2.6582796413
    1893 -1.0173940411  2.9617409687
    1894 -2.4257911209  1.9805397342
    1895 -2.7467370501  1.5041395475
    1896 -2.2754880160  2.1515469991
    1897 -2.9219759519  1.1265241840
    1898 -3.0883745223  0.5185971567
    1899 -2.9588771062  1.0256931663
    1900 -3.0907274110  0.5043850427
    1901 -3.1236801338 -0.2227613578
    1902 -3.1280679132  0.1489675508
    1903 -3.1278027223 -0.1544355248
    1904 -3.0046930435 -0.8825077422
    1905 -3.0818919847 -0.5558255080
    1906 -2.9004378535 -1.1808727529
    1907  1.9950711020 -2.4138540757
    1908  2.0004778718 -2.4093751233
    1909  1.0634321907 -2.9455240920
    1910  3.0702916427 -0.6166923297
    1911  3.0742000429 -0.5969039258
    1912  2.6943184086 -1.5961354935
    1913  2.7959892874  1.4104765526
    1914  2.7764457555  1.4485679714
    1915  3.0989517139  0.4511080534
    1916  1.3003628110  2.8488693828
    1917  1.3345678362  2.8330070405
    1918  2.1689335151  2.2589217799
    1919 -0.7016293575  3.0520020389
    1920 -1.1117787768  2.9276181705
    1921 -0.5970824424  3.0741653758
    1922 -0.0649491197  3.1309394457
    1923  0.6151274350  3.0706055493
    1924 -0.2007028914  3.1251749631
    1925 -0.3360795740  3.1135270547
    1926  0.5185711625  3.0883788871
    1927 -1.4054324313  2.7985281634
    1928 -1.6843369103  2.6400775317
    1929 -1.0375755022  2.9547313377
    1930 -1.9018402619  2.4879718284
    1931 -2.1308254460  2.2949037277
    1932 -1.6652083436  2.6521842645
    1933 -2.3925330003  2.0205905184
    1934 -2.6191754858  1.7166595397
    1935 -2.2133818529  2.2153873192
    1936 -2.7418966767  1.5129450799
    1937 -2.7370258985  1.5217389499
    1938 -2.4644350512  1.9322422413
    1939 -3.0416431702  0.7452563491
    1940 -3.1309589884 -0.0640001077
    1941 -3.1149074528  0.3230352324
    1942 -3.0511963175  0.7051249769
    1943 -2.9227713143  1.1244590010
    1944 -2.8799435019  1.2300104172
    1945 -3.1250197832 -0.2031047888
    1946 -2.9952647783 -0.9139962300
    1947 -3.0924549733 -0.4936825283
    1948 -2.9862102870 -0.9431586941
    1949 -2.6849593490 -1.6118292388
    1950 -2.8614639264 -1.2724088959
    1951 -2.7177220915 -1.5559520668
    1952 -2.2822458130 -2.1443773571
    1953 -2.4978357942 -1.8888664711
    1954 -2.0567469233 -2.3615232995
    1955  2.0141571565 -2.3979514485
    1956  2.0277713272 -2.3864500089
    1957  1.0801778275 -2.9394244439
    1958  3.0817109631 -0.5568282867
    1959  3.0886994184 -0.5166585944
    1960  2.7237104676 -1.5454454016
    1961  2.7425908556  1.5116863429
    1962  2.7072997997  1.5740165168
    1963  3.0807681383  0.5620212439
    1964  1.2305389042  2.8797177303
    1965  1.1248817482  2.9226086384
    1966  2.0312763671  2.3834673317
    1967 -0.5802057165  3.0773952504
    1968 -0.8207315573  3.0221515368
    1969  0.1600144754  3.1275222730
    1970 -1.9758794325  2.4295885801
    1971 -2.2413710447  2.1870656233
    1972 -1.5869657098  2.6997296228
    1973 -2.8332079985  1.3341411611
    1974 -2.9917338827  0.9254882903
    1975 -2.7021707846  1.5828055002
    1976 -3.1284507240  0.1406992125
    1977 -3.1021747867 -0.4283827653
    1978 -3.1212452728  0.2546137223
    1979 -3.0361317416 -0.7674009696
    1980 -2.7853447770 -1.4313820852
    1981 -2.9861725111 -0.9432782911
    1982 -2.6992937669 -1.5877069504
    1983 -2.2542836013 -2.1737538144
    1984 -2.5470065660 -1.8220202395
    1985 -2.2340442784 -2.1945492391
    1986 -1.6594590161 -2.6557853781
    1987 -1.9716588151 -2.4330149440
    1988 -1.7175095466 -2.6186181772
    1989 -1.0575287240 -2.9476487577
    1990 -1.3663108537 -2.8178351356
    1991 -0.7661509522 -3.0364474175
    1992  2.0466223911 -2.3703031428
    1993  2.0653449080 -2.3540073517
    1994  1.1034386019 -2.9307718185
    1995  3.0971828703 -0.4630966085
    1996  3.1047371182 -0.4093991056
    1997  2.7618501444 -1.4762059411
    1998  2.6576430747  1.6564822632
    1999  2.6054752264  1.7373828148
    2000  3.0502133863  0.7093648558
    2001  0.9627085607  2.9799651723
    2002  0.7976313927  3.0283302927
    2003  1.8198696471  2.5485436367
    2004 -1.1939395800  2.8950835014
    2005 -1.5482281978  2.7221296163
    2006 -0.4053256797  3.1052715331
    2007 -2.5128522243  1.8688429306
    2008 -2.7394995399  1.5172812763
    2009 -2.2268963085  2.2018022236
    2010 -3.0965843497  0.4670819688
    2011 -3.1316124857 -0.0018546652
    2012 -3.0377746955  0.7608712771
    2013 -2.9394548826 -1.0800949930
    2014 -2.6414954916 -1.6821122936
    2015 -3.0063285903 -0.8769199550
    2016 -2.3675384133 -2.0498200073
    2017 -1.8152558297 -2.5518319838
    2018 -2.2704083701 -2.1569065890
    2019 -1.6667508659 -2.6512151462
    2020 -0.9818073681 -2.9737273736
    2021 -1.4143492753 -2.7940322704
    2022 -0.9712712662 -2.9771853029
    2023 -0.2259481683 -3.1234512364
    2024 -0.6084981468 -3.0719261394
    2025 -0.3310631881 -3.1140644448
    2026  0.4141500706 -3.1041069440
    2027  0.0945967199 -3.1301839660
    2028  0.6978460352 -3.0528693244
    2029  2.0858118269 -2.3358915264
    2030  2.1061220546 -2.3175957567
    2031  1.1289789753 -2.9210283590
    2032  3.1117197896 -0.3524204188
    2033  3.1176568347 -0.2953236554
    2034  2.8007790016 -1.4009415351
    2035  2.5569769111  1.8080014593
    2036  2.5065664121  1.8772653042
    2037  3.0146322296  0.8479343850
    2038  0.7066101339  3.0508527200
    2039  0.6149553880  3.0706400101
    2040  1.6709309933  2.6485826052
    2041 -1.5331951880  2.7306249680
    2042 -1.5181155370  2.7390373157
    2043 -0.4810553796  3.0944443641
    2044 -2.9357252189  1.0901915609
    2045 -3.0658220665  0.6385415079
    2046 -2.8948566914  1.1944894042
    2047 -2.6240313247  1.7092278396
    2048 -2.1467253975  2.2800373393
    2049 -2.7072175109  1.5741580447
    2050 -2.7834585940  1.4350464997
    2051 -2.2474402591  2.1808283936
    2052 -3.1195480052  0.2746278277
    2053 -3.1302295316 -0.0930767440
    2054 -3.0539674187  0.6930246791
    2055 -3.1133042858 -0.3381369914
    2056 -3.0589900865 -0.6705071598
    2057 -3.1314591095 -0.0310490888
    2058 -2.9353356488 -1.0912400421
    2059 -2.7541204508 -1.4905773187
    2060 -3.0195224207 -0.8303520649
    2061 -2.6459186989 -1.6751460950
    2062 -2.6503251029 -1.6681657740
    2063 -2.8979137260 -1.1870535951
    2064 -2.0304435159 -2.3841768662
    2065 -1.2400396652 -2.8756393775
    2066 -1.6280600375 -2.6751487276
    2067 -1.9844140947 -2.4226227319
    2068 -2.3478715672 -2.0723173754
    2069 -2.4146659103 -1.9940884489
    2070 -1.0790501472 -2.9398385977
    2071 -0.2666444095 -3.1202405291
    2072 -0.7632055723 -3.0371890713
    2073 -0.1843593723 -3.1261816682
    2074  0.6254786729 -3.0685137494
    2075  0.1812716646 -3.1263622286
    2076  0.5629856496 -3.0805920468
    2077  1.3160832828 -2.8416412500
    2078  0.9773860346 -2.9751834801
    2079  1.1548375239 -2.9109020069
    2080  1.8265248297 -2.5437781443
    2081  1.5783456379 -2.7047782253
    2082  2.0248670523 -2.3889147371
    2083  2.1262074079 -2.2991829547
    2084  2.1461319076 -2.2805959826
    2085  1.1543517865 -2.9110946658
    2086  3.1228415565 -0.2342238541
    2087  3.1268289399 -0.1730346250
    2088  2.8392749988 -1.3211804123
    2089  2.4459660341  1.9555690631
    2090  2.3829228851  2.0319150386
    2091  2.9672875200  1.0011018800
    2092  0.4853666704  3.0937710639
    2093  0.3549203439  3.1114356413
    2094  1.4714925952  2.7643642566
    2095 -1.6571219716  2.6572442440
    2096 -1.7917329192  2.5684028786
    2097 -0.7680034651  3.0359793936
    2098 -2.8987332398  1.1850509716
    2099 -2.9916080905  0.9258948285
    2100 -2.5287443867  1.8472823356
    2101 -3.0892721804 -0.5132227548
    2102 -2.9921796767 -0.9240459853
    2103 -3.1316128855  0.0009676070
    2104 -2.4598100952 -1.9381265429
    2105 -2.0935330893 -2.3289738952
    2106 -2.6264419515 -1.7055212916
    2107 -1.4325090509 -2.7847653437
    2108 -0.8169501766 -3.0231759144
    2109 -1.4960632826 -2.7511442810
    2110 -0.4401611415 -3.1005254990
    2111  0.3906987846 -3.1071457417
    2112 -0.2172225306 -3.1240701933
    2113  0.5987610518 -3.0738388708
    2114  1.4183110899 -2.7920232544
    2115  0.9181249411 -2.9940018025
    2116  1.4388694837 -2.7814842817
    2117  2.1431008659 -2.2834445208
    2118  1.7987690852 -2.5634800524
    2119  2.0256483818 -2.3882522551
    2120  2.5887594962 -1.7621930858
    2121  2.3802408987 -2.0350561331
    2122  2.4086195432 -2.0013875429
    2123  2.8352421361 -1.3298128553
    2124  2.7206040860 -1.5509073499
    2125  2.9086747118 -1.1604359618
    2126  2.1603005699 -2.2671792272
    2127  2.1743853577 -2.2536744479
    2128  1.1737545505 -2.9033257578
    2129  3.1296262098 -0.1115346932
    2130  3.1312139814 -0.0499920330
    2131  2.8743167820 -1.2431022635
    2132  2.3065097074  2.1182571067
    2133  2.2269673313  2.2017303890
    2134  2.9030313908  1.1744824157
    2135  0.1783883966  3.1265280713
    2136  0.0012861647  3.1316127708
    2137  1.1962303089  2.8941377384
    2138 -1.9932151435  2.4153868411
    2139 -2.1816900727  2.2466037985
    2140 -1.1913686520  2.8961424233
    2141 -3.0799841980  0.5663016342
    2142 -3.1252974696  0.1987861339
    2143 -2.8524895634  1.2924022173
    2144 -2.8038672042 -1.3947504802
    2145 -2.5420702619 -1.8289010318
    2146 -3.0029496778 -0.8884218779
    2147 -1.5763516373 -2.7059408190
    2148 -0.9933323980 -2.9698974642
    2149 -1.8356772592 -2.5371813496
    2150 -0.0571526704 -3.1310914667
    2151  0.7060770453 -3.0509761400
    2152 -0.1196439235 -3.1293266899
    2153  1.2482669404 -2.8720776184
    2154  2.0051936180 -2.4054518817
    2155  1.4216357735 -2.7903318670
    2156  2.1849034377 -2.2434788095
    2157  2.7535322569 -1.4916636051
    2158  2.4432655872 -1.9589419264
    2159  2.7299052040 -1.5344763856
    2160  3.0647102697 -0.6438564772
    2161  2.9509160031 -1.0483772904
    2162  2.9897982939 -0.9317222561
    2163  3.1315462785 -0.0204476405
    2164  3.1170146453 -0.3020263263
    2165  3.0892226686 -0.5135206953
    2166  3.1129880947  0.3410356620
    2167  3.1257712184  0.1911922870
    2168  3.1023608540  0.4270331746
