       1 -1.7036636021  2.6276473377
       2 -0.2353442284  3.1227573224
       3  1.2905956203  2.8533074047
       4  1.4471329041  2.7771940081
       5  1.5992021929  2.6924993123
       6  0.1312574236  3.1288610850
       7 -1.3680766129  2.8169782715
       8 -1.5387861238  2.7274782246
       9  2.4456754431  1.9559324701
      10  3.0672070753  0.6318551715
      11  3.0949353043  0.4778866634
      12  3.1149392354  0.3227286169
      13  2.6381302446  1.6873852593
      14  3.0420810903 -0.7434667717
      15  2.4300224492 -1.9753458170
      16  2.3393786435 -2.0819000368
      17  2.2440665522 -2.1842997757
      18  2.9582151102 -1.0276008771
      19  1.4293035223 -2.7864119656
      20  0.1867577733 -3.1260393047
      21  0.0624486572 -3.1309903171
      22 -0.0619590145 -3.1310000449
      23  1.1893101683 -2.8969883542
      24 -1.0030442416 -2.9666314989
      25 -2.0454590303 -2.3713071408
      26 -2.1274723887 -2.2980124969
      27 -2.2068589928 -2.2218851425
      28 -1.2220894977 -2.8833136250
      29 -2.7453959084 -1.5065860436
      30 -3.0988608040 -0.4517321310
      31 -3.1113239340 -0.3558982693
      32 -3.1208240703 -0.2597254765
      33 -2.8387612774 -1.3222838615
      34 -3.0788547261  0.5724104962
      35 -2.7294380498  1.5353071786
      36 -2.6870946904  1.6082668701
      37 -2.6427998628  1.6800622268
      38 -3.0406470190  0.7493102874
      39 -2.1538174691  2.2733390663
      40 -1.3858027885  2.8083003458
      41 -1.3198372864  2.8398996000
      42 -1.2531517806  2.8699496190
      43 -2.0368045190  2.3787449532
      44 -0.5821379293  3.0770303268
      45  0.2641494002  3.1204527388
      46  0.3268658660  3.1145078112
      47  0.3894500557  3.1073025045
      48 -0.4478623154  3.0994224538
      49  1.0067942887  2.9653609326
      50  1.6903502093  2.6362314714
      51  1.7354880460  2.6067377012
      52  1.7801088170  2.5764729380
      53  1.1167787158  2.9257145282
      54  2.2122834516  2.2164841824
      55  2.6330201023  1.6953481476
      56  2.6575884259  1.6565699379
      57  2.6815872978  1.6174330790
      58  2.2818024494  2.1448491282
      59  2.9007875910  1.1800133698
      60  3.0687950350  0.6240971351
      61  3.0763229102  0.5858647905
      62  3.0833739424  0.5475448221
      63  2.9316991226  1.1009725042
      64  3.1286520109  0.1361499001
      65  3.1114091509 -0.3551524971
      66  3.1074826137 -0.3880103174
      67  3.1032095143 -0.4208217092
      68  3.1309562679  0.0641330594
      69  3.0401906161 -0.7511599153
      70  2.9187857507 -1.1347642672
      71  2.9084176471 -1.1610800967
      72  2.8978134723 -1.1872983115
      73  3.0248873151 -0.8105904834
      74  2.7909165856 -1.4204875265
      75  2.6351615046 -1.6920177439
      76  2.6218186611 -1.7126199546
      77  2.6083164821 -1.7331143441
      78  2.7665584314 -1.4673631611
      79  2.0182235319  2.3945300115
      80  2.3828422105  2.0320096458
      81  1.1890241369  2.8971057631
      82 -0.2683224114  3.1200966787
      83 -0.8321181610  3.0190361983
      84  3.1286618109 -0.1359245141
      85  3.0752137052 -0.5916594191
      86  3.0279536712  0.7990599261
      87  1.9419366564 -2.4568032528
      88  1.6070244879 -2.6878378850
      89  2.5650204023 -1.7965718845
      90 -0.4191055092 -3.1034417624
      91 -0.7707685007 -3.0352785900
      92  0.4527816062 -3.0987076367
      93 -2.4175587206 -1.9905803257
      94 -2.6041256827 -1.7394049642
      95 -1.8075660923 -2.5572846972
      96 -3.1315938541  0.0109605618
      97 -3.1189292764  0.2815676999
      98 -3.0347029745 -0.7730317312
      99 -2.5110079872  1.8713201460
     100 -2.3654050111  2.0522814949
     101 -2.8815512281  1.2262392591
     102 -1.0702345275  2.9430593363
     103 -0.8830826344  3.0045241323
     104 -1.6925895858  2.6347942415
     105  0.5526284985  3.0824668600
     106  0.7142717299  3.0490680702
     107 -0.0872960150  3.1303960782
     108  1.8906858028  2.4964589713
     109  1.9976688057  2.4117046966
     110  1.3929154263  2.8047792811
     111  2.7373577964  1.5211418392
     112  2.7896720979  1.4229300007
     113  2.4441935003  1.9577840366
     114  3.0977508910  0.4592816328
     115  3.1096014177  0.3706470334
     116  2.9961950192  0.9109421537
     117  3.0928817614 -0.4910016399
     118  3.0809676392 -0.5609265610
     119  3.1301347659 -0.0962109556
     120  2.8761968445 -1.2387461049
     121  2.8536656079 -1.2898033955
     122  2.9896121014 -0.9323195180
     123  2.5836865820 -1.7696225153
     124  2.5585457198 -1.8057807176
     125  2.7183763977 -1.5548086573
     126  2.8382171206  1.3234514639
     127  3.0882809557  0.5191540614
     128  2.5644584313  1.7973739608
     129  1.5416461874  2.7258626586
     130  0.6664784132  3.0598703772
     131  2.8450707832 -1.3086529101
     132  2.4504245111 -1.9499794655
     133  3.0320738827 -0.7832803906
     134  0.9994016072 -2.9678606147
     135  0.3461633056 -3.1124220740
     136  1.5142800463 -2.7411596345
     137 -1.3267342276 -2.8366840659
     138 -1.8355457039 -2.5372765260
     139 -0.7982875938 -3.0281573800
     140 -2.8548333938 -1.2872165685
     141 -3.0277212937 -0.7999399780
     142 -2.5821359458 -1.7718843523
     143 -3.0465883541  0.7247755524
     144 -2.9115977091  1.1530823825
     145 -3.1260921644  0.1858708695
     146 -2.0945807508  2.3280317178
     147 -1.7918536065  2.5683186822
     148 -2.4558780539  1.9431065810
     149 -0.5626703592  3.0806496502
     150 -0.2360353113  3.1227051626
     151 -1.0511529665  2.9499284130
     152  0.9814693870  2.9738389403
     153  1.2409555981  2.8752442338
     154  0.5174717594  3.0885632872
     155  2.1702047411  2.2577005077
     156  2.3309046984  2.0913831517
     157  1.8284299395  2.5424091246
     158  2.8709870868  1.2507731002
     159  2.9416888225  1.0739958436
     160  2.6849264130  1.6118841018
     161  3.1241294855  0.2163681081
     162  3.1310078659  0.0615625230
     163  3.0782573555  0.5756143276
     164  3.0561336332 -0.6834086748
     165  3.0264332436 -0.8047993679
     166  3.1090458321 -0.3752788494
     167  2.8108372108 -1.3806499828
     168  2.7651176171 -1.4700764484
     169  2.9148179603 -1.1449176647
     170  2.5107771475 -1.8716298556
     171  2.4613142561 -1.9362159831
     172  2.6235881083 -1.7099080791
     173  3.0678454023 -0.6287485891
     174  2.6350797649 -1.6921450391
     175  3.0878749363 -0.5215635898
     176  3.0446699120  0.7327928274
     177  2.5003301711  1.8855633737
     178  1.6868531848 -2.6384704913
     179  0.7414590154 -3.0425710722
     180  1.8182865977 -2.5496733221
     181 -0.5683530760 -3.0796063030
     182 -1.4343351589 -2.7838252195
     183 -0.3698062893 -3.1097015145
     184 -2.4243246012 -1.9823345905
     185 -2.8512775776 -1.2950738883
     186 -2.2684166864 -2.1590011434
     187 -3.1301043340 -0.0971959817
     188 -3.0715190974  0.6105494531
     189 -3.1109050441 -0.3595413848
     190 -2.6282367482  1.7027541795
     191 -2.2423854051  2.1860255936
     192 -2.7712680370  1.4584490625
     193 -1.3295590176  2.8353611797
     194 -0.8286255076  3.0199966836
     195 -1.5911158536  2.6972857730
     196  0.2205760517  3.1238352079
     197  0.6724980040  3.0585530297
     198 -0.0804089379  3.1305805537
     199  1.5858107477  2.7004082049
     200  1.9064926391  2.4844085851
     201  1.3210648720  2.8393287595
     202  2.5345160021  1.8393555490
     203  2.7109959312  1.5676419431
     204  2.3538097427  2.0655701139
     205  3.0229255440  0.8178761251
     206  3.0819087895  0.5557323224
     207  2.9403106206  1.0777632648
     208  3.1275659100 -0.1591592898
     209  3.1085834037 -0.3790902566
     210  3.1303389133  0.0893223858
     211  2.9751410060 -0.9775153172
     212  2.9140020402 -1.1469927248
     213  3.0356712721 -0.7692204680
     214  2.6931030334 -1.5981852997
     215  2.6151574230 -1.7227744640
     216  2.7795284196 -1.4426440883
     217  2.3845929969 -2.0299547876
     218  2.3043060592 -2.1206540939
     219  2.4677636208 -1.9279893445
     220  1.6141362401 -2.6835730657
     221  0.2598524102 -3.1208135038
     222  1.3210507867 -2.8393353130
     223  2.2198796771 -2.2088762799
     224  3.0153316365 -0.8454438613
     225 -0.5335580951 -3.0858250047
     226 -1.7200301651 -2.6169632079
     227 -0.7723315669 -3.0348812417
     228 -2.3334892319 -2.0884990316
     229 -2.9252325156 -1.1180406657
     230 -2.4405549656 -1.9623179305
     231 -3.1147840792 -0.3242226715
     232 -3.0568742482  0.6800882524
     233 -3.1232542700 -0.2286546862
     234 -2.7785602801  1.4445078644
     235 -2.2642391867  2.1633818678
     236 -2.7619924030  1.4759397570
     237 -1.6406738369  2.6674312665
     238 -0.9396174222  2.9873264469
     239 -1.6540542494  2.6591548922
     240 -0.1711586205  3.1269321910
     241  0.4940489003  3.0923964631
     242 -0.2288930735  3.1232368084
     243  1.2162492856  2.8857820216
     244  1.7196280390  2.6172274659
     245  1.1320502603  2.9198394491
     246  2.2665187969  2.1609934622
     247  2.5724129195  1.7859708766
     248  2.1858992837  2.2425085333
     249  2.8911825639  1.2033551359
     250  3.0226743136  0.8188041246
     251  2.8390327438  1.3217009042
     252  3.1238468897  0.2204105494
     253  3.1294087554 -0.1174778365
     254  3.1114608472  0.3546993054
     255  3.0625985515 -0.6538274336
     256  2.9923826754 -0.9233883931
     257  3.0873052840 -0.5249250273
     258  2.8226989406 -1.3562340842
     259  2.7163949242 -1.5582678897
     260  2.8719859704 -1.2484777877
     261  2.5075729911 -1.8759205460
     262  2.3910321406 -2.0223663128
     263  2.5642356077 -1.7976918392
     264  2.1964402193 -2.2321851545
     265  2.0831825595 -2.3382366485
     266  2.2426753695 -2.1857281139
     267 -1.3728417337 -2.8146590868
     268 -2.6192558926 -1.7165368536
     269 -2.0126468325 -2.3992192331
     270 -1.2348706886 -2.8778628499
     271  0.5953525041 -3.0745008695
     272 -2.7349489226 -1.5254686464
     273 -3.1303641240 -0.0884344504
     274 -2.9878440292 -0.9379702864
     275 -3.1254864647  0.1957921331
     276 -2.7628361887  1.4743596560
     277 -3.0484474164  0.7169159994
     278 -2.5898368636  1.7606093322
     279 -1.7568739072  2.5923723257
     280 -2.3279675513  2.0946520667
     281 -1.4353234356  2.7833157988
     282 -0.4495979217  3.0991711649
     283 -1.1319646876  2.9198726251
     284 -0.0480788508  3.1312439421
     285  0.8474579732  3.0147661907
     286  0.2033573335  3.1250033593
     287  1.2441291109  2.8738724669
     288  1.9167741055  2.4764848534
     289  1.4080772158  2.7971983760
     290  2.2368482628  2.1916911392
     291  2.6517491770  1.6659011084
     292  2.3199370395  2.1035428052
     293  2.8529953683  1.2912852625
     294  3.0394844296  0.7540123362
     295  2.8819119943  1.2253911448
     296  3.1120974068  0.3490700954
     297  3.1289631109 -0.1288023728
     298  3.1156501302  0.3157918097
     299  3.0892037726 -0.5136343561
     300  2.9990535357 -0.9014866005
     301  3.0882690347 -0.5192249706
     302  2.8790629925 -1.2320700005
     303  2.7340021374 -1.5271648613
     304  2.8835481891 -1.2215359355
     305  2.5720187760 -1.7865384453
     306  2.4085119995 -2.0015169619
     307  2.5821726106 -1.7718309202
     308  2.2417309257 -2.1866967457
     309  2.0811592057 -2.3400377265
     310  2.2512065785 -2.1769403165
     311  1.9417654302 -2.4569385859
     312  1.7935987595 -2.5671002494
     313  1.9407038515 -2.4577771993
     314 -3.1308544585  0.0689243073
     315 -2.5411774175  1.8301413971
     316 -2.8864549839  1.2146513190
     317 -3.0851445357  0.5374787384
     318 -2.7535018478 -1.4917197373
     319 -2.7317486575  1.5311921737
     320 -1.5581783012  2.7164463150
     321 -2.0970379840  2.3258185429
     322 -1.7699739310  2.5834458547
     323 -0.3771971201  3.1088136858
     324 -0.9873755507  2.9718831946
     325 -0.5330737350  3.0859087144
     326  0.7853784575  3.0315311114
     327  0.2077165139  3.1247166352
     328  0.7106733332  3.0499087878
     329  1.7732155537  2.5812219588
     330  1.2989579325  2.8495102194
     331  1.7664001281  2.5858907146
     332  2.5001127354  1.8858516672
     333  2.1647664374  2.2629154805
     334  2.5289902323  1.8469457505
     335  2.9423498458  1.0721835597
     336  2.7514740721  1.4954566630
     337  2.9729534101  0.9841484755
     338  3.1219831708  0.2454002488
     339  3.0602167235  0.6648863106
     340  3.1293275075  0.1196225378
     341  3.0881765637 -0.5197746742
     342  3.1285611038 -0.1382230826
     343  3.0604209294 -0.6639457325
     344  2.9010451735 -1.1793799651
     345  3.0127170526 -0.8547140816
     346  2.8388441696 -1.3221058890
     347  2.6199915189 -1.7154138397
     348  2.7734986242 -1.4542027308
     349  2.5333131594 -1.8410118514
     350  2.2967760059 -2.1288072199
     351  2.4670578114 -1.9288924168
     352  2.2010717269 -2.2276183367
     353  1.9724997974 -2.4323331906
     354  2.1400259285 -2.2863265790
     355  1.8854099349 -2.5004458759
     356  1.6773472376 -2.6445238598
     357  1.8280062125 -2.5427138038
     358  1.6164497040 -2.6821801869
     359  1.4319452537 -2.7850552941
     360  1.5562319850 -2.7175618134
     361 -0.9075189263  2.9972336577
     362  1.0991575141  2.9323800845
     363  0.6375660941  3.0660250613
     364  0.1609648908  3.1274735018
     365 -1.9531308421  2.4479134205
     366  0.1994821739  3.1252531198
     367  1.8909029876  2.4962944722
     368  1.5108468209  2.7430534235
     369  1.2189671522  2.8846350345
     370  2.4922118495  1.8962806484
     371  2.2119975067  2.2167695485
     372  2.0512515763  2.3662982000
     373  2.8893948096  1.2076414348
     374  2.7127437310  1.5646154961
     375  2.6467880888  1.6737720913
     376  3.0921579626  0.4955394386
     377  3.0118956995  0.8576039272
     378  2.9982723147  0.9040814829
     379  3.1258787430 -0.1894261982
     380  3.1278251359  0.1539809083
     381  3.1286477888  0.1362468883
     382  3.0244174762 -0.8123417572
     383  3.0908804319 -0.5034464781
     384  3.0786700517 -0.5734029242
     385  2.8243013900 -1.3528938831
     386  2.9368231879 -1.0872303176
     387  2.8963163675 -1.1909457167
     388  2.5605449539 -1.8029447411
     389  2.7018095237 -1.5834220846
     390  2.6290208492 -1.7015432922
     391  2.2640675230 -2.1635615202
     392  2.4190344546 -1.9887866924
     393  2.3188583460 -2.1047318528
     394  1.9604454000 -2.4420593839
     395  2.1168414263 -2.3078090425
     396  2.0002225150 -2.4095871204
     397  1.6696525303 -2.6493887274
     398  1.8180069059 -2.5498727597
     399  1.6993518682 -2.6304378778
     400  1.4064779573 -2.7980028514
     401  1.5398577969 -2.7268733315
     402  1.4350274319 -2.7834684245
     403  1.1812934501 -2.9002665370
     404  1.2948941993 -2.8513591870
     405  1.2198709824 -2.8842529340
     406  1.0009812791 -2.9673282056
     407  1.0916509795 -2.9351828460
     408  2.7096357669  1.5699917871
     409  3.0906677023 -0.5047507848
     410  3.1205269276 -0.2632715228
     411  3.1315478669 -0.0202029189
     412  2.2775275350  2.1493879427
     413  2.9851514390  0.9465046681
     414  2.9838303915 -0.9506610308
     415  3.0454216427 -0.7296624006
     416  3.1152849094  0.3193745978
     417  2.8251355879 -1.3511510318
     418  2.9113770177 -1.1536394851
     419  3.1190785321 -0.2799094702
     420  2.6282072111 -1.7027997698
     421  2.7323343737 -1.5301467482
     422  3.0198657393 -0.8291025975
     423  2.4056493736 -2.0049566808
     424  2.5214584527 -1.8572149773
     425  2.8423706417 -1.3145072596
     426  2.1686991548 -2.2591467807
     427  2.2907017211 -2.1353420863
     428  2.6105482990 -1.7297507852
     429  1.9270432429 -2.4685024895
     430  2.0505447814 -2.3669107081
     431  2.3461413861 -2.0742759693
     432  1.6887901777 -2.6372311117
     433  1.8098840207 -2.5556447390
     434  2.0678789756 -2.3517816104
     435  1.4605216171 -2.7701763133
     436  1.5760583117 -2.7061116752
     437  1.7911643429 -2.5687994272
     438  1.2474227461 -2.8724443760
     439  1.3549373999 -2.8233215975
     440  1.5281262421 -2.7334649053
     441  1.0534496199 -2.9491090348
     442  1.1510731629 -2.9123926202
     443  1.2879216171 -2.8545153895
     444  0.8815311415 -3.0049797083
     445  0.9678935994 -2.9782851074
     446  1.0771820231 -2.9405236081
     447  0.7337446588 -3.0444406672
     448  0.8078788706 -3.0256126538
     449  0.9004718888 -2.9993583611
     450  0.6115077976 -3.0713284445
     451  0.6727590381 -3.0584956232
     452  0.7607955743 -3.0377936557
     453  0.5157493306 -3.0888513769
     454  0.5636981976 -3.0804617418
     455  2.0280934079 -2.3861762989
     456  0.0000000000 -3.1316130349
     457  0.0000000000 -3.1316130349
     458  0.0000000000 -3.1316130349
     459  2.2072293344 -2.2215172441
     460  1.8479580251 -2.5282506478
     461  0.0000000000 -3.1316130349
     462  0.0000000000 -3.1316130349
     463  1.6696869722 -2.6493670217
     464  0.0000000000 -3.1316130349
     465  0.0000000000 -3.1316130349
     466  1.4957437074 -2.7513180410
     467  0.0000000000 -3.1316130349
     468  0.0000000000 -3.1316130349
     469  1.3282054167 -2.8359955169
     470  0.0000000000 -3.1316130349
     471  0.0000000000 -3.1316130349
     472  1.1688085161 -2.9053204390
     473  0.0000000000 -3.1316130349
     474  0.0000000000 -3.1316130349
     475  1.0189714490 -2.9611986402
     476  0.0000000000 -3.1316130349
     477  0.0000000000 -3.1316130349
     478  0.8798331874 -3.0054772937
     479  0.0000000000 -3.1316130349
     480  0.0000000000 -3.1316130349
     481  0.7522898208 -3.0399112201
     482  0.0000000000 -3.1316130349
     483  0.0000000000 -3.1316130349
     484  0.6370305921 -3.0661363677
     485  0.0000000000 -3.1316130349
     486  0.0000000000 -3.1316130349
     487  0.5345723547 -3.0856494613
     488  0.0000000000 -3.1316130349
     489  0.0000000000 -3.1316130349
     490  0.4452885670 -3.0997932661
     491  0.0000000000 -3.1316130349
     492  0.0000000000 -3.1316130349
     493  0.3694508257 -3.1097437657
     494  0.0000000000 -3.1316130349
     495  0.0000000000 -3.1316130349
     496  0.3072360731 -3.1165054462
     497  0.0000000000 -3.1316130349
     498  0.0000000000 -3.1316130349
     499  0.2587610682 -3.1209041815
     500  0.0000000000 -3.1316130349
     501  0.0000000000 -3.1316130349
     502  2.0364500345  2.3790486097
     503  3.0434606248  0.7377993925
     504  2.8998187025 -1.1823923923
     505  2.7894753156 -1.4233157118
     506  2.6591605267 -1.6540451933
     507  3.1258165011  0.1904506422
     508  2.4386797843  1.9646478726
     509  2.2471366035  2.1811411387
     510  1.6598314470 -2.6555526312
     511 -0.2076945173 -3.1247180971
     512 -0.4472835468 -3.0995060302
     513 -0.6842255168 -3.0559508573
     514  1.2109597216 -2.8880056706
     515 -1.9966966316 -2.4125096395
     516 -3.0308001403 -0.7881945889
     517 -3.0780764382 -0.5765809928
     518 -3.1105962482 -0.3622032319
     519 -2.3268513327 -2.0958919523
     520 -2.9190376409  1.1341161543
     521 -2.7461665173  1.5051809393
     522  2.1631042749 -2.2645043880
     523  1.5305758526 -2.7320940196
     524  2.7980774257 -1.4063295063
     525  3.1057207396  0.4018680256
     526  2.8802202750  1.2293623776
     527 -1.3599314657 -2.8209194614
     528 -1.9646638487 -2.4386668831
     529 -0.2619773827 -3.1206358419
     530 -3.1189007355  0.2818836684
     531 -2.9952500280  0.9140445673
     532 -2.9933851960 -0.9201332893
     533 -1.9696161938  2.4346688173
     534  0.3058223621 -3.1166444892
     535 -0.9703164605 -2.9774966322
     536  0.7500138681 -3.0404735526
     537  2.2437031900 -2.1846729813
     538  2.9709651755 -0.9901347631
     539 -2.7218347122 -1.5487465883
     540 -3.1000897119 -0.4432200147
     541 -2.3974342717 -2.0147727227
     542 -2.5230863331  1.8550028454
     543 -1.7657727019  2.5863191925
     544 -2.8659514287  1.2622688342
     545 -0.1320085920  3.1288294828
     546 -2.4110771958 -1.9984261235
     547 -3.1058298115 -0.4010253163
     548 -2.5229463698 -1.8551931392
     549 -1.3086527165 -2.8450707943
     550  0.5723716764 -3.0788619255
     551 -2.9192043247  1.1336870436
     552 -1.9883940862  2.4193571782
     553 -2.9114289704  1.1535083581
     554 -0.4303394686  3.1019039544
     555  0.9950148149  2.9693342215
     556 -0.5677332383  3.0797206319
     557  2.3087415707  2.1158243218
     558 -2.6327443932  1.6957762894
     559 -0.9192900862  2.9936442574
     560 -2.1113359682  2.3128468476
     561 -2.8976792248  1.1876256846
     562 -2.9135840497 -1.1480545007
     563 -0.1596306520  3.1275418870
     564  1.7317359571  2.6092318370
     565  0.4493983814  3.0992001070
     566  2.4464087458  1.9550152043
     567  3.1156634877  0.3156599951
     568  2.6813127926  1.6178881018
     569  2.9513266775 -1.0472206279
     570  1.5625405695  2.7139394162
     571  3.0505218651  0.7080370707
     572  2.5926831840  1.7564150839
     573  1.7888592009  2.5704051490
     574 -0.8862209598  3.0035999131
     575  3.0425283047  0.7416344889
     576  2.7381803925 -1.5196605987
     577  3.1012781797 -0.4348262144
     578  2.6361469837 -1.6904819670
     579  1.0129957324 -2.9632481919
     580  2.0096807869 -2.4017042563
     581 -0.1188703503 -3.1293561703
     582  2.4117047497 -1.9976687573
     583 -0.1277854052 -3.1290048119
     584  0.7532950098 -3.0396622876
     585  1.5741328863 -2.7072320880
     586  3.1290244371 -0.1273076610
     587  0.7075713296 -3.0506299374
     588 -1.7896440902 -2.5698587968
     589 -0.9986465975 -2.9681147528
     590 -1.2860810640 -2.8553451100
     591 -2.8904632283 -1.2050819586
     592 -2.4375202730 -1.9660862444
     593 -3.1122502282 -0.3477049292
     594 -2.6967578891 -1.5920103802
     595 -2.8013395637  1.3998202783
     596 -3.0179318588  0.8361144467
     597 -3.1223015905  0.2413142886
     598 -1.6651389621 -2.6522277513
     599 -3.1266321711 -0.1765544258
     600 -2.0675716889  2.3520517660
     601 -2.4805766272  1.9114758140
     602 -2.8588382147  1.2782974078
     603 -1.0291292863  2.9576837411
     604 -1.5776853371  2.7051634289
     605 -0.4423074343  3.1002200461
     606 -0.1827395892  3.1262767718
     607  2.6191723895  1.7166642889
     608  2.4390911319  1.9641371976
     609  2.2357106484  2.1928517826
     610 -1.0717443167  2.9425099301
     611  0.7216209491  3.0473371008
     612  2.9028035229  1.1750454946
     613  2.7742379550  1.4527917930
     614  1.5653451143  2.7123227820
     615  3.0757932088  0.5886393951
     616  3.0036436886  0.8860726799
     617  3.1185644035  0.2855805696
     618  2.7552611816 -1.4884676611
     619  0.0000000000 -3.1316130314
     620  0.0000000000 -3.1316130220
     621  0.0000000000 -3.1316129910
     622  2.8873997965 -1.2124034353
     623  2.5968036979 -1.7503173291
     624  0.0000000000 -3.1316130347
     625  0.0000000000 -3.1316130340
     626  2.4135441785 -1.9954459900
     627  0.0000000000 -3.1316130349
     628  0.0000000000 -3.1316130349
     629  0.0000000000 -3.1316130349
     630 -1.2905956203  2.8533074047
     631  0.2353442284  3.1227573224
     632  1.7036636021  2.6276473377
     633  1.5387861238  2.7274782246
     634  1.3680766129  2.8169782715
     635 -0.1312574236  3.1288610850
     636 -1.5992021929  2.6924993123
     637 -1.4471329041  2.7771940081
     638 -3.0672070753  0.6318551715
     639 -2.4456754431  1.9559324701
     640 -2.6381302446  1.6873852593
     641 -3.1149392354  0.3227286169
     642 -3.0949353043  0.4778866634
     643 -2.4300224492 -1.9753458170
     644 -3.0420810903 -0.7434667717
     645 -2.9582151102 -1.0276008771
     646 -2.2440665522 -2.1842997757
     647 -2.3393786435 -2.0819000368
     648 -0.1867577733 -3.1260393047
     649 -1.4293035223 -2.7864119656
     650 -1.1893101683 -2.8969883542
     651  0.0619590145 -3.1310000449
     652 -0.0624486572 -3.1309903171
     653  2.0454590303 -2.3713071408
     654  1.0030442416 -2.9666314989
     655  1.2220894977 -2.8833136250
     656  2.2068589928 -2.2218851425
     657  2.1274723887 -2.2980124969
     658  3.0988608040 -0.4517321310
     659  2.7453959084 -1.5065860436
     660  2.8387612774 -1.3222838615
     661  3.1208240703 -0.2597254765
     662  3.1113239340 -0.3558982693
     663  2.7294380498  1.5353071786
     664  3.0788547261  0.5724104962
     665  3.0406470190  0.7493102874
     666  2.6427998628  1.6800622268
     667  2.6870946904  1.6082668701
     668  1.3858027885  2.8083003458
     669  2.1538174691  2.2733390663
     670  2.0368045190  2.3787449532
     671  1.2531517806  2.8699496190
     672  1.3198372864  2.8398996000
     673 -0.2641494002  3.1204527388
     674  0.5821379293  3.0770303268
     675  0.4478623154  3.0994224538
     676 -0.3894500557  3.1073025045
     677 -0.3268658660  3.1145078112
     678 -1.6903502093  2.6362314714
     679 -1.0067942887  2.9653609326
     680 -1.1167787158  2.9257145282
     681 -1.7801088170  2.5764729380
     682 -1.7354880460  2.6067377012
     683 -2.6330201023  1.6953481476
     684 -2.2122834516  2.2164841824
     685 -2.2818024494  2.1448491282
     686 -2.6815872978  1.6174330790
     687 -2.6575884259  1.6565699379
     688 -3.0687950350  0.6240971351
     689 -2.9007875910  1.1800133698
     690 -2.9316991226  1.1009725042
     691 -3.0833739424  0.5475448221
     692 -3.0763229102  0.5858647905
     693 -3.1114091509 -0.3551524971
     694 -3.1286520109  0.1361499001
     695 -3.1309562679  0.0641330594
     696 -3.1032095143 -0.4208217092
     697 -3.1074826137 -0.3880103174
     698 -2.9187857507 -1.1347642672
     699 -3.0401906161 -0.7511599153
     700 -3.0248873151 -0.8105904834
     701 -2.8978134723 -1.1872983115
     702 -2.9084176471 -1.1610800967
     703 -2.6351615046 -1.6920177439
     704 -2.7909165856 -1.4204875265
     705 -2.7665584314 -1.4673631611
     706 -2.6083164821 -1.7331143441
     707 -2.6218186611 -1.7126199546
     708  0.8321181610  3.0190361983
     709  0.2683224114  3.1200966787
     710 -1.1890241369  2.8971057631
     711 -2.3828422105  2.0320096458
     712 -2.0182235319  2.3945300115
     713 -3.0279536712  0.7990599261
     714 -3.0752137052 -0.5916594191
     715 -3.1286618109 -0.1359245141
     716 -2.5650204023 -1.7965718845
     717 -1.6070244879 -2.6878378850
     718 -1.9419366564 -2.4568032528
     719 -0.4527816062 -3.0987076367
     720  0.7707685007 -3.0352785900
     721  0.4191055092 -3.1034417624
     722  1.8075660923 -2.5572846972
     723  2.6041256827 -1.7394049642
     724  2.4175587206 -1.9905803257
     725  3.0347029745 -0.7730317312
     726  3.1189292764  0.2815676999
     727  3.1315938541  0.0109605618
     728  2.8815512281  1.2262392591
     729  2.3654050111  2.0522814949
     730  2.5110079872  1.8713201460
     731  1.6925895858  2.6347942415
     732  0.8830826344  3.0045241323
     733  1.0702345275  2.9430593363
     734  0.0872960150  3.1303960782
     735 -0.7142717299  3.0490680702
     736 -0.5526284985  3.0824668600
     737 -1.3929154263  2.8047792811
     738 -1.9976688057  2.4117046966
     739 -1.8906858028  2.4964589713
     740 -2.4441935003  1.9577840366
     741 -2.7896720979  1.4229300007
     742 -2.7373577964  1.5211418392
     743 -2.9961950192  0.9109421537
     744 -3.1096014177  0.3706470334
     745 -3.0977508910  0.4592816328
     746 -3.1301347659 -0.0962109556
     747 -3.0809676392 -0.5609265610
     748 -3.0928817614 -0.4910016399
     749 -2.9896121014 -0.9323195180
     750 -2.8536656079 -1.2898033955
     751 -2.8761968445 -1.2387461049
     752 -2.7183763977 -1.5548086573
     753 -2.5585457198 -1.8057807176
     754 -2.5836865820 -1.7696225153
     755 -0.6664784132  3.0598703772
     756 -1.5416461874  2.7258626586
     757 -2.5644584313  1.7973739608
     758 -3.0882809557  0.5191540614
     759 -2.8382171206  1.3234514639
     760 -3.0320738827 -0.7832803906
     761 -2.4504245111 -1.9499794655
     762 -2.8450707832 -1.3086529101
     763 -1.5142800463 -2.7411596345
     764 -0.3461633056 -3.1124220740
     765 -0.9994016072 -2.9678606147
     766  0.7982875938 -3.0281573800
     767  1.8355457039 -2.5372765260
     768  1.3267342276 -2.8366840659
     769  2.5821359458 -1.7718843523
     770  3.0277212937 -0.7999399780
     771  2.8548333938 -1.2872165685
     772  3.1260921644  0.1858708695
     773  2.9115977091  1.1530823825
     774  3.0465883541  0.7247755524
     775  2.4558780539  1.9431065810
     776  1.7918536065  2.5683186822
     777  2.0945807508  2.3280317178
     778  1.0511529665  2.9499284130
     779  0.2360353113  3.1227051626
     780  0.5626703592  3.0806496502
     781 -0.5174717594  3.0885632872
     782 -1.2409555981  2.8752442338
     783 -0.9814693870  2.9738389403
     784 -1.8284299395  2.5424091246
     785 -2.3309046984  2.0913831517
     786 -2.1702047411  2.2577005077
     787 -2.6849264130  1.6118841018
     788 -2.9416888225  1.0739958436
     789 -2.8709870868  1.2507731002
     790 -3.0782573555  0.5756143276
     791 -3.1310078659  0.0615625230
     792 -3.1241294855  0.2163681081
     793 -3.1090458321 -0.3752788494
     794 -3.0264332436 -0.8047993679
     795 -3.0561336332 -0.6834086748
     796 -2.9148179603 -1.1449176647
     797 -2.7651176171 -1.4700764484
     798 -2.8108372108 -1.3806499828
     799 -2.6235881083 -1.7099080791
     800 -2.4613142561 -1.9362159831
     801 -2.5107771475 -1.8716298556
     802 -2.5003301711  1.8855633737
     803 -3.0446699120  0.7327928274
     804 -3.0878749363 -0.5215635898
     805 -2.6350797649 -1.6921450391
     806 -3.0678454023 -0.6287485891
     807 -1.8182865977 -2.5496733221
     808 -0.7414590154 -3.0425710722
     809 -1.6868531848 -2.6384704913
     810  0.3698062893 -3.1097015145
     811  1.4343351589 -2.7838252195
     812  0.5683530760 -3.0796063030
     813  2.2684166864 -2.1590011434
     814  2.8512775776 -1.2950738883
     815  2.4243246012 -1.9823345905
     816  3.1109050441 -0.3595413848
     817  3.0715190974  0.6105494531
     818  3.1301043340 -0.0971959817
     819  2.7712680370  1.4584490625
     820  2.2423854051  2.1860255936
     821  2.6282367482  1.7027541795
     822  1.5911158536  2.6972857730
     823  0.8286255076  3.0199966836
     824  1.3295590176  2.8353611797
     825  0.0804089379  3.1305805537
     826 -0.6724980040  3.0585530297
     827 -0.2205760517  3.1238352079
     828 -1.3210648720  2.8393287595
     829 -1.9064926391  2.4844085851
     830 -1.5858107477  2.7004082049
     831 -2.3538097427  2.0655701139
     832 -2.7109959312  1.5676419431
     833 -2.5345160021  1.8393555490
     834 -2.9403106206  1.0777632648
     835 -3.0819087895  0.5557323224
     836 -3.0229255440  0.8178761251
     837 -3.1303389133  0.0893223858
     838 -3.1085834037 -0.3790902566
     839 -3.1275659100 -0.1591592898
     840 -3.0356712721 -0.7692204680
     841 -2.9140020402 -1.1469927248
     842 -2.9751410060 -0.9775153172
     843 -2.7795284196 -1.4426440883
     844 -2.6151574230 -1.7227744640
     845 -2.6931030334 -1.5981852997
     846 -2.4677636208 -1.9279893445
     847 -2.3043060592 -2.1206540939
     848 -2.3845929969 -2.0299547876
     849 -3.0153316365 -0.8454438613
     850 -2.2198796771 -2.2088762799
     851 -1.3210507867 -2.8393353130
     852 -0.2598524102 -3.1208135038
     853 -1.6141362401 -2.6835730657
     854  0.7723315669 -3.0348812417
     855  1.7200301651 -2.6169632079
     856  0.5335580951 -3.0858250047
     857  2.4405549656 -1.9623179305
     858  2.9252325156 -1.1180406657
     859  2.3334892319 -2.0884990316
     860  3.1232542700 -0.2286546862
     861  3.0568742482  0.6800882524
     862  3.1147840792 -0.3242226715
     863  2.7619924030  1.4759397570
     864  2.2642391867  2.1633818678
     865  2.7785602801  1.4445078644
     866  1.6540542494  2.6591548922
     867  0.9396174222  2.9873264469
     868  1.6406738369  2.6674312665
     869  0.2288930735  3.1232368084
     870 -0.4940489003  3.0923964631
     871  0.1711586205  3.1269321910
     872 -1.1320502603  2.9198394491
     873 -1.7196280390  2.6172274659
     874 -1.2162492856  2.8857820216
     875 -2.1858992837  2.2425085333
     876 -2.5724129195  1.7859708766
     877 -2.2665187969  2.1609934622
     878 -2.8390327438  1.3217009042
     879 -3.0226743136  0.8188041246
     880 -2.8911825639  1.2033551359
     881 -3.1114608472  0.3546993054
     882 -3.1294087554 -0.1174778365
     883 -3.1238468897  0.2204105494
     884 -3.0873052840 -0.5249250273
     885 -2.9923826754 -0.9233883931
     886 -3.0625985515 -0.6538274336
     887 -2.8719859704 -1.2484777877
     888 -2.7163949242 -1.5582678897
     889 -2.8226989406 -1.3562340842
     890 -2.5642356077 -1.7976918392
     891 -2.3910321406 -2.0223663128
     892 -2.5075729911 -1.8759205460
     893 -2.2426753695 -2.1857281139
     894 -2.0831825595 -2.3382366485
     895 -2.1964402193 -2.2321851545
     896 -0.5953525041 -3.0745008695
     897  1.2348706886 -2.8778628499
     898  2.0126468325 -2.3992192331
     899  2.6192558926 -1.7165368536
     900  1.3728417337 -2.8146590868
     901  2.9878440292 -0.9379702864
     902  3.1303641240 -0.0884344504
     903  2.7349489226 -1.5254686464
     904  3.0484474164  0.7169159994
     905  2.7628361887  1.4743596560
     906  3.1254864647  0.1957921331
     907  2.3279675513  2.0946520667
     908  1.7568739072  2.5923723257
     909  2.5898368636  1.7606093322
     910  1.1319646876  2.9198726251
     911  0.4495979217  3.0991711649
     912  1.4353234356  2.7833157988
     913 -0.2033573335  3.1250033593
     914 -0.8474579732  3.0147661907
     915  0.0480788508  3.1312439421
     916 -1.4080772158  2.7971983760
     917 -1.9167741055  2.4764848534
     918 -1.2441291109  2.8738724669
     919 -2.3199370395  2.1035428052
     920 -2.6517491770  1.6659011084
     921 -2.2368482628  2.1916911392
     922 -2.8819119943  1.2253911448
     923 -3.0394844296  0.7540123362
     924 -2.8529953683  1.2912852625
     925 -3.1156501302  0.3157918097
     926 -3.1289631109 -0.1288023728
     927 -3.1120974068  0.3490700954
     928 -3.0882690347 -0.5192249706
     929 -2.9990535357 -0.9014866005
     930 -3.0892037726 -0.5136343561
     931 -2.8835481891 -1.2215359355
     932 -2.7340021374 -1.5271648613
     933 -2.8790629925 -1.2320700005
     934 -2.5821726106 -1.7718309202
     935 -2.4085119995 -2.0015169619
     936 -2.5720187760 -1.7865384453
     937 -2.2512065785 -2.1769403165
     938 -2.0811592057 -2.3400377265
     939 -2.2417309257 -2.1866967457
     940 -1.9407038515 -2.4577771993
     941 -1.7935987595 -2.5671002494
     942 -1.9417654302 -2.4569385859
     943  2.7535018478 -1.4917197373
     944  3.0851445357  0.5374787384
     945  2.8864549839  1.2146513190
     946  2.5411774175  1.8301413971
     947  3.1308544585  0.0689243073
     948  2.0970379840  2.3258185429
     949  1.5581783012  2.7164463150
     950  2.7317486575  1.5311921737
     951  0.9873755507  2.9718831946
     952  0.3771971201  3.1088136858
     953  1.7699739310  2.5834458547
     954 -0.2077165139  3.1247166352
     955 -0.7853784575  3.0315311114
     956  0.5330737350  3.0859087144
     957 -1.2989579325  2.8495102194
     958 -1.7732155537  2.5812219588
     959 -0.7106733332  3.0499087878
     960 -2.1647664374  2.2629154805
     961 -2.5001127354  1.8858516672
     962 -1.7664001281  2.5858907146
     963 -2.7514740721  1.4954566630
     964 -2.9423498458  1.0721835597
     965 -2.5289902323  1.8469457505
     966 -3.0602167235  0.6648863106
     967 -3.1219831708  0.2454002488
     968 -2.9729534101  0.9841484755
     969 -3.1285611038 -0.1382230826
     970 -3.0881765637 -0.5197746742
     971 -3.1293275075  0.1196225378
     972 -3.0127170526 -0.8547140816
     973 -2.9010451735 -1.1793799651
     974 -3.0604209294 -0.6639457325
     975 -2.7734986242 -1.4542027308
     976 -2.6199915189 -1.7154138397
     977 -2.8388441696 -1.3221058890
     978 -2.4670578114 -1.9288924168
     979 -2.2967760059 -2.1288072199
     980 -2.5333131594 -1.8410118514
     981 -2.1400259285 -2.2863265790
     982 -1.9724997974 -2.4323331906
     983 -2.2010717269 -2.2276183367
     984 -1.8280062125 -2.5427138038
     985 -1.6773472376 -2.6445238598
     986 -1.8854099349 -2.5004458759
     987 -1.5562319850 -2.7175618134
     988 -1.4319452537 -2.7850552941
     989 -1.6164497040 -2.6821801869
     990  1.9531308421  2.4479134205
     991 -0.1609648908  3.1274735018
     992 -0.6375660941  3.0660250613
     993 -1.0991575141  2.9323800845
     994  0.9075189263  2.9972336577
     995 -1.5108468209  2.7430534235
     996 -1.8909029876  2.4962944722
     997 -0.1994821739  3.1252531198
     998 -2.2119975067  2.2167695485
     999 -2.4922118495  1.8962806484
    1000 -1.2189671522  2.8846350345
    1001 -2.7127437310  1.5646154961
    1002 -2.8893948096  1.2076414348
    1003 -2.0512515763  2.3662982000
    1004 -3.0118956995  0.8576039272
    1005 -3.0921579626  0.4955394386
    1006 -2.6467880888  1.6737720913
    1007 -3.1278251359  0.1539809083
    1008 -3.1258787430 -0.1894261982
    1009 -2.9982723147  0.9040814829
    1010 -3.0908804319 -0.5034464781
    1011 -3.0244174762 -0.8123417572
    1012 -3.1286477888  0.1362468883
    1013 -2.9368231879 -1.0872303176
    1014 -2.8243013900 -1.3528938831
    1015 -3.0786700517 -0.5734029242
    1016 -2.7018095237 -1.5834220846
    1017 -2.5605449539 -1.8029447411
    1018 -2.8963163675 -1.1909457167
    1019 -2.4190344546 -1.9887866924
    1020 -2.2640675230 -2.1635615202
    1021 -2.6290208492 -1.7015432922
    1022 -2.1168414263 -2.3078090425
    1023 -1.9604454000 -2.4420593839
    1024 -2.3188583460 -2.1047318528
    1025 -1.8180069059 -2.5498727597
    1026 -1.6696525303 -2.6493887274
    1027 -2.0002225150 -2.4095871204
    1028 -1.5398577969 -2.7268733315
    1029 -1.4064779573 -2.7980028514
    1030 -1.6993518682 -2.6304378778
    1031 -1.2948941993 -2.8513591870
    1032 -1.1812934501 -2.9002665370
    1033 -1.4350274319 -2.7834684245
    1034 -1.0916509795 -2.9351828460
    1035 -1.0009812791 -2.9673282056
    1036 -1.2198709824 -2.8842529340
    1037 -2.2775275350  2.1493879427
    1038 -3.1315478669 -0.0202029189
    1039 -3.1205269276 -0.2632715228
    1040 -3.0906677023 -0.5047507848
    1041 -2.7096357669  1.5699917871
    1042 -3.0454216427 -0.7296624006
    1043 -2.9838303915 -0.9506610308
    1044 -2.9851514390  0.9465046681
    1045 -2.9113770177 -1.1536394851
    1046 -2.8251355879 -1.3511510318
    1047 -3.1152849094  0.3193745978
    1048 -2.7323343737 -1.5301467482
    1049 -2.6282072111 -1.7027997698
    1050 -3.1190785321 -0.2799094702
    1051 -2.5214584527 -1.8572149773
    1052 -2.4056493736 -2.0049566808
    1053 -3.0198657393 -0.8291025975
    1054 -2.2907017211 -2.1353420863
    1055 -2.1686991548 -2.2591467807
    1056 -2.8423706417 -1.3145072596
    1057 -2.0505447814 -2.3669107081
    1058 -1.9270432429 -2.4685024895
    1059 -2.6105482990 -1.7297507852
    1060 -1.8098840207 -2.5556447390
    1061 -1.6887901777 -2.6372311117
    1062 -2.3461413861 -2.0742759693
    1063 -1.5760583117 -2.7061116752
    1064 -1.4605216171 -2.7701763133
    1065 -2.0678789756 -2.3517816104
    1066 -1.3549373999 -2.8233215975
    1067 -1.2474227461 -2.8724443760
    1068 -1.7911643429 -2.5687994272
    1069 -1.1510731629 -2.9123926202
    1070 -1.0534496199 -2.9491090348
    1071 -1.5281262421 -2.7334649053
    1072 -0.9678935994 -2.9782851074
    1073 -0.8815311415 -3.0049797083
    1074 -1.2879216171 -2.8545153895
    1075 -0.8078788706 -3.0256126538
    1076 -0.7337446588 -3.0444406672
    1077 -1.0771820231 -2.9405236081
    1078 -0.6727590381 -3.0584956232
    1079 -0.6115077976 -3.0713284445
    1080 -0.9004718888 -2.9993583611
    1081 -0.5636981976 -3.0804617418
    1082 -0.5157493306 -3.0888513769
    1083 -0.7607955743 -3.0377936557
    1084 -2.2072293344 -2.2215172441
    1085 -2.0280934079 -2.3861762989
    1086 -1.8479580251 -2.5282506478
    1087 -1.6696869722 -2.6493670217
    1088 -1.4957437074 -2.7513180410
    1089 -1.3282054167 -2.8359955169
    1090 -1.1688085161 -2.9053204390
    1091 -1.0189714490 -2.9611986402
    1092 -0.8798331874 -3.0054772937
    1093 -0.7522898208 -3.0399112201
    1094 -0.6370305921 -3.0661363677
    1095 -0.5345723547 -3.0856494613
    1096 -0.4452885670 -3.0997932661
    1097 -0.3694508257 -3.1097437657
    1098 -0.3072360731 -3.1165054462
    1099 -0.2587610682 -3.1209041815
    1100 -2.8998187025 -1.1823923923
    1101 -3.0434606248  0.7377993925
    1102 -2.0364500345  2.3790486097
    1103 -2.2471366035  2.1811411387
    1104 -2.4386797843  1.9646478726
    1105 -3.1258165011  0.1904506422
    1106 -2.6591605267 -1.6540451933
    1107 -2.7894753156 -1.4233157118
    1108  0.2076945173 -3.1247180971
    1109 -1.6598314470 -2.6555526312
    1110 -1.2109597216 -2.8880056706
    1111  0.6842255168 -3.0559508573
    1112  0.4472835468 -3.0995060302
    1113  3.0308001403 -0.7881945889
    1114  1.9966966316 -2.4125096395
    1115  2.3268513327 -2.0958919523
    1116  3.1105962482 -0.3622032319
    1117  3.0780764382 -0.5765809928
    1118  2.9190376409  1.1341161543
    1119  2.7461665173  1.5051809393
    1120 -2.8802202750  1.2293623776
    1121 -3.1057207396  0.4018680256
    1122 -2.7980774257 -1.4063295063
    1123 -1.5305758526 -2.7320940196
    1124 -2.1631042749 -2.2645043880
    1125  0.2619773827 -3.1206358419
    1126  1.9646638487 -2.4386668831
    1127  1.3599314657 -2.8209194614
    1128  2.9933851961 -0.9201332893
    1129  2.9952500280  0.9140445673
    1130  3.1189007355  0.2818836684
    1131  1.9696161938  2.4346688173
    1132 -2.9709651755 -0.9901347631
    1133 -2.2437031900 -2.1846729813
    1134 -0.7500138681 -3.0404735526
    1135  0.9703164605 -2.9774966322
    1136 -0.3058223621 -3.1166444892
    1137  2.3974342717 -2.0147727227
    1138  3.1000897119 -0.4432200147
    1139  2.7218347122 -1.5487465883
    1140  2.8659514287  1.2622688342
    1141  1.7657727019  2.5863191925
    1142  2.5230863331  1.8550028454
    1143  0.1320085920  3.1288294828
    1144 -0.5723716764 -3.0788619255
    1145  1.3086527165 -2.8450707943
    1146  2.5229463698 -1.8551931392
    1147  3.1058298115 -0.4010253163
    1148  2.4110771958 -1.9984261235
    1149  2.9114289704  1.1535083581
    1150  1.9883940862  2.4193571782
    1151  2.9192043247  1.1336870436
    1152  0.5677332383  3.0797206319
    1153 -0.9950148149  2.9693342215
    1154  0.4303394686  3.1019039544
    1155 -2.3087415707  2.1158243218
    1156  2.9135840497 -1.1480545007
    1157  2.8976792248  1.1876256846
    1158  2.1113359682  2.3128468476
    1159  0.9192900862  2.9936442574
    1160  2.6327443932  1.6957762894
    1161 -0.4493983814  3.0992001070
    1162 -1.7317359571  2.6092318370
    1163  0.1596306520  3.1275418870
    1164 -2.6813127926  1.6178881018
    1165 -3.1156634877  0.3156599951
    1166 -2.4464087458  1.9550152043
    1167 -2.9513266775 -1.0472206279
    1168  0.8862209598  3.0035999131
    1169 -1.7888592009  2.5704051490
    1170 -2.5926831840  1.7564150839
    1171 -3.0505218651  0.7080370707
    1172 -1.5625405695  2.7139394162
    1173 -3.1012781797 -0.4348262144
    1174 -2.7381803925 -1.5196605987
    1175 -3.0425283047  0.7416344889
    1176 -2.0096807869 -2.4017042563
    1177 -1.0129957324 -2.9632481919
    1178 -2.6361469837 -1.6904819670
    1179  0.1188703503 -3.1293561703
    1180 -3.1290244371 -0.1273076610
    1181 -1.5741328863 -2.7072320880
    1182 -0.7532950098 -3.0396622876
    1183  0.1277854052 -3.1290048119
    1184 -2.4117047497 -1.9976687573
    1185  0.9986465975 -2.9681147528
    1186  1.7896440902 -2.5698587968
    1187 -0.7075713296 -3.0506299374
    1188  2.4375202730 -1.9660862444
    1189  2.8904632283 -1.2050819586
    1190  1.2860810640 -2.8553451100
    1191  3.1122502282 -0.3477049292
    1192  1.6651389621 -2.6522277513
    1193  3.1223015905  0.2413142886
    1194  3.0179318588  0.8361144467
    1195  2.8013395637  1.3998202783
    1196  2.6967578891 -1.5920103802
    1197  2.4805766272  1.9114758140
    1198  2.0675716889  2.3520517660
    1199  3.1266321711 -0.1765544258
    1200  1.5776853371  2.7051634289
    1201  1.0291292863  2.9576837411
    1202  2.8588382147  1.2782974078
    1203  0.4423074343  3.1002200461
    1204  1.0717443167  2.9425099301
    1205 -2.2357106484  2.1928517826
    1206 -2.4390911319  1.9641371976
    1207 -2.6191723895  1.7166642889
    1208  0.1827395892  3.1262767718
    1209 -2.7742379550  1.4527917930
    1210 -2.9028035229  1.1750454946
    1211 -0.7216209491  3.0473371008
    1212 -3.0036436886  0.8860726799
    1213 -3.0757932088  0.5886393951
    1214 -1.5653451143  2.7123227820
    1215 -3.1185644035  0.2855805696
    1216 -2.8873997965 -1.2124034353
    1217 -2.7552611816 -1.4884676611
    1218 -2.5968036979 -1.7503173291
    1219 -2.4135441785 -1.9954459900
    1220 -1.5387861238  2.7274782246
    1221 -1.3680766129  2.8169782715
    1222  0.1312574236  3.1288610850
    1223  1.5992021929  2.6924993123
    1224  1.4471329041  2.7771940081
    1225  2.6381302446  1.6873852593
    1226  3.1149392354  0.3227286169
    1227  3.0949353043  0.4778866634
    1228  2.9582151102 -1.0276008771
    1229  2.2440665522 -2.1842997757
    1230  2.3393786435 -2.0819000368
    1231  1.1893101683 -2.8969883542
    1232 -0.0619590145 -3.1310000449
    1233  0.0624486572 -3.1309903171
    1234 -1.2220894977 -2.8833136250
    1235 -2.2068589928 -2.2218851425
    1236 -2.1274723887 -2.2980124969
    1237 -2.8387612774 -1.3222838615
    1238 -3.1208240703 -0.2597254765
    1239 -3.1113239340 -0.3558982693
    1240 -3.0406470190  0.7493102874
    1241 -2.6427998628  1.6800622268
    1242 -2.6870946904  1.6082668701
    1243 -2.0368045190  2.3787449532
    1244 -1.2531517806  2.8699496190
    1245 -1.3198372864  2.8398996000
    1246 -0.4478623154  3.0994224538
    1247  0.3894500557  3.1073025045
    1248  0.3268658660  3.1145078112
    1249  1.1167787158  2.9257145282
    1250  1.7801088170  2.5764729380
    1251  1.7354880460  2.6067377012
    1252  2.2818024494  2.1448491282
    1253  2.6815872978  1.6174330790
    1254  2.6575884259  1.6565699379
    1255  2.9316991226  1.1009725042
    1256  3.0833739424  0.5475448221
    1257  3.0763229102  0.5858647905
    1258  3.1309562679  0.0641330594
    1259  3.1032095143 -0.4208217092
    1260  3.1074826137 -0.3880103174
    1261  3.0248873151 -0.8105904834
    1262  2.8978134723 -1.1872983115
    1263  2.9084176471 -1.1610800967
    1264  2.7665584314 -1.4673631611
    1265  2.6083164821 -1.7331143441
    1266  2.6218186611 -1.7126199546
    1267 -0.8321181610  3.0190361983
    1268 -0.2683224114  3.1200966787
    1269  1.1890241369  2.8971057631
    1270  2.3828422105  2.0320096458
    1271  2.0182235319  2.3945300115
    1272  3.0279536712  0.7990599261
    1273  3.0752137052 -0.5916594191
    1274  3.1286618109 -0.1359245141
    1275  2.5650204023 -1.7965718845
    1276  1.6070244879 -2.6878378850
    1277  1.9419366564 -2.4568032528
    1278  0.4527816062 -3.0987076367
    1279 -0.7707685007 -3.0352785900
    1280 -0.4191055092 -3.1034417624
    1281 -1.8075660923 -2.5572846972
    1282 -2.6041256827 -1.7394049642
    1283 -2.4175587206 -1.9905803257
    1284 -3.0347029745 -0.7730317312
    1285 -3.1189292764  0.2815676999
    1286 -3.1315938541  0.0109605618
    1287 -2.8815512281  1.2262392591
    1288 -2.3654050111  2.0522814949
    1289 -2.5110079872  1.8713201460
    1290 -1.6925895858  2.6347942415
    1291 -0.8830826344  3.0045241323
    1292 -1.0702345275  2.9430593363
    1293 -0.0872960150  3.1303960782
    1294  0.7142717299  3.0490680702
    1295  0.5526284985  3.0824668600
    1296  1.3929154263  2.8047792811
    1297  1.9976688057  2.4117046966
    1298  1.8906858028  2.4964589713
    1299  2.4441935003  1.9577840366
    1300  2.7896720979  1.4229300007
    1301  2.7373577964  1.5211418392
    1302  2.9961950192  0.9109421537
    1303  3.1096014177  0.3706470334
    1304  3.0977508910  0.4592816328
    1305  3.1301347659 -0.0962109556
    1306  3.0809676392 -0.5609265610
    1307  3.0928817614 -0.4910016399
    1308  2.9896121014 -0.9323195180
    1309  2.8536656079 -1.2898033955
    1310  2.8761968445 -1.2387461049
    1311  2.7183763977 -1.5548086573
    1312  2.5585457198 -1.8057807176
    1313  2.5836865820 -1.7696225153
    1314  0.6664784132  3.0598703772
    1315  1.5416461874  2.7258626586
    1316  2.5644584313  1.7973739608
    1317  3.0882809557  0.5191540614
    1318  2.8382171206  1.3234514639
    1319  3.0320738827 -0.7832803906
    1320  2.4504245111 -1.9499794655
    1321  2.8450707832 -1.3086529101
    1322  1.5142800463 -2.7411596345
    1323  0.3461633056 -3.1124220740
    1324  0.9994016072 -2.9678606147
    1325 -0.7982875938 -3.0281573800
    1326 -1.8355457039 -2.5372765260
    1327 -1.3267342276 -2.8366840659
    1328 -2.5821359458 -1.7718843523
    1329 -3.0277212937 -0.7999399780
    1330 -2.8548333938 -1.2872165685
    1331 -3.1260921644  0.1858708695
    1332 -2.9115977091  1.1530823825
    1333 -3.0465883541  0.7247755524
    1334 -2.4558780539  1.9431065810
    1335 -1.7918536065  2.5683186822
    1336 -2.0945807508  2.3280317178
    1337 -1.0511529665  2.9499284130
    1338 -0.2360353113  3.1227051626
    1339 -0.5626703592  3.0806496502
    1340  0.5174717594  3.0885632872
    1341  1.2409555981  2.8752442338
    1342  0.9814693870  2.9738389403
    1343  1.8284299395  2.5424091246
    1344  2.3309046984  2.0913831517
    1345  2.1702047411  2.2577005077
    1346  2.6849264130  1.6118841018
    1347  2.9416888225  1.0739958436
    1348  2.8709870868  1.2507731002
    1349  3.0782573555  0.5756143276
    1350  3.1310078659  0.0615625230
    1351  3.1241294855  0.2163681081
    1352  3.1090458321 -0.3752788494
    1353  3.0264332436 -0.8047993679
    1354  3.0561336332 -0.6834086748
    1355  2.9148179603 -1.1449176647
    1356  2.7651176171 -1.4700764484
    1357  2.8108372108 -1.3806499828
    1358  2.6235881083 -1.7099080791
    1359  2.4613142561 -1.9362159831
    1360  2.5107771475 -1.8716298556
    1361  2.5003301711  1.8855633737
    1362  3.0446699120  0.7327928274
    1363  3.0878749363 -0.5215635898
    1364  2.6350797649 -1.6921450391
    1365  3.0678454023 -0.6287485891
    1366  1.8182865977 -2.5496733221
    1367  0.7414590154 -3.0425710722
    1368  1.6868531848 -2.6384704913
    1369 -0.3698062893 -3.1097015145
    1370 -1.4343351589 -2.7838252195
    1371 -0.5683530760 -3.0796063030
    1372 -2.2684166864 -2.1590011434
    1373 -2.8512775776 -1.2950738883
    1374 -2.4243246012 -1.9823345905
    1375 -3.1109050441 -0.3595413848
    1376 -3.0715190974  0.6105494531
    1377 -3.1301043340 -0.0971959817
    1378 -2.7712680370  1.4584490625
    1379 -2.2423854051  2.1860255936
    1380 -2.6282367482  1.7027541795
    1381 -1.5911158536  2.6972857730
    1382 -0.8286255076  3.0199966836
    1383 -1.3295590176  2.8353611797
    1384 -0.0804089379  3.1305805537
    1385  0.6724980040  3.0585530297
    1386  0.2205760517  3.1238352079
    1387  1.3210648720  2.8393287595
    1388  1.9064926391  2.4844085851
    1389  1.5858107477  2.7004082049
    1390  2.3538097427  2.0655701139
    1391  2.7109959312  1.5676419431
    1392  2.5345160021  1.8393555490
    1393  2.9403106206  1.0777632648
    1394  3.0819087895  0.5557323224
    1395  3.0229255440  0.8178761251
    1396  3.1303389133  0.0893223858
    1397  3.1085834037 -0.3790902566
    1398  3.1275659100 -0.1591592898
    1399  3.0356712721 -0.7692204680
    1400  2.9140020402 -1.1469927248
    1401  2.9751410060 -0.9775153172
    1402  2.7795284196 -1.4426440883
    1403  2.6151574230 -1.7227744640
    1404  2.6931030334 -1.5981852997
    1405  2.4677636208 -1.9279893445
    1406  2.3043060592 -2.1206540939
    1407  2.3845929969 -2.0299547876
    1408  3.0153316365 -0.8454438613
    1409  2.2198796771 -2.2088762799
    1410  1.3210507867 -2.8393353130
    1411  0.2598524102 -3.1208135038
    1412  1.6141362401 -2.6835730657
    1413 -0.7723315669 -3.0348812417
    1414 -1.7200301651 -2.6169632079
    1415 -0.5335580951 -3.0858250047
    1416 -2.4405549656 -1.9623179305
    1417 -2.9252325156 -1.1180406657
    1418 -2.3334892319 -2.0884990316
    1419 -3.1232542700 -0.2286546862
    1420 -3.0568742482  0.6800882524
    1421 -3.1147840792 -0.3242226715
    1422 -2.7619924030  1.4759397570
    1423 -2.2642391867  2.1633818678
    1424 -2.7785602801  1.4445078644
    1425 -1.6540542494  2.6591548922
    1426 -0.9396174222  2.9873264469
    1427 -1.6406738369  2.6674312665
    1428 -0.2288930735  3.1232368084
    1429  0.4940489003  3.0923964631
    1430 -0.1711586205  3.1269321910
    1431  1.1320502603  2.9198394491
    1432  1.7196280390  2.6172274659
    1433  1.2162492856  2.8857820216
    1434  2.1858992837  2.2425085333
    1435  2.5724129195  1.7859708766
    1436  2.2665187969  2.1609934622
    1437  2.8390327438  1.3217009042
    1438  3.0226743136  0.8188041246
    1439  2.8911825639  1.2033551359
    1440  3.1114608472  0.3546993054
    1441  3.1294087554 -0.1174778365
    1442  3.1238468897  0.2204105494
    1443  3.0873052840 -0.5249250273
    1444  2.9923826754 -0.9233883931
    1445  3.0625985515 -0.6538274336
    1446  2.8719859704 -1.2484777877
    1447  2.7163949242 -1.5582678897
    1448  2.8226989406 -1.3562340842
    1449  2.5642356077 -1.7976918392
    1450  2.3910321406 -2.0223663128
    1451  2.5075729911 -1.8759205460
    1452  2.2426753695 -2.1857281139
    1453  2.0831825595 -2.3382366485
    1454  2.1964402193 -2.2321851545
    1455  0.5953525041 -3.0745008695
    1456 -1.2348706886 -2.8778628499
    1457 -2.0126468325 -2.3992192331
    1458 -2.6192558926 -1.7165368536
    1459 -1.3728417337 -2.8146590868
    1460 -2.9878440292 -0.9379702864
    1461 -3.1303641240 -0.0884344504
    1462 -2.7349489226 -1.5254686464
    1463 -3.0484474164  0.7169159994
    1464 -2.7628361887  1.4743596560
    1465 -3.1254864647  0.1957921331
    1466 -2.3279675513  2.0946520667
    1467 -1.7568739072  2.5923723257
    1468 -2.5898368636  1.7606093322
    1469 -1.1319646876  2.9198726251
    1470 -0.4495979217  3.0991711649
    1471 -1.4353234356  2.7833157988
    1472  0.2033573335  3.1250033593
    1473  0.8474579732  3.0147661907
    1474 -0.0480788508  3.1312439421
    1475  1.4080772158  2.7971983760
    1476  1.9167741055  2.4764848534
    1477  1.2441291109  2.8738724669
    1478  2.3199370395  2.1035428052
    1479  2.6517491770  1.6659011084
    1480  2.2368482628  2.1916911392
    1481  2.8819119943  1.2253911448
    1482  3.0394844296  0.7540123362
    1483  2.8529953683  1.2912852625
    1484  3.1156501302  0.3157918097
    1485  3.1289631109 -0.1288023728
    1486  3.1120974068  0.3490700954
    1487  3.0882690347 -0.5192249706
    1488  2.9990535357 -0.9014866005
    1489  3.0892037726 -0.5136343561
    1490  2.8835481891 -1.2215359355
    1491  2.7340021374 -1.5271648613
    1492  2.8790629925 -1.2320700005
    1493  2.5821726106 -1.7718309202
    1494  2.4085119995 -2.0015169619
    1495  2.5720187760 -1.7865384453
    1496  2.2512065785 -2.1769403165
    1497  2.0811592057 -2.3400377265
    1498  2.2417309257 -2.1866967457
    1499  1.9407038515 -2.4577771993
    1500  1.7935987595 -2.5671002494
    1501  1.9417654302 -2.4569385859
    1502 -2.7535018478 -1.4917197373
    1503 -3.0851445357  0.5374787384
    1504 -2.8864549839  1.2146513190
    1505 -2.5411774175  1.8301413971
    1506 -3.1308544585  0.0689243073
    1507 -2.0970379840  2.3258185429
    1508 -1.5581783012  2.7164463150
    1509 -2.7317486575  1.5311921737
    1510 -0.9873755507  2.9718831946
    1511 -0.3771971201  3.1088136858
    1512 -1.7699739310  2.5834458547
    1513  0.2077165139  3.1247166352
    1514  0.7853784575  3.0315311114
    1515 -0.5330737350  3.0859087144
    1516  1.2989579325  2.8495102194
    1517  1.7732155537  2.5812219588
    1518  0.7106733332  3.0499087878
    1519  2.1647664374  2.2629154805
    1520  2.5001127354  1.8858516672
    1521  1.7664001281  2.5858907146
    1522  2.7514740721  1.4954566630
    1523  2.9423498458  1.0721835597
    1524  2.5289902323  1.8469457505
    1525  3.0602167235  0.6648863106
    1526  3.1219831708  0.2454002488
    1527  2.9729534101  0.9841484755
    1528  3.1285611038 -0.1382230826
    1529  3.0881765637 -0.5197746742
    1530  3.1293275075  0.1196225378
    1531  3.0127170526 -0.8547140816
    1532  2.9010451735 -1.1793799651
    1533  3.0604209294 -0.6639457325
    1534  2.7734986242 -1.4542027308
    1535  2.6199915189 -1.7154138397
    1536  2.8388441696 -1.3221058890
    1537  2.4670578114 -1.9288924168
    1538  2.2967760059 -2.1288072199
    1539  2.5333131594 -1.8410118514
    1540  2.1400259285 -2.2863265790
    1541  1.9724997974 -2.4323331906
    1542  2.2010717269 -2.2276183367
    1543  1.8280062125 -2.5427138038
    1544  1.6773472376 -2.6445238598
    1545  1.8854099349 -2.5004458759
    1546  1.5562319850 -2.7175618134
    1547  1.4319452537 -2.7850552941
    1548  1.6164497040 -2.6821801869
    1549 -1.9531308421  2.4479134205
    1550  0.1609648908  3.1274735018
    1551  0.6375660941  3.0660250613
    1552  1.0991575141  2.9323800845
    1553 -0.9075189263  2.9972336577
    1554  1.5108468209  2.7430534235
    1555  1.8909029876  2.4962944722
    1556  0.1994821739  3.1252531198
    1557  2.2119975067  2.2167695485
    1558  2.4922118495  1.8962806484
    1559  1.2189671522  2.8846350345
    1560  2.7127437310  1.5646154961
    1561  2.8893948096  1.2076414348
    1562  2.0512515763  2.3662982000
    1563  3.0118956995  0.8576039272
    1564  3.0921579626  0.4955394386
    1565  2.6467880888  1.6737720913
    1566  3.1278251359  0.1539809083
    1567  3.1258787430 -0.1894261982
    1568  2.9982723147  0.9040814829
    1569  3.0908804319 -0.5034464781
    1570  3.0244174762 -0.8123417572
    1571  3.1286477888  0.1362468883
    1572  2.9368231879 -1.0872303176
    1573  2.8243013900 -1.3528938831
    1574  3.0786700517 -0.5734029242
    1575  2.7018095237 -1.5834220846
    1576  2.5605449539 -1.8029447411
    1577  2.8963163675 -1.1909457167
    1578  2.4190344546 -1.9887866924
    1579  2.2640675230 -2.1635615202
    1580  2.6290208492 -1.7015432922
    1581  2.1168414263 -2.3078090425
    1582  1.9604454000 -2.4420593839
    1583  2.3188583460 -2.1047318528
    1584  1.8180069059 -2.5498727597
    1585  1.6696525303 -2.6493887274
    1586  2.0002225150 -2.4095871204
    1587  1.5398577969 -2.7268733315
    1588  1.4064779573 -2.7980028514
    1589  1.6993518682 -2.6304378778
    1590  1.2948941993 -2.8513591870
    1591  1.1812934501 -2.9002665370
    1592  1.4350274319 -2.7834684245
    1593  1.0916509795 -2.9351828460
    1594  1.0009812791 -2.9673282056
    1595  1.2198709824 -2.8842529340
    1596  2.2775275350  2.1493879427
    1597  3.1315478669 -0.0202029189
    1598  3.1205269276 -0.2632715228
    1599  3.0906677023 -0.5047507848
    1600  2.7096357669  1.5699917871
    1601  3.0454216427 -0.7296624006
    1602  2.9838303915 -0.9506610308
    1603  2.9851514390  0.9465046681
    1604  2.9113770177 -1.1536394851
    1605  2.8251355879 -1.3511510318
    1606  3.1152849094  0.3193745978
    1607  2.7323343737 -1.5301467482
    1608  2.6282072111 -1.7027997698
    1609  3.1190785321 -0.2799094702
    1610  2.5214584527 -1.8572149773
    1611  2.4056493736 -2.0049566808
    1612  3.0198657393 -0.8291025975
    1613  2.2907017211 -2.1353420863
    1614  2.1686991548 -2.2591467807
    1615  2.8423706417 -1.3145072596
    1616  2.0505447814 -2.3669107081
    1617  1.9270432429 -2.4685024895
    1618  2.6105482990 -1.7297507852
    1619  1.8098840207 -2.5556447390
    1620  1.6887901777 -2.6372311117
    1621  2.3461413861 -2.0742759693
    1622  1.5760583117 -2.7061116752
    1623  1.4605216171 -2.7701763133
    1624  2.0678789756 -2.3517816104
    1625  1.3549373999 -2.8233215975
    1626  1.2474227461 -2.8724443760
    1627  1.7911643429 -2.5687994272
    1628  1.1510731629 -2.9123926202
    1629  1.0534496199 -2.9491090348
    1630  1.5281262421 -2.7334649053
    1631  0.9678935994 -2.9782851074
    1632  0.8815311415 -3.0049797083
    1633  1.2879216171 -2.8545153895
    1634  0.8078788706 -3.0256126538
    1635  0.7337446588 -3.0444406672
    1636  1.0771820231 -2.9405236081
    1637  0.6727590381 -3.0584956232
    1638  0.6115077976 -3.0713284445
    1639  0.9004718888 -2.9993583611
    1640  0.5636981976 -3.0804617418
    1641  0.5157493306 -3.0888513769
    1642  0.7607955743 -3.0377936557
    1643  2.2072293344 -2.2215172441
    1644  0.0000000000 -3.1316130349
    1645  0.0000000000 -3.1316130349
    1646  0.0000000000 -3.1316130349
    1647  2.0280934079 -2.3861762989
    1648  0.0000000000 -3.1316130349
    1649  0.0000000000 -3.1316130349
    1650  1.8479580251 -2.5282506478
    1651  0.0000000000 -3.1316130349
    1652  0.0000000000 -3.1316130349
    1653  1.6696869722 -2.6493670217
    1654  0.0000000000 -3.1316130349
    1655  0.0000000000 -3.1316130349
    1656  1.4957437074 -2.7513180410
    1657  0.0000000000 -3.1316130349
    1658  0.0000000000 -3.1316130349
    1659  1.3282054167 -2.8359955169
    1660  0.0000000000 -3.1316130349
    1661  0.0000000000 -3.1316130349
    1662  1.1688085161 -2.9053204390
    1663  0.0000000000 -3.1316130349
    1664  0.0000000000 -3.1316130349
    1665  1.0189714490 -2.9611986402
    1666  0.0000000000 -3.1316130349
    1667  0.0000000000 -3.1316130349
    1668  0.8798331874 -3.0054772937
    1669  0.0000000000 -3.1316130349
    1670  0.0000000000 -3.1316130349
    1671  0.7522898208 -3.0399112201
    1672  0.0000000000 -3.1316130349
    1673  0.0000000000 -3.1316130349
    1674  0.6370305921 -3.0661363677
    1675  0.0000000000 -3.1316130349
    1676  0.0000000000 -3.1316130349
    1677  0.5345723547 -3.0856494613
    1678  0.0000000000 -3.1316130349
    1679  0.0000000000 -3.1316130349
    1680  0.4452885670 -3.0997932661
    1681  0.0000000000 -3.1316130349
    1682  0.0000000000 -3.1316130349
    1683  0.3694508257 -3.1097437657
    1684  0.0000000000 -3.1316130349
    1685  0.0000000000 -3.1316130349
    1686  0.3072360731 -3.1165054462
    1687  0.0000000000 -3.1316130349
    1688  0.0000000000 -3.1316130349
    1689  0.2587610682 -3.1209041815
    1690  2.2471366035  2.1811411387
    1691  2.4386797843  1.9646478726
    1692  3.1258165011  0.1904506422
    1693  2.6591605267 -1.6540451933
    1694  2.7894753156 -1.4233157118
    1695  1.2109597216 -2.8880056706
    1696 -0.6842255168 -3.0559508573
    1697 -0.4472835468 -3.0995060302
    1698 -2.3268513327 -2.0958919523
    1699 -3.1105962482 -0.3622032319
    1700 -3.0780764382 -0.5765809928
    1701 -2.7461665173  1.5051809393
    1702  2.8802202750  1.2293623776
    1703  3.1057207396  0.4018680256
    1704  2.7980774257 -1.4063295063
    1705  1.5305758526 -2.7320940196
    1706  2.1631042749 -2.2645043880
    1707 -0.2619773827 -3.1206358419
    1708 -1.9646638487 -2.4386668831
    1709 -1.3599314657 -2.8209194614
    1710 -2.9933851960 -0.9201332893
    1711 -2.9952500280  0.9140445673
    1712 -3.1189007355  0.2818836684
    1713 -1.9696161938  2.4346688173
    1714  2.9709651755 -0.9901347631
    1715  2.2437031900 -2.1846729813
    1716  0.7500138681 -3.0404735526
    1717 -0.9703164605 -2.9774966322
    1718  0.3058223621 -3.1166444892
    1719 -2.3974342717 -2.0147727227
    1720 -3.1000897119 -0.4432200147
    1721 -2.7218347122 -1.5487465883
    1722 -2.8659514287  1.2622688342
    1723 -1.7657727019  2.5863191925
    1724 -2.5230863331  1.8550028454
    1725 -0.1320085920  3.1288294828
    1726  0.5723716764 -3.0788619255
    1727 -1.3086527165 -2.8450707943
    1728 -2.5229463698 -1.8551931392
    1729 -3.1058298115 -0.4010253163
    1730 -2.4110771958 -1.9984261235
    1731 -2.9114289704  1.1535083581
    1732 -1.9883940862  2.4193571782
    1733 -2.9192043247  1.1336870436
    1734 -0.5677332383  3.0797206319
    1735  0.9950148149  2.9693342215
    1736 -0.4303394686  3.1019039544
    1737  2.3087415707  2.1158243218
    1738 -2.9135840497 -1.1480545007
    1739 -2.8976792248  1.1876256846
    1740 -2.1113359682  2.3128468476
    1741 -0.9192900862  2.9936442574
    1742 -2.6327443932  1.6957762894
    1743  0.4493983814  3.0992001070
    1744  1.7317359571  2.6092318370
    1745 -0.1596306520  3.1275418870
    1746  2.6813127926  1.6178881018
    1747  3.1156634877  0.3156599951
    1748  2.4464087458  1.9550152043
    1749  2.9513266775 -1.0472206279
    1750 -0.8862209598  3.0035999131
    1751  1.7888592009  2.5704051490
    1752  2.5926831840  1.7564150839
    1753  3.0505218651  0.7080370707
    1754  1.5625405695  2.7139394162
    1755  3.1012781797 -0.4348262144
    1756  2.7381803925 -1.5196605987
    1757  3.0425283047  0.7416344889
    1758  2.0096807869 -2.4017042563
    1759  1.0129957324 -2.9632481919
    1760  2.6361469837 -1.6904819670
    1761 -0.1188703503 -3.1293561703
    1762  3.1290244371 -0.1273076610
    1763  1.5741328863 -2.7072320880
    1764  0.7532950098 -3.0396622876
    1765 -0.1277854052 -3.1290048119
    1766  2.4117047497 -1.9976687573
    1767 -0.9986465975 -2.9681147528
    1768 -1.7896440902 -2.5698587968
    1769  0.7075713296 -3.0506299374
    1770 -2.4375202730 -1.9660862444
    1771 -2.8904632283 -1.2050819586
    1772 -1.2860810640 -2.8553451100
    1773 -3.1122502282 -0.3477049292
    1774 -1.6651389621 -2.6522277513
    1775 -3.1223015905  0.2413142886
    1776 -3.0179318588  0.8361144467
    1777 -2.8013395637  1.3998202783
    1778 -2.6967578891 -1.5920103802
    1779 -2.4805766272  1.9114758140
    1780 -2.0675716889  2.3520517660
    1781 -3.1266321711 -0.1765544258
    1782 -1.5776853371  2.7051634289
    1783 -1.0291292863  2.9576837411
    1784 -2.8588382147  1.2782974078
    1785 -0.4423074343  3.1002200461
    1786 -1.0717443167  2.9425099301
    1787  2.2357106484  2.1928517826
    1788  2.4390911319  1.9641371976
    1789  2.6191723895  1.7166642889
    1790 -0.1827395892  3.1262767718
    1791  2.7742379550  1.4527917930
    1792  2.9028035229  1.1750454946
    1793  0.7216209491  3.0473371008
    1794  3.0036436886  0.8860726799
    1795  3.0757932088  0.5886393951
    1796  1.5653451143  2.7123227820
    1797  3.1185644035  0.2855805696
    1798  2.8873997965 -1.2124034353
    1799  0.0000000000 -3.1316129910
    1800  0.0000000000 -3.1316130220
    1801  0.0000000000 -3.1316130314
    1802  2.7552611816 -1.4884676611
    1803  0.0000000000 -3.1316130340
    1804  0.0000000000 -3.1316130347
    1805  2.5968036979 -1.7503173291
    1806  0.0000000000 -3.1316130349
    1807  0.0000000000 -3.1316130349
    1808  2.4135441785 -1.9954459900
    1809  0.0000000000 -3.1316130349
    1810 -1.4471329041  2.7771940081
    1811 -1.5992021929  2.6924993123
    1812 -0.1312574236  3.1288610850
    1813  1.3680766129  2.8169782715
    1814  1.5387861238  2.7274782246
    1815 -3.0949353043  0.4778866634
    1816 -3.1149392354  0.3227286169
    1817 -2.6381302446  1.6873852593
    1818 -2.3393786435 -2.0819000368
    1819 -2.2440665522 -2.1842997757
    1820 -2.9582151102 -1.0276008771
    1821 -0.0624486572 -3.1309903171
    1822  0.0619590145 -3.1310000449
    1823 -1.1893101683 -2.8969883542
    1824  2.1274723887 -2.2980124969
    1825  2.2068589928 -2.2218851425
    1826  1.2220894977 -2.8833136250
    1827  3.1113239340 -0.3558982693
    1828  3.1208240703 -0.2597254765
    1829  2.8387612774 -1.3222838615
    1830  2.6870946904  1.6082668701
    1831  2.6427998628  1.6800622268
    1832  3.0406470190  0.7493102874
    1833  1.3198372864  2.8398996000
    1834  1.2531517806  2.8699496190
    1835  2.0368045190  2.3787449532
    1836 -0.3268658660  3.1145078112
    1837 -0.3894500557  3.1073025045
    1838  0.4478623154  3.0994224538
    1839 -1.7354880460  2.6067377012
    1840 -1.7801088170  2.5764729380
    1841 -1.1167787158  2.9257145282
    1842 -2.6575884259  1.6565699379
    1843 -2.6815872978  1.6174330790
    1844 -2.2818024494  2.1448491282
    1845 -3.0763229102  0.5858647905
    1846 -3.0833739424  0.5475448221
    1847 -2.9316991226  1.1009725042
    1848 -3.1074826137 -0.3880103174
    1849 -3.1032095143 -0.4208217092
    1850 -3.1309562679  0.0641330594
    1851 -2.9084176471 -1.1610800967
    1852 -2.8978134723 -1.1872983115
    1853 -3.0248873151 -0.8105904834
    1854 -2.6218186611 -1.7126199546
    1855 -2.6083164821 -1.7331143441
    1856 -2.7665584314 -1.4673631611
    1857 -2.0182235319  2.3945300115
    1858 -2.3828422105  2.0320096458
    1859 -1.1890241369  2.8971057631
    1860  0.2683224114  3.1200966787
    1861  0.8321181610  3.0190361983
    1862 -3.1286618109 -0.1359245141
    1863 -3.0752137052 -0.5916594191
    1864 -3.0279536712  0.7990599261
    1865 -1.9419366564 -2.4568032528
    1866 -1.6070244879 -2.6878378850
    1867 -2.5650204023 -1.7965718845
    1868  0.4191055092 -3.1034417624
    1869  0.7707685007 -3.0352785900
    1870 -0.4527816062 -3.0987076367
    1871  2.4175587206 -1.9905803257
    1872  2.6041256827 -1.7394049642
    1873  1.8075660923 -2.5572846972
    1874  3.1315938541  0.0109605618
    1875  3.1189292764  0.2815676999
    1876  3.0347029745 -0.7730317312
    1877  2.5110079872  1.8713201460
    1878  2.3654050111  2.0522814949
    1879  2.8815512281  1.2262392591
    1880  1.0702345275  2.9430593363
    1881  0.8830826344  3.0045241323
    1882  1.6925895858  2.6347942415
    1883 -0.5526284985  3.0824668600
    1884 -0.7142717299  3.0490680702
    1885  0.0872960150  3.1303960782
    1886 -1.8906858028  2.4964589713
    1887 -1.9976688057  2.4117046966
    1888 -1.3929154263  2.8047792811
    1889 -2.7373577964  1.5211418392
    1890 -2.7896720979  1.4229300007
    1891 -2.4441935003  1.9577840366
    1892 -3.0977508910  0.4592816328
    1893 -3.1096014177  0.3706470334
    1894 -2.9961950192  0.9109421537
    1895 -3.0928817614 -0.4910016399
    1896 -3.0809676392 -0.5609265610
    1897 -3.1301347659 -0.0962109556
    1898 -2.8761968445 -1.2387461049
    1899 -2.8536656079 -1.2898033955
    1900 -2.9896121014 -0.9323195180
    1901 -2.5836865820 -1.7696225153
    1902 -2.5585457198 -1.8057807176
    1903 -2.7183763977 -1.5548086573
    1904 -2.8382171206  1.3234514639
    1905 -3.0882809557  0.5191540614
    1906 -2.5644584313  1.7973739608
    1907 -1.5416461874  2.7258626586
    1908 -0.6664784132  3.0598703772
    1909 -2.8450707832 -1.3086529101
    1910 -2.4504245111 -1.9499794655
    1911 -3.0320738827 -0.7832803906
    1912 -0.9994016072 -2.9678606147
    1913 -0.3461633056 -3.1124220740
    1914 -1.5142800463 -2.7411596345
    1915  1.3267342276 -2.8366840659
    1916  1.8355457039 -2.5372765260
    1917  0.7982875938 -3.0281573800
    1918  2.8548333938 -1.2872165685
    1919  3.0277212937 -0.7999399780
    1920  2.5821359458 -1.7718843523
    1921  3.0465883541  0.7247755524
    1922  2.9115977091  1.1530823825
    1923  3.1260921644  0.1858708695
    1924  2.0945807508  2.3280317178
    1925  1.7918536065  2.5683186822
    1926  2.4558780539  1.9431065810
    1927  0.5626703592  3.0806496502
    1928  0.2360353113  3.1227051626
    1929  1.0511529665  2.9499284130
    1930 -0.9814693870  2.9738389403
    1931 -1.2409555981  2.8752442338
    1932 -0.5174717594  3.0885632872
    1933 -2.1702047411  2.2577005077
    1934 -2.3309046984  2.0913831517
    1935 -1.8284299395  2.5424091246
    1936 -2.8709870868  1.2507731002
    1937 -2.9416888225  1.0739958436
    1938 -2.6849264130  1.6118841018
    1939 -3.1241294855  0.2163681081
    1940 -3.1310078659  0.0615625230
    1941 -3.0782573555  0.5756143276
    1942 -3.0561336332 -0.6834086748
    1943 -3.0264332436 -0.8047993679
    1944 -3.1090458321 -0.3752788494
    1945 -2.8108372108 -1.3806499828
    1946 -2.7651176171 -1.4700764484
    1947 -2.9148179603 -1.1449176647
    1948 -2.5107771475 -1.8716298556
    1949 -2.4613142561 -1.9362159831
    1950 -2.6235881083 -1.7099080791
    1951 -3.0678454023 -0.6287485891
    1952 -2.6350797649 -1.6921450391
    1953 -3.0878749363 -0.5215635898
    1954 -3.0446699120  0.7327928274
    1955 -2.5003301711  1.8855633737
    1956 -1.6868531848 -2.6384704913
    1957 -0.7414590154 -3.0425710722
    1958 -1.8182865977 -2.5496733221
    1959  0.5683530760 -3.0796063030
    1960  1.4343351589 -2.7838252195
    1961  0.3698062893 -3.1097015145
    1962  2.4243246012 -1.9823345905
    1963  2.8512775776 -1.2950738883
    1964  2.2684166864 -2.1590011434
    1965  3.1301043340 -0.0971959817
    1966  3.0715190974  0.6105494531
    1967  3.1109050441 -0.3595413848
    1968  2.6282367482  1.7027541795
    1969  2.2423854051  2.1860255936
    1970  2.7712680370  1.4584490625
    1971  1.3295590176  2.8353611797
    1972  0.8286255076  3.0199966836
    1973  1.5911158536  2.6972857730
    1974 -0.2205760517  3.1238352079
    1975 -0.6724980040  3.0585530297
    1976  0.0804089379  3.1305805537
    1977 -1.5858107477  2.7004082049
    1978 -1.9064926391  2.4844085851
    1979 -1.3210648720  2.8393287595
    1980 -2.5345160021  1.8393555490
    1981 -2.7109959312  1.5676419431
    1982 -2.3538097427  2.0655701139
    1983 -3.0229255440  0.8178761251
    1984 -3.0819087895  0.5557323224
    1985 -2.9403106206  1.0777632648
    1986 -3.1275659100 -0.1591592898
    1987 -3.1085834037 -0.3790902566
    1988 -3.1303389133  0.0893223858
    1989 -2.9751410060 -0.9775153172
    1990 -2.9140020402 -1.1469927248
    1991 -3.0356712721 -0.7692204680
    1992 -2.6931030334 -1.5981852997
    1993 -2.6151574230 -1.7227744640
    1994 -2.7795284196 -1.4426440883
    1995 -2.3845929969 -2.0299547876
    1996 -2.3043060592 -2.1206540939
    1997 -2.4677636208 -1.9279893445
    1998 -1.6141362401 -2.6835730657
    1999 -0.2598524102 -3.1208135038
    2000 -1.3210507867 -2.8393353130
    2001 -2.2198796771 -2.2088762799
    2002 -3.0153316365 -0.8454438613
    2003  0.5335580951 -3.0858250047
    2004  1.7200301651 -2.6169632079
    2005  0.7723315669 -3.0348812417
    2006  2.3334892319 -2.0884990316
    2007  2.9252325156 -1.1180406657
    2008  2.4405549656 -1.9623179305
    2009  3.1147840792 -0.3242226715
    2010  3.0568742482  0.6800882524
    2011  3.1232542700 -0.2286546862
    2012  2.7785602801  1.4445078644
    2013  2.2642391867  2.1633818678
    2014  2.7619924030  1.4759397570
    2015  1.6406738369  2.6674312665
    2016  0.9396174222  2.9873264469
    2017  1.6540542494  2.6591548922
    2018  0.1711586205  3.1269321910
    2019 -0.4940489003  3.0923964631
    2020  0.2288930735  3.1232368084
    2021 -1.2162492856  2.8857820216
    2022 -1.7196280390  2.6172274659
    2023 -1.1320502603  2.9198394491
    2024 -2.2665187969  2.1609934622
    2025 -2.5724129195  1.7859708766
    2026 -2.1858992837  2.2425085333
    2027 -2.8911825639  1.2033551359
    2028 -3.0226743136  0.8188041246
    2029 -2.8390327438  1.3217009042
    2030 -3.1238468897  0.2204105494
    2031 -3.1294087554 -0.1174778365
    2032 -3.1114608472  0.3546993054
    2033 -3.0625985515 -0.6538274336
    2034 -2.9923826754 -0.9233883931
    2035 -3.0873052840 -0.5249250273
    2036 -2.8226989406 -1.3562340842
    2037 -2.7163949242 -1.5582678897
    2038 -2.8719859704 -1.2484777877
    2039 -2.5075729911 -1.8759205460
    2040 -2.3910321406 -2.0223663128
    2041 -2.5642356077 -1.7976918392
    2042 -2.1964402193 -2.2321851545
    2043 -2.0831825595 -2.3382366485
    2044 -2.2426753695 -2.1857281139
    2045  1.3728417337 -2.8146590868
    2046  2.6192558926 -1.7165368536
    2047  2.0126468325 -2.3992192331
    2048  1.2348706886 -2.8778628499
    2049 -0.5953525041 -3.0745008695
    2050  2.7349489226 -1.5254686464
    2051  3.1303641240 -0.0884344504
    2052  2.9878440292 -0.9379702864
    2053  3.1254864647  0.1957921331
    2054  2.7628361887  1.4743596560
    2055  3.0484474164  0.7169159994
    2056  2.5898368636  1.7606093322
    2057  1.7568739072  2.5923723257
    2058  2.3279675513  2.0946520667
    2059  1.4353234356  2.7833157988
    2060  0.4495979217  3.0991711649
    2061  1.1319646876  2.9198726251
    2062  0.0480788508  3.1312439421
    2063 -0.8474579732  3.0147661907
    2064 -0.2033573335  3.1250033593
    2065 -1.2441291109  2.8738724669
    2066 -1.9167741055  2.4764848534
    2067 -1.4080772158  2.7971983760
    2068 -2.2368482628  2.1916911392
    2069 -2.6517491770  1.6659011084
    2070 -2.3199370395  2.1035428052
    2071 -2.8529953683  1.2912852625
    2072 -3.0394844296  0.7540123362
    2073 -2.8819119943  1.2253911448
    2074 -3.1120974068  0.3490700954
    2075 -3.1289631109 -0.1288023728
    2076 -3.1156501302  0.3157918097
    2077 -3.0892037726 -0.5136343561
    2078 -2.9990535357 -0.9014866005
    2079 -3.0882690347 -0.5192249706
    2080 -2.8790629925 -1.2320700005
    2081 -2.7340021374 -1.5271648613
    2082 -2.8835481891 -1.2215359355
    2083 -2.5720187760 -1.7865384453
    2084 -2.4085119995 -2.0015169619
    2085 -2.5821726106 -1.7718309202
    2086 -2.2417309257 -2.1866967457
    2087 -2.0811592057 -2.3400377265
    2088 -2.2512065785 -2.1769403165
    2089 -1.9417654302 -2.4569385859
    2090 -1.7935987595 -2.5671002494
    2091 -1.9407038515 -2.4577771993
    2092  3.1308544585  0.0689243073
    2093  2.5411774175  1.8301413971
    2094  2.8864549839  1.2146513190
    2095  3.0851445357  0.5374787384
    2096  2.7535018478 -1.4917197373
    2097  2.7317486575  1.5311921737
    2098  1.5581783012  2.7164463150
    2099  2.0970379840  2.3258185429
    2100  1.7699739310  2.5834458547
    2101  0.3771971201  3.1088136858
    2102  0.9873755507  2.9718831946
    2103  0.5330737350  3.0859087144
    2104 -0.7853784575  3.0315311114
    2105 -0.2077165139  3.1247166352
    2106 -0.7106733332  3.0499087878
    2107 -1.7732155537  2.5812219588
    2108 -1.2989579325  2.8495102194
    2109 -1.7664001281  2.5858907146
    2110 -2.5001127354  1.8858516672
    2111 -2.1647664374  2.2629154805
    2112 -2.5289902323  1.8469457505
    2113 -2.9423498458  1.0721835597
    2114 -2.7514740721  1.4954566630
    2115 -2.9729534101  0.9841484755
    2116 -3.1219831708  0.2454002488
    2117 -3.0602167235  0.6648863106
    2118 -3.1293275075  0.1196225378
    2119 -3.0881765637 -0.5197746742
    2120 -3.1285611038 -0.1382230826
    2121 -3.0604209294 -0.6639457325
    2122 -2.9010451735 -1.1793799651
    2123 -3.0127170526 -0.8547140816
    2124 -2.8388441696 -1.3221058890
    2125 -2.6199915189 -1.7154138397
    2126 -2.7734986242 -1.4542027308
    2127 -2.5333131594 -1.8410118514
    2128 -2.2967760059 -2.1288072199
    2129 -2.4670578114 -1.9288924168
    2130 -2.2010717269 -2.2276183367
    2131 -1.9724997974 -2.4323331906
    2132 -2.1400259285 -2.2863265790
    2133 -1.8854099349 -2.5004458759
    2134 -1.6773472376 -2.6445238598
    2135 -1.8280062125 -2.5427138038
    2136 -1.6164497040 -2.6821801869
    2137 -1.4319452537 -2.7850552941
    2138 -1.5562319850 -2.7175618134
    2139  0.9075189263  2.9972336577
    2140 -1.0991575141  2.9323800845
    2141 -0.6375660941  3.0660250613
    2142 -0.1609648908  3.1274735018
    2143  1.9531308421  2.4479134205
    2144 -0.1994821739  3.1252531198
    2145 -1.8909029876  2.4962944722
    2146 -1.5108468209  2.7430534235
    2147 -1.2189671522  2.8846350345
    2148 -2.4922118495  1.8962806484
    2149 -2.2119975067  2.2167695485
    2150 -2.0512515763  2.3662982000
    2151 -2.8893948096  1.2076414348
    2152 -2.7127437310  1.5646154961
    2153 -2.6467880888  1.6737720913
    2154 -3.0921579626  0.4955394386
    2155 -3.0118956995  0.8576039272
    2156 -2.9982723147  0.9040814829
    2157 -3.1258787430 -0.1894261982
    2158 -3.1278251359  0.1539809083
    2159 -3.1286477888  0.1362468883
    2160 -3.0244174762 -0.8123417572
    2161 -3.0908804319 -0.5034464781
    2162 -3.0786700517 -0.5734029242
    2163 -2.8243013900 -1.3528938831
    2164 -2.9368231879 -1.0872303176
    2165 -2.8963163675 -1.1909457167
    2166 -2.5605449539 -1.8029447411
    2167 -2.7018095237 -1.5834220846
    2168 -2.6290208492 -1.7015432922
    2169 -2.2640675230 -2.1635615202
    2170 -2.4190344546 -1.9887866924
    2171 -2.3188583460 -2.1047318528
    2172 -1.9604454000 -2.4420593839
    2173 -2.1168414263 -2.3078090425
    2174 -2.0002225150 -2.4095871204
    2175 -1.6696525303 -2.6493887274
    2176 -1.8180069059 -2.5498727597
    2177 -1.6993518682 -2.6304378778
    2178 -1.4064779573 -2.7980028514
    2179 -1.5398577969 -2.7268733315
    2180 -1.4350274319 -2.7834684245
    2181 -1.1812934501 -2.9002665370
    2182 -1.2948941993 -2.8513591870
    2183 -1.2198709824 -2.8842529340
    2184 -1.0009812791 -2.9673282056
    2185 -1.0916509795 -2.9351828460
    2186 -2.7096357669  1.5699917871
    2187 -3.0906677023 -0.5047507848
    2188 -3.1205269276 -0.2632715228
    2189 -3.1315478669 -0.0202029189
    2190 -2.2775275350  2.1493879427
    2191 -2.9851514390  0.9465046681
    2192 -2.9838303915 -0.9506610308
    2193 -3.0454216427 -0.7296624006
    2194 -3.1152849094  0.3193745978
    2195 -2.8251355879 -1.3511510318
    2196 -2.9113770177 -1.1536394851
    2197 -3.1190785321 -0.2799094702
    2198 -2.6282072111 -1.7027997698
    2199 -2.7323343737 -1.5301467482
    2200 -3.0198657393 -0.8291025975
    2201 -2.4056493736 -2.0049566808
    2202 -2.5214584527 -1.8572149773
    2203 -2.8423706417 -1.3145072596
    2204 -2.1686991548 -2.2591467807
    2205 -2.2907017211 -2.1353420863
    2206 -2.6105482990 -1.7297507852
    2207 -1.9270432429 -2.4685024895
    2208 -2.0505447814 -2.3669107081
    2209 -2.3461413861 -2.0742759693
    2210 -1.6887901777 -2.6372311117
    2211 -1.8098840207 -2.5556447390
    2212 -2.0678789756 -2.3517816104
    2213 -1.4605216171 -2.7701763133
    2214 -1.5760583117 -2.7061116752
    2215 -1.7911643429 -2.5687994272
    2216 -1.2474227461 -2.8724443760
    2217 -1.3549373999 -2.8233215975
    2218 -1.5281262421 -2.7334649053
    2219 -1.0534496199 -2.9491090348
    2220 -1.1510731629 -2.9123926202
    2221 -1.2879216171 -2.8545153895
    2222 -0.8815311415 -3.0049797083
    2223 -0.9678935994 -2.9782851074
    2224 -1.0771820231 -2.9405236081
    2225 -0.7337446588 -3.0444406672
    2226 -0.8078788706 -3.0256126538
    2227 -0.9004718888 -2.9993583611
    2228 -0.6115077976 -3.0713284445
    2229 -0.6727590381 -3.0584956232
    2230 -0.7607955743 -3.0377936557
    2231 -0.5157493306 -3.0888513769
    2232 -0.5636981976 -3.0804617418
    2233 -2.0280934079 -2.3861762989
    2234 -2.2072293344 -2.2215172441
    2235 -1.8479580251 -2.5282506478
    2236 -1.6696869722 -2.6493670217
    2237 -1.4957437074 -2.7513180410
    2238 -1.3282054167 -2.8359955169
    2239 -1.1688085161 -2.9053204390
    2240 -1.0189714490 -2.9611986402
    2241 -0.8798331874 -3.0054772937
    2242 -0.7522898208 -3.0399112201
    2243 -0.6370305921 -3.0661363677
    2244 -0.5345723547 -3.0856494613
    2245 -0.4452885670 -3.0997932661
    2246 -0.3694508257 -3.1097437657
    2247 -0.3072360731 -3.1165054462
    2248 -0.2587610682 -3.1209041815
    2249 -2.7894753156 -1.4233157118
    2250 -2.6591605267 -1.6540451933
    2251 -3.1258165011  0.1904506422
    2252 -2.4386797843  1.9646478726
    2253 -2.2471366035  2.1811411387
    2254  0.4472835468 -3.0995060302
    2255  0.6842255168 -3.0559508573
    2256 -1.2109597216 -2.8880056706
    2257  3.0780764382 -0.5765809928
    2258  3.1105962482 -0.3622032319
    2259  2.3268513327 -2.0958919523
    2260  2.7461665173  1.5051809393
    2261 -2.1631042749 -2.2645043880
    2262 -1.5305758526 -2.7320940196
    2263 -2.7980774257 -1.4063295063
    2264 -3.1057207396  0.4018680256
    2265 -2.8802202750  1.2293623776
    2266  1.3599314657 -2.8209194614
    2267  1.9646638487 -2.4386668831
    2268  0.2619773827 -3.1206358419
    2269  3.1189007355  0.2818836684
    2270  2.9952500280  0.9140445673
    2271  2.9933851961 -0.9201332893
    2272  1.9696161938  2.4346688173
    2273 -0.3058223621 -3.1166444892
    2274  0.9703164605 -2.9774966322
    2275 -0.7500138681 -3.0404735526
    2276 -2.2437031900 -2.1846729813
    2277 -2.9709651755 -0.9901347631
    2278  2.7218347122 -1.5487465883
    2279  3.1000897119 -0.4432200147
    2280  2.3974342717 -2.0147727227
    2281  2.5230863331  1.8550028454
    2282  1.7657727019  2.5863191925
    2283  2.8659514287  1.2622688342
    2284  0.1320085920  3.1288294828
    2285  2.4110771958 -1.9984261235
    2286  3.1058298115 -0.4010253163
    2287  2.5229463698 -1.8551931392
    2288  1.3086527165 -2.8450707943
    2289 -0.5723716764 -3.0788619255
    2290  2.9192043247  1.1336870436
    2291  1.9883940862  2.4193571782
    2292  2.9114289704  1.1535083581
    2293  0.4303394686  3.1019039544
    2294 -0.9950148149  2.9693342215
    2295  0.5677332383  3.0797206319
    2296 -2.3087415707  2.1158243218
    2297  2.6327443932  1.6957762894
    2298  0.9192900862  2.9936442574
    2299  2.1113359682  2.3128468476
    2300  2.8976792248  1.1876256846
    2301  2.9135840497 -1.1480545007
    2302  0.1596306520  3.1275418870
    2303 -1.7317359571  2.6092318370
    2304 -0.4493983814  3.0992001070
    2305 -2.4464087458  1.9550152043
    2306 -3.1156634877  0.3156599951
    2307 -2.6813127926  1.6178881018
    2308 -2.9513266775 -1.0472206279
    2309 -1.5625405695  2.7139394162
    2310 -3.0505218651  0.7080370707
    2311 -2.5926831840  1.7564150839
    2312 -1.7888592009  2.5704051490
    2313  0.8862209598  3.0035999131
    2314 -3.0425283047  0.7416344889
    2315 -2.7381803925 -1.5196605987
    2316 -3.1012781797 -0.4348262144
    2317 -2.6361469837 -1.6904819670
    2318 -1.0129957324 -2.9632481919
    2319 -2.0096807869 -2.4017042563
    2320  0.1188703503 -3.1293561703
    2321 -2.4117047497 -1.9976687573
    2322  0.1277854052 -3.1290048119
    2323 -0.7532950098 -3.0396622876
    2324 -1.5741328863 -2.7072320880
    2325 -3.1290244371 -0.1273076610
    2326 -0.7075713296 -3.0506299374
    2327  1.7896440902 -2.5698587968
    2328  0.9986465975 -2.9681147528
    2329  1.2860810640 -2.8553451100
    2330  2.8904632283 -1.2050819586
    2331  2.4375202730 -1.9660862444
    2332  3.1122502282 -0.3477049292
    2333  2.6967578891 -1.5920103802
    2334  2.8013395637  1.3998202783
    2335  3.0179318588  0.8361144467
    2336  3.1223015905  0.2413142886
    2337  1.6651389621 -2.6522277513
    2338  3.1266321711 -0.1765544258
    2339  2.0675716889  2.3520517660
    2340  2.4805766272  1.9114758140
    2341  2.8588382147  1.2782974078
    2342  1.0291292863  2.9576837411
    2343  1.5776853371  2.7051634289
    2344  0.4423074343  3.1002200461
    2345  0.1827395892  3.1262767718
    2346 -2.6191723895  1.7166642889
    2347 -2.4390911319  1.9641371976
    2348 -2.2357106484  2.1928517826
    2349  1.0717443167  2.9425099301
    2350 -0.7216209491  3.0473371008
    2351 -2.9028035229  1.1750454946
    2352 -2.7742379550  1.4527917930
    2353 -1.5653451143  2.7123227820
    2354 -3.0757932088  0.5886393951
    2355 -3.0036436886  0.8860726799
    2356 -3.1185644035  0.2855805696
    2357 -2.7552611816 -1.4884676611
    2358 -2.8873997965 -1.2124034353
    2359 -2.5968036979 -1.7503173291
    2360 -2.4135441785 -1.9954459900
