       1 -0.6222183061 -0.2372480565
       2 -0.4430257914 -0.5197366527
       3 -0.1428553707 -0.6866937435
       4 -0.1235855549 -0.6914121741
       5 -0.1418086572 -0.6864841922
       6 -0.4421521379 -0.5199423654
       7 -0.6216203072 -0.2376850940
       8 -0.6153865640 -0.2568282110
       9  0.1901697425 -0.6947895862
      10  0.4993874182 -0.5474800800
      11  0.5139203305 -0.5353129248
      12  0.5000905113 -0.5462477421
      13  0.1911773398 -0.6940710228
      14  0.7057142767 -0.2881219344
      15  0.7842570201  0.0439711208
      16  0.7841589563  0.0620497142
      17  0.7837044363  0.0456684210
      18  0.7058806238 -0.2865334000
      19  0.7211583184  0.3671562458
      20  0.5284526836  0.6467615131
      21  0.5157888367  0.6584219107
      22  0.5265218318  0.6477240083
      23  0.7198752724  0.3686479480
      24  0.2537269600  0.8234032287
      25 -0.0776191128  0.8870863519
      26 -0.0939803985  0.8867735415
      27 -0.0800461444  0.8863796835
      28  0.2513966224  0.8236138565
      29 -0.3959158908  0.8301594915
      30 -0.6848500846  0.6610795660
      31 -0.6964830588  0.6507836059
      32 -0.6864597911  0.6586904269
      33 -0.3981001873  0.8285661355
      34 -0.8915869888  0.4174184670
      35 -1.0147678904  0.1093144342
      36 -1.0176839171  0.0948652151
      37 -1.0146108061  0.1061226932
      38 -0.8924044928  0.4144897191
      39 -1.0374652195 -0.2052667364
      40 -0.9652243909 -0.5260763708
      41 -0.9599190706 -0.5390313912
      42 -0.9631735076 -0.5288398486
      43 -1.0363452018 -0.2083986689
      44 -0.8161600575 -0.7992323430
      45 -0.5909088222 -1.0352184267
      46 -0.5803483011 -1.0433483422
      47 -0.5876140405 -1.0365966276
      48 -0.8133876265 -0.8014043391
      49 -0.3310496436 -1.1990354528
      50 -0.0245174993 -1.3050337636
      51 -0.0120251457 -1.3075192221
      52 -0.0210253164 -1.3047331147
      53 -0.3275219491 -1.1995879561
      54  0.2767840353 -1.3417312937
      55  0.5991899404 -1.3183865516
      56  0.6111975755 -1.3160812813
      57  0.6019066678 -1.3168686467
      58  0.2800023904 -1.3407413719
      59  0.8899513043 -1.2452782513
      60  1.1867407239 -1.1195134306
      61  1.1971236613 -1.1139355320
      62  1.1881615047 -1.1178648519
      63  0.8920709396 -1.2435319123
      64  1.4401716396 -0.9691916348
      65  1.6945840077 -0.7753208075
      66  1.7032573292 -0.7679091206
      67  1.6948853225 -0.7749944758
      68  1.4409877402 -0.9679837347
      69  1.9034961517 -0.5808574001
      70  2.1138000345 -0.3492444001
      71  2.1213022107 -0.3409402542
      72  2.1139442362 -0.3516597628
      73  1.9035548378 -0.5816728885
      74  2.2791342321 -0.1385076489
      75  2.4459145923  0.1056370797
      76  2.4526634818  0.1145837147
      77  2.4471915518  0.0997168469
      78  2.2797275825 -0.1425355762
      79 -0.1221922262 -0.6906988850
      80 -0.1399549417 -0.6852278446
      81 -0.4398160062 -0.5199184460
      82 -0.6195530623 -0.2389818736
      83 -0.6140942335 -0.2576571488
      84  0.5140697962 -0.5337277806
      85  0.4997150433 -0.5441805442
      86  0.1920322053 -0.6920870279
      87  0.7829206018  0.0630901752
      88  0.7816821716  0.0461610074
      89  0.7044712409 -0.2850134919
      90  0.5141943238  0.6580406898
      91  0.5251002494  0.6459915836
      92  0.7178488513  0.3679788885
      93 -0.0946605984  0.8852618686
      94 -0.0791016896  0.8839234749
      95  0.2510160048  0.8212434699
      96 -0.6956849127  0.6492955492
      97 -0.6832498505  0.6578915248
      98 -0.3959047712  0.8266368886
      99 -1.0159017957  0.0946186167
     100 -1.0110476949  0.1086341473
     101 -0.8887035641  0.4151955357
     102 -0.9584437170 -0.5374619961
     103 -0.9619968932 -0.5230203700
     104 -1.0335988898 -0.2041600929
     105 -0.5807181579 -1.0403633933
     106 -0.5913090294 -1.0291697622
     107 -0.8143197515 -0.7944992630
     108 -0.0155168983 -1.3044634468
     109 -0.0311616184 -1.2986527726
     110 -0.3342148362 -1.1923889839
     111  0.6038786447 -1.3150581442
     112  0.5848318528 -1.3158584454
     113  0.2665117886 -1.3366111083
     114  1.1859838966 -1.1176433822
     115  1.1646246867 -1.1262004986
     116  0.8717750006 -1.2464478476
     117  1.6891420630 -0.7795174033
     118  1.6663154820 -0.7975070208
     119  1.4148041692 -0.9824496610
     120  2.1061039621 -0.3637974864
     121  2.0830309783 -0.3935605388
     122  1.8734507484 -0.6126917885
     123  2.4393700720  0.0778167048
     124  2.4184418176  0.0338746510
     125  2.2490838977 -0.1951064505
     126 -0.1194331307 -0.6887022384
     127 -0.1360531300 -0.6824190554
     128 -0.4350193613 -0.5195254449
     129 -0.6152206940 -0.2411006491
     130 -0.6109692127 -0.2592713340
     131  0.5136354368 -0.5304230040
     132  0.4992670613 -0.5393754896
     133  0.1940376697 -0.6877139728
     134  0.7798428903  0.0643627853
     135  0.7773294781  0.0484060805
     136  0.7017692503 -0.2809818066
     137  0.5114175639  0.6560248461
     138  0.5206506907  0.6436240361
     139  0.7128912111  0.3679671599
     140 -0.0944896690  0.8815798711
     141 -0.0798827203  0.8786979815
     142  0.2480261383  0.8170575644
     143 -0.6921668995  0.6470281185
     144 -0.6793202220  0.6537575456
     145 -0.3942933726  0.8214207227
     146 -1.0110796044  0.0962507931
     147 -1.0045886850  0.1091105437
     148 -0.8830999470  0.4129919964
     149 -0.9557150544 -0.5313954229
     150 -0.9571776213 -0.5167219014
     151 -1.0273654967 -0.2008144791
     152 -0.5834568576 -1.0315550006
     153 -0.5925360297 -1.0186811919
     154 -0.8119374743 -0.7857931388
     155 -0.0261152061 -1.2963978445
     156 -0.0417717788 -1.2879939342
     157 -0.3396748431 -1.1811965996
     158  0.5843704275 -1.3124375317
     159  0.5631379363 -1.3107251927
     160  0.2506495894 -1.3278307606
     161  1.1578443866 -1.1260642551
     162  1.1318401196 -1.1335033072
     163  0.8446466444 -1.2463638142
     164  1.6540209650 -0.8053948073
     165  1.6241739607 -0.8252165031
     166  1.3772180562 -0.9984399895
     167  2.0674098158 -0.4140555290
     168  2.0354435603 -0.4503058419
     169  1.8280910227 -0.6530414368
     170  2.4028288605 -0.0028300342
     171  2.3720378198 -0.0594638241
     172  2.2010350274 -0.2681022208
     173 -0.1143306281 -0.6845739791
     174 -0.1293512038 -0.6769483288
     175 -0.4266374292 -0.5181320346
     176 -0.6073795270 -0.2439843929
     177 -0.6049797528 -0.2615908537
     178  0.5128686645 -0.5237331722
     179  0.4983477431 -0.5304370819
     180  0.1974144028 -0.6795761369
     181  0.7737374884  0.0676739093
     182  0.7692398721  0.0531230735
     183  0.6968143063 -0.2732697933
     184  0.5048440813  0.6530877005
     185  0.5115166757  0.6401243499
     186  0.7033588691  0.3687612006
     187 -0.0964932550  0.8743489810
     188 -0.0834173398  0.8690993276
     189  0.2409810226  0.8099645477
     190 -0.6878146239  0.6404365059
     191 -0.6744932683  0.6441810880
     192 -0.3937487731  0.8109727126
     193 -1.0026435602  0.0949984772
     194 -0.9937370528  0.1057138392
     195 -0.8747571731  0.4058081078
     196 -0.9481541892 -0.5252680624
     197 -0.9461795559 -0.5108555460
     198 -1.0155885485 -0.1998184130
     199 -0.5822952139 -1.0194761257
     200 -0.5882236459 -1.0046777829
     201 -0.8033751067 -0.7755691827
     202 -0.0357657641 -1.2828311846
     203 -0.0498115993 -1.2707441409
     204 -0.3407729691 -1.1648147039
     205  0.5613990636 -1.3040372516
     206  0.5392908380 -1.2978480229
     207  0.2352509081 -1.3116107276
     208  1.1210996711 -1.1310819588
     209  1.0911437751 -1.1345723158
     210  0.8126813961 -1.2388918715
     211  1.6051746153 -0.8334479721
     212  1.5680375901 -0.8514447183
     213  1.3288155735 -1.0100263534
     214  2.0107514933 -0.4756508352
     215  1.9682118408 -0.5140526812
     216  1.7659613783 -0.6954288251
     217  2.3458420029 -0.1073207176
     218  2.3016274083 -0.1720086014
     219  2.1311330373 -0.3533586205
     220 -0.1062058499 -0.6769840915
     221 -0.1191711970 -0.6673476544
     222 -0.4133474499 -0.5148536753
     223 -0.5944588846 -0.2475685763
     224 -0.5947003573 -0.2645116910
     225  0.5110343609 -0.5122729332
     226  0.4960063209 -0.5159727625
     227  0.2020236569 -0.6660314081
     228  0.7629789930  0.0733285291
     229  0.7556346262  0.0603244240
     230  0.6880794327 -0.2610669247
     231  0.4930758126  0.6481727385
     232  0.4965025440  0.6340225825
     233  0.6875948304  0.3695775630
     234 -0.1009626236  0.8617243301
     235 -0.0894203087  0.8531127470
     236  0.2293580735  0.7980749235
     237 -0.6815871680  0.6278068001
     238 -0.6670582832  0.6277774551
     239 -0.3932247416  0.7934570979
     240 -0.9885818832  0.0900300921
     241 -0.9760942294  0.0984281118
     242 -0.8615136637  0.3928776564
     243 -0.9333965093 -0.5186679541
     244 -0.9268073808 -0.5039516022
     245 -0.9958658715 -0.2004409974
     246 -0.5751079336 -1.0024499054
     247 -0.5770309946 -0.9845256540
     248 -0.7867940548 -0.7617380767
     249 -0.0430268737 -1.2609585629
     250 -0.0551130566 -1.2435071581
     251 -0.3367181910 -1.1401937680
     252  0.5353925245 -1.2860423885
     253  0.5121612452 -1.2732909154
     254  0.2198683963 -1.2842839006
     255  1.0747811561 -1.1278761809
     256  1.0399166742 -1.1248431039
     257  0.7740748907 -1.2198242480
     258  1.5396182818 -0.8577860649
     259  1.4932189135 -0.8706536906
     260  1.2660910924 -1.0122340970
     261  1.9301337829 -0.5416998689
     262  1.8734181237 -0.5779300207
     263  1.6810302904 -0.7337192362
     264  2.2582241876 -0.2283466926
     265  2.1944904941 -0.2956637615
     266  2.0293920905 -0.4433699656
     267 -0.0942885416 -0.6643694902
     268 -0.1046016849 -0.6520472978
     269 -0.3936308491 -0.5087770676
     270 -0.5747273441 -0.2517886748
     271 -0.5784572840 -0.2679161768
     272  0.5072210409 -0.4944672818
     273  0.4914648086 -0.4942403070
     274  0.2079635078 -0.6452227376
     275  0.7456711958  0.0815763915
     276  0.7345717164  0.0705485010
     277  0.6740794235 -0.2430950869
     278  0.4745893656  0.6399503163
     279  0.4737782099  0.6242101923
     280  0.6635449946  0.3701302750
     281 -0.1080516637  0.8415602751
     282 -0.0985174013  0.8285384664
     283  0.2118208443  0.7796305846
     284 -0.6721115398  0.6072848502
     285 -0.6560448541  0.6022777416
     286 -0.3925674971  0.7665080668
     287 -0.9665025365  0.0806172232
     288 -0.9493664171  0.0858316685
     289 -0.8416878240  0.3722534054
     290 -0.9087859880 -0.5108713127
     291 -0.8960496857 -0.4960609466
     292 -0.9654716120 -0.2034763479
     293 -0.5596129699 -0.9783698248
     294 -0.5558398427 -0.9567296703
     295 -0.7590621772 -0.7436057183
     296 -0.0463833922 -1.2274735392
     297 -0.0549062137 -1.2032162467
     298 -0.3245130777 -1.1050808666
     299  0.5068650519 -1.2539886129
     300  0.4838579057 -1.2322958386
     301  0.2069876444 -1.2419954229
     302  1.0181124052 -1.1105653826
     303  0.9792607500 -1.0974585769
     304  0.7305024787 -1.1834683318
     305  1.4546631982 -0.8705168176
     306  1.3992126525 -0.8730774550
     307  1.1894871148 -0.9969412985
     308  1.8197182423 -0.6015430784
     309  1.7477673048 -0.6281227054
     310  1.5716723338 -0.7563830305
     311  2.1291788276 -0.3520328148
     312  2.0426672388 -0.4115063448
     313  1.8906096898 -0.5220379682
     314 -0.0776641432 -0.6451388345
     315 -0.0846782698 -0.6295372844
     316 -0.3659771299 -0.4990403555
     317 -0.5464940276 -0.2565903488
     318 -0.5545120498 -0.2716916896
     319  0.5006761453 -0.4685250373
     320  0.4840918308 -0.4634392451
     321  0.2154444115 -0.6153155611
     322  0.7198508599  0.0930566479
     323  0.7041620242  0.0845675301
     324  0.6534540236 -0.2179296263
     325  0.4474261715  0.6274027283
     326  0.4413160110  0.6098414160
     327  0.6290950366  0.3704098616
     328 -0.1186053735  0.8116330346
     329 -0.1117634219  0.7932342561
     330  0.1867041885  0.7530647364
     331 -0.6586207955  0.5763960909
     332 -0.6409405372  0.5651061491
     333 -0.3920981893  0.7276489492
     334 -0.9341681171  0.0649682685
     335 -0.9114794171  0.0658444911
     336 -0.8139729139  0.3414948396
     337 -0.8711176555 -0.5023623478
     338 -0.8506663526 -0.4880639955
     339 -0.9216991829 -0.2104881787
     340 -0.5322131602 -0.9460984806
     341 -0.5207688883 -0.9205485113
     342 -0.7165613439 -0.7213026241
     343 -0.0423198540 -1.1794612896
     344 -0.0451378340 -1.1472452130
     345 -0.3001402929 -1.0578507560
     346  0.4788890921 -1.2029575916
     347  0.4582274312 -1.1700408593
     348  0.2006042654 -1.1811072988
     349  0.9533695812 -1.0717233841
     350  0.9124768681 -1.0448312723
     351  0.6855979918 -1.1237670454
     352  1.3512061436 -0.8607727373
     353  1.2882763631 -0.8473443281
     354  1.1018838916 -0.9549155838
     355  1.6779215015 -0.6395001911
     356  1.5915461060 -0.6479356914
     357  1.4393632271 -0.7497586268
     358  1.9528329222 -0.4564336487
     359  1.8428754183 -0.4957261472
     360  1.7136539327 -0.5695712611
     361 -0.0554391963 -0.6178565341
     362 -0.0585402047 -0.5985614007
     363 -0.3290951872 -0.4849384637
     364 -0.5083361462 -0.2619311108
     365 -0.5212776171 -0.2757432876
     366  0.4908020009 -0.4327407935
     367  0.4734322658 -0.4219969033
     368  0.2247163475 -0.5747525085
     369  0.6837300266  0.1085318975
     370  0.6628233721  0.1031840193
     371  0.6251176910 -0.1842588140
     372  0.4096203087  0.6097756610
     373  0.3972553814  0.5903651327
     374  0.5824007494  0.3705817925
     375 -0.1337248705  0.7699186710
     376 -0.1303417843  0.7454135698
     377  0.1523756250  0.7171650168
     378 -0.6407475309  0.5326130317
     379 -0.6216255900  0.5138646344
     380 -0.3924110327  0.6746980997
     381 -0.8896737606  0.0409221604
     382 -0.8608377226  0.0362398771
     383 -0.7775220359  0.2981931102
     384 -0.8172527590 -0.4942370079
     385 -0.7877647560 -0.4813287243
     386 -0.8622834871 -0.2233569941
     387 -0.4889789056 -0.9052034464
     388 -0.4679680993 -0.8759813686
     389 -0.6558881156 -0.6955829889
     390 -0.0265292634 -1.1146300508
     391 -0.0213408576 -1.0738267650
     392 -0.2594126055 -0.9976929828
     393  0.4558365800 -1.1284179848
     394  0.4401060745 -1.0825520865
     395  0.2053895509 -1.0988515442
     396  0.8847257356 -1.0039259842
     397  0.8446117677 -0.9600755346
     398  0.6443127570 -1.0354603209
     399  1.2328860415 -0.8170872884
     400  1.1655257652 -0.7824412848
     401  1.0083871037 -0.8774920842
     402  1.5071925285 -0.6382679048
     403  1.4096448928 -0.6202779573
     404  1.2891705739 -0.7002510715
     405  1.7291664405 -0.5161606109
     406  1.5990143625 -0.5225558411
     407  1.5030922466 -0.5651904416
     408 -0.0268574055 -0.5814512035
     409 -0.0255133485 -0.5583254344
     410 -0.2821065512 -0.4660461523
     411 -0.4593321494 -0.2677798341
     412 -0.4775531071 -0.2799981356
     413  0.4772728996 -0.3857103920
     414  0.4593768122 -0.3687219226
     415  0.2361151143 -0.5224727401
     416  0.6359498481  0.1288439135
     417  0.6095154969  0.1273138469
     418  0.5884889252 -0.1409379502
     419  0.3594098312  0.5867528265
     420  0.3399832045  0.5657906777
     421  0.5220676753  0.3711781658
     422 -0.1547367677  0.7148894294
     423 -0.1557432817  0.6839129415
     424  0.1071841797  0.6713700137
     425 -0.6187117129  0.4736266927
     426 -0.5987374339  0.4464147373
     427 -0.3946603663  0.6059632291
     428 -0.8318031086  0.0060707474
     429 -0.7967192440 -0.0055411493
     430 -0.7323519202  0.2399192161
     431 -0.7445480988 -0.4883088549
     432 -0.7050796293 -0.4781355765
     433 -0.7857527750 -0.2445963994
     434 -0.4260533386 -0.8563148076
     435 -0.3937068965 -0.8243616956
     436 -0.5740437354 -0.6683435209
     437  0.0057946490 -1.0319410432
     438  0.0214897902 -0.9827781832
     439 -0.1979585590 -0.9252704193
     440  0.4432768150 -1.0271651165
     441  0.4356409997 -0.9675999664
     442  0.2269057183 -0.9941248120
     443  0.8184865446 -0.9010904026
     444  0.7830308458 -0.8382561546
     445  0.6133514681 -0.9151176469
     446  1.1068799290 -0.7293056990
     447  1.0399310459 -0.6696740916
     448  0.9170550707 -0.7581107508
     449  1.3157848421 -0.5816665796
     450  1.2133485312 -0.5309519522
     451  1.1310529821 -0.5968373105
     452  1.4675329767 -0.5062230314
     453  1.3255435437 -0.4696673783
     454  1.2716023937 -0.4913065235
     455  0.0084054008 -0.5353909078
     456  0.0143698685 -0.5086278750
     457 -0.2248948593 -0.4422062733
     458 -0.3992812702 -0.2741046696
     459 -0.4227521479 -0.2844097498
     460  0.4598771344 -0.3268050141
     461  0.4416672866 -0.3036046505
     462  0.2494691742 -0.4583300475
     463  0.5758675685  0.1543009613
     464  0.5440847503  0.1566593640
     465  0.5433158487 -0.0881184345
     466  0.2960498701  0.5581194133
     467  0.2696944077  0.5357560047
     468  0.4481022674  0.3718250231
     469 -0.1821576637  0.6458534826
     470 -0.1875016389  0.6086324129
     471  0.0514891401  0.6154127646
     472 -0.5925760012  0.3984517870
     473 -0.5718443492  0.3630344830
     474 -0.3983557759  0.5215339151
     475 -0.7600556711 -0.0406559877
     476 -0.7189910333 -0.0590172807
     477 -0.6781558375  0.1670875030
     478 -0.6518730515 -0.4855217998
     479 -0.6027934302 -0.4781218184
     480 -0.6921450145 -0.2737409696
     481 -0.3415989360 -0.8000420973
     482 -0.2982065984 -0.7657003821
     483 -0.4712792688 -0.6393842677
     484  0.0573353915 -0.9313943879
     485  0.0835911925 -0.8744945414
     486 -0.1158468827 -0.8407992419
     487  0.4449706566 -0.8981631655
     488  0.4461554603 -0.8256328669
     489  0.2658315773 -0.8674138607
     490  0.7598810219 -0.7604453723
     491  0.7308776733 -0.6791221093
     492  0.5948153290 -0.7629737113
     493  0.9805256205 -0.5917459335
     494  0.9173812584 -0.5067989956
     495  0.8322103281 -0.5957698411
     496  1.1141221147 -0.4592051823
     497  1.0125578960 -0.3736907941
     498  0.9726092555 -0.4356805441
     499  1.1826807489 -0.4085988003
     500  1.0380497756 -0.3239939698
     501  1.0314798251 -0.3388495457
     502  0.0400849010 -0.5431846615
     503  0.3579710037 -0.4258221426
     504  0.5515750459 -0.1387052028
     505  0.5577758821 -0.1151956523
     506  0.5514252099 -0.1379898102
     507  0.3582746735 -0.4251623502
     508  0.0407171037 -0.5428369303
     509  0.0654178156 -0.5414875019
     510  0.5407856379  0.2153670983
     511  0.3200802021  0.5032505833
     512  0.3007263308  0.5160164505
     513  0.3193435870  0.5033133820
     514  0.5402352766  0.2158553720
     515 -0.0359491985  0.6107552176
     516 -0.3971316405  0.4870066996
     517 -0.4144809923  0.4734858729
     518 -0.3973982249  0.4863133157
     519 -0.0365786131  0.6103625939
     520 -0.6244147631  0.1669793511
     521 -0.6242071651  0.1662666239
     522  0.5573623203 -0.1137519425
     523  0.5507735576 -0.1357289270
     524  0.3590896147 -0.4229771399
     525  0.0426535260 -0.5415751930
     526  0.0666566373 -0.5406774869
     527  0.2992046899  0.5160411674
     528  0.3169513603  0.5033400294
     529  0.5383481615  0.2172937556
     530 -0.4149375549  0.4720215173
     531 -0.3981006911  0.4839946862
     532 -0.0385233055  0.6089408733
     533 -0.6233607634  0.1639852377
     534  0.5561255286 -0.1106550507
     535  0.5490312822 -0.1315914570
     536  0.3601348345 -0.4186688881
     537  0.0460116323 -0.5387635574
     538  0.0691927507 -0.5386215310
     539  0.2958125542  0.5157568592
     540  0.3123728967  0.5028601138
     541  0.5344359435  0.2196102299
     542 -0.4156412899  0.4686279801
     543 -0.3989556611  0.4793575190
     544 -0.0419487926  0.6057807610
     545 -0.6212242270  0.1597220124
     546  0.5532832328 -0.1055073663
     547  0.5452783112 -0.1250586382
     548  0.3609726537 -0.4113020372
     549  0.0509727078 -0.5334079392
     550  0.0731409486 -0.5344873630
     551  0.2898827921  0.5145277083
     552  0.3047759947  0.5011404392
     553  0.5274232166  0.2226907974
     554 -0.4161944532  0.4624171844
     555 -0.3995212167  0.4713179779
     556 -0.0471135320  0.5997738876
     557 -0.6167814313  0.1528271694
     558  0.5477555005 -0.0977583262
     559  0.5383526668 -0.1154760932
     560  0.3610478583 -0.3996970540
     561  0.0577652743 -0.5242527686
     562  0.0786561991 -0.5271257356
     563  0.2804948571  0.5114756374
     564  0.2931120282  0.4972542949
     565  0.5159525953  0.2263907590
     566 -0.4160491290  0.4521627191
     567 -0.3992436024  0.4585056816
     568 -0.0543482287  0.5895213593
     569 -0.6087520470  0.1424766295
     570  0.5382728938 -0.0867629864
     571  0.5269713297 -0.1021256417
     572  0.3597457645 -0.3825538367
     573  0.0666365593 -0.5099124225
     574  0.0859189637 -0.5151858987
     575  0.2665656690  0.5055704561
     576  0.2762228123  0.4901810260
     577  0.4985262851  0.2305519616
     578 -0.4145656268  0.4364220442
     579 -0.3975141452  0.4394093733
     580 -0.0640163721  0.5734811533
     581 -0.5957274554  0.1277572293
     582  0.5235149348 -0.0718555790
     583  0.5098777059 -0.0843107791
     584  0.3564569034 -0.3586067868
     585  0.0778177415 -0.4890312681
     586  0.0951095896 -0.4972638920
     587  0.2469722891  0.4957408970
     588  0.2529816924  0.4789196844
     589  0.4736834295  0.2350104361
     590 -0.4110818312  0.4136966332
     591 -0.3937400759  0.4125525193
     592 -0.0764729410  0.5501469670
     593 -0.5763342664  0.1077751698
     594  0.5022707087 -0.0524383569
     595  0.4860042899 -0.0614604535
     596  0.3506511379 -0.3267966122
     597  0.0914830632 -0.4604628145
     598  0.1063781345 -0.4720754147
     599  0.2206951846  0.4810035161
     600  0.2224460961  0.4626190813
     601  0.4401938580  0.2396157635
     602 -0.4049919430  0.3826197356
     603 -0.3874164030  0.3766947037
     604 -0.0920059517  0.5182483836
     605 -0.5494158724  0.0817787443
     606  0.4736102429 -0.0280803071
     607  0.4546398669 -0.0332351134
     608  0.3419478030 -0.2864520714
     609  0.1077061975 -0.4234538114
     610  0.1198106304 -0.4386414309
     611  0.1869734523  0.4605995610
     612  0.1840253765  0.4407040643
     613  0.3972624951  0.2442370309
     614 -0.3958276762  0.3421596818
     615 -0.3781988959  0.3310383029
     616 -0.1107800490  0.4769556615
     617 -0.5142161355  0.0492913308
     618  0.4370521640  0.0013844700
     619  0.4155837877  0.0003706170
     620  0.3301823237 -0.2374574741
     621  0.1264131854 -0.3778163869
     622  0.1353892038 -0.3964713522
     623  0.1454645283  0.4341245598
     624  0.1376328683  0.4129945471
     625  0.3447195332  0.2487680031
     626 -0.3833310188  0.2918242321
     627 -0.3659635029  0.2754263000
     628 -0.1327715423  0.4260704897
     629 -0.4705474305  0.0102401861
     630  0.4377938942  0.0307838613
     631  0.3866801591 -0.1761713747
     632  0.2480053521 -0.3293919775
     633  0.2556881293 -0.3220579874
     634  0.2369893377 -0.3284818421
     635  0.3763416997 -0.1805997903
     636  0.4305890801  0.0218728449
     637  0.4358397666  0.0406881529
     638  0.2508656817  0.3970743988
     639  0.3891666952  0.2327826848
     640  0.3865889362  0.2213912816
     641  0.2536248180  0.3854779052
     642  0.2421581460  0.4010627016
     643 -0.1560861576  0.4805784451
     644  0.0603211248  0.4828205628
     645  0.0677896501  0.4732134910
     646 -0.1450761369  0.4747869530
     647 -0.1642089767  0.4765518041
     648 -0.4942709724  0.2322305621
     649 -0.3472335525  0.3933267493
     650 -0.3345630326  0.3922156874
     651 -0.4818579028  0.2361742069
     652 -0.4966143755  0.2239938465
     653 -0.5628634602 -0.1857914300
     654 -0.5671923320  0.0339873098
     655 -0.5567697446  0.0423076239
     656 -0.5559130447 -0.1740102545
     657 -0.5589882663 -0.1928783088
     658 -0.3390972510 -0.5502303078
     659 -0.4848472896 -0.3832398774
     660 -0.4820891796 -0.3694851159
     661 -0.3410355163 -0.5359452880
     662 -0.3319365574 -0.5528307177
     663  0.0638616234 -0.7061108175
     664 -0.1546712339 -0.6577279424
     665 -0.1609614665 -0.6443164915
     666  0.0535806443 -0.6948359540
     667  0.0707061621 -0.7038601283
     668  0.4909730658 -0.6114626441
     669  0.2782282150 -0.6898548656
     670  0.2649108595 -0.6815058696
     671  0.4754210299 -0.6067820201
     672  0.4950991162 -0.6059800653
     673  0.8198981694 -0.3119659465
     674  0.6686162006 -0.4864223964
     675  0.6518559182 -0.4855098510
     676  0.8027602289 -0.3150527171
     677  0.8205571431 -0.3053821179
     678  0.9900192103  0.1105276582
     679  0.9237110898 -0.1171350978
     680  0.9069321650 -0.1238455495
     681  0.9742072614  0.1002749629
     682  0.9876369579  0.1165821333
     683  0.9951764537  0.5812942930
     684  1.0119833945  0.3356516182
     685  0.9974542310  0.3224166497
     686  0.9822289707  0.5652488184
     687  0.9906185441  0.5860307777
     688  0.8614141339  1.0547249904
     689  0.9459577996  0.8101162249
     690  0.9345150170  0.7917733369
     691  0.8514680788  1.0341805039
     692  0.8554258885  1.0580933004
     693  0.6273819116  1.5166292875
     694  0.7596647766  1.2765473338
     695  0.7508478848  1.2541641776
     696  0.6194029405  1.4923609356
     697  0.6203409333  1.5190477751
     698  0.3358119697  1.9728832506
     699  0.4940850346  1.7321969588
     700  0.4864128662  1.7062884089
     701  0.3278886559  1.9451987676
     702  0.3277428172  1.9750344028
     703  0.0344765832  2.4283741831
     704  0.1937969430  2.1850581267
     705  0.1850963320  2.1558728184
     706  0.0244307906  2.3975084033
     707  0.0254202774  2.4309818589
     708  0.2337668616 -0.3209183070
     709  0.2046967389 -0.3258178923
     710  0.3458275215 -0.1939672427
     711  0.4094647147 -0.0051517610
     712  0.4220314230  0.0221508927
     713  0.3796385940  0.1867705962
     714  0.2632041241  0.3503514191
     715  0.2489662305  0.3776201090
     716  0.0920067003  0.4445421985
     717 -0.1099428860  0.4584402937
     718 -0.1406626553  0.4658769880
     719 -0.2945900554  0.3909830993
     720 -0.4433460936  0.2512184206
     721 -0.4710775155  0.2340742587
     722 -0.5254044772  0.0713156534
     723 -0.5365908321 -0.1342218670
     724 -0.5461508347 -0.1666111470
     725 -0.4771099318 -0.3239883677
     726 -0.3519572992 -0.4897509457
     727 -0.3388677971 -0.5223742316
     728 -0.1864306855 -0.6022134072
     729  0.0150284139 -0.6612094286
     730  0.0457660333 -0.6814739725
     731  0.2167452108 -0.6589919643
     732  0.4206707154 -0.5979259713
     733  0.4595131537 -0.5994901549
     734  0.5942196922 -0.4905180543
     735  0.7453814765 -0.3346655582
     736  0.7829904728 -0.3171418022
     737  0.8524608730 -0.1566166269
     738  0.9250350894  0.0546826000
     739  0.9549463002  0.0881754779
     740  0.9547304286  0.2660155489
     741  0.9473319872  0.4985753138
     742  0.9665625383  0.5441323646
     743  0.9072362331  0.7165320743
     744  0.8322609819  0.9504023488
     745  0.8407206914  1.0053197670
     746  0.7385201857  1.1628076085
     747  0.6136221587  1.3925380624
     748  0.6132618814  1.4562744177
     749  0.4853553931  1.5982997427
     750  0.3304595106  1.8271723504
     751  0.3246979045  1.9012846475
     752  0.1891999330  2.0280876708
     753  0.0280548654  2.2576224332
     754  0.0215518846  2.3445257632
     755  0.1914211617 -0.3187241143
     756  0.1533157926 -0.3215885761
     757  0.2973195213 -0.2151666241
     758  0.3758561861 -0.0479787644
     759  0.3953590885 -0.0138584811
     760  0.3684632125  0.1319190734
     761  0.2781602935  0.2946732251
     762  0.2624485561  0.3320832095
     763  0.1300993181  0.3990125990
     764 -0.0545746478  0.4323044731
     765 -0.0945378537  0.4453934574
     766 -0.2315067525  0.3886383073
     767 -0.3824481043  0.2745116647
     768 -0.4212629832  0.2543294604
     769 -0.4756333676  0.1166338880
     770 -0.5056477960 -0.0718474540
     771 -0.5215854500 -0.1146725998
     772 -0.4686339958 -0.2525001211
     773 -0.3684278565 -0.4169896672
     774 -0.3534620033 -0.4625423646
     775 -0.2257656839 -0.5356933059
     776 -0.0449212566 -0.6078086251
     777 -0.0043803394 -0.6381003496
     778  0.1415845241 -0.6228725254
     779  0.3350085395 -0.5831047969
     780  0.3886019557 -0.5881317551
     781  0.5038450479 -0.4973614074
     782  0.6552029860 -0.3643733531
     783  0.7087352854 -0.3424566267
     784  0.7666489641 -0.2069614596
     785  0.8473449868 -0.0158074809
     786  0.8912098720  0.0294122717
     787  0.8870018746  0.1785150877
     788  0.8917526464  0.3948928992
     789  0.9210910324  0.4582013801
     790  0.8635268528  0.5993451124
     791  0.8011725392  0.8197755655
     792  0.8152958055  0.8973134703
     793  0.7182321877  1.0202741015
     794  0.6036683814  1.2367489614
     795  0.6049405894  1.3275739949
     796  0.4829267122  1.4297610711
     797  0.3339123838  1.6430174699
     798  0.3269196729  1.7491867213
     799  0.1952857663  1.8287755845
     800  0.0338939468  2.0394321264
     801  0.0249756552  2.1644227778
     802  0.1314883041 -0.3156305187
     803  0.0862386903 -0.3160774855
     804  0.2340314570 -0.2428200910
     805  0.3320202658 -0.1038075513
     806  0.3576274299 -0.0647059092
     807  0.3538692165  0.0604453728
     808  0.2976000053  0.2221418864
     809  0.2813551207  0.2678016604
     810  0.1796535816  0.3397048856
     811  0.0174559201  0.3982406363
     812 -0.0296199915  0.4163638200
     813 -0.1494425654  0.3855279188
     814 -0.3032274640  0.3047488669
     815 -0.3510593369  0.2826144364
     816 -0.4108830733  0.1755155132
     817 -0.4653817479  0.0092151930
     818 -0.4867779203 -0.0417634694
     819 -0.4575858284 -0.1595854320
     820 -0.3898271682 -0.3224211184
     821 -0.3736471711 -0.3783914335
     822 -0.2769102261 -0.4492508923
     823 -0.1228910479 -0.5384519527
     824 -0.0745803624 -0.5769204437
     825  0.0438199170 -0.5760344722
     826  0.2235823355 -0.5640397399
     827  0.2890852659 -0.5718549667
     828  0.3863055484 -0.5065739405
     829  0.5379725578 -0.4034628641
     830  0.6043743885 -0.3777588009
     831  0.6551986781 -0.2730537148
     832  0.7466322280 -0.1083041500
     833  0.8015865666 -0.0530747447
     834  0.7994888742  0.0636805201
     835  0.8204024360  0.2587547284
     836  0.8573004126  0.3372526144
     837  0.8080616025  0.4453786989
     838  0.7627414454  0.6480037831
     839  0.7801449370  0.7450023768
     840  0.6945588893  0.8326662845
     841  0.5943889338  1.0314203464
     842  0.5946815304  1.1457684406
     843  0.4844622741  1.2072907739
     844  0.3444381926  1.3994011104
     845  0.3327876600  1.5338858848
     846  0.2105641802  1.5644780331
     847  0.0506034012  1.7490881065
     848  0.0343966457  1.9086352117
     849  0.0578543460 -0.3118369573
     850  0.0077188506 -0.3096234449
     851  0.1599471432 -0.2752303295
     852  0.2807490339 -0.1692368162
     853  0.3113167562 -0.1271912461
     854  0.3369015152 -0.0233005350
     855  0.3205551810  0.1372090961
     856  0.3046701202  0.1888776221
     857  0.2379183836  0.2703552304
     858  0.1020348909  0.3585913583
     859  0.0501853951  0.3808605430
     860 -0.0531887689  0.3822711457
     861 -0.2104599259  0.3406699396
     862 -0.2649105608  0.3176051519
     863 -0.3352790110  0.2450460373
     864 -0.4187233391  0.1046995270
     865 -0.4443506081  0.0480055959
     866 -0.4454198794 -0.0503473619
     867 -0.4159218363 -0.2114957264
     868 -0.3990143890 -0.2750473126
     869 -0.3380294367 -0.3481884183
     870 -0.2155225760 -0.4578577901
     871 -0.1614993976 -0.5022413417
     872 -0.0719639822 -0.5223201605
     873  0.0919832430 -0.5434283649
     874  0.1662966217 -0.5529486153
     875  0.2478795932 -0.5196427216
     876  0.4004365933 -0.4521024654
     877  0.4761415595 -0.4229091783
     878  0.5250998854 -0.3538363908
     879  0.6300066453 -0.2205085958
     880  0.6924140657 -0.1568864079
     881  0.6993484006 -0.0751024526
     882  0.7405011275  0.0946273727
     883  0.7813649043  0.1855290523
     884  0.7482032034  0.2600360351
     885  0.7246638794  0.4414475701
     886  0.7415933916  0.5540482259
     887  0.6757468394  0.6071814353
     888  0.5949874785  0.7846400668
     889  0.5898415895  0.9175755338
     890  0.5004315528  0.9397400140
     891  0.3744434843  1.1059538312
     892  0.3520669276  1.2626914776
     893  0.2496570366  1.2453763868
     894  0.0958596588  1.3972212166
     895  0.0635449896  1.5842424835
     896 -0.0249353585 -0.3075571425
     897 -0.0775446967 -0.3025778197
     898  0.0794797679 -0.3104463128
     899  0.2250947568 -0.2403722463
     900  0.2592888573 -0.1975338685
     901  0.3185891619 -0.1143496419
     902  0.3457117147  0.0449181460
     903  0.3311161376  0.1000985212
     904  0.3015068776  0.1951118058
     905  0.1942200014  0.3157932812
     906  0.1402271702  0.3412057866
     907  0.0515935254  0.3792047402
     908 -0.1096647996  0.3803402940
     909 -0.1680119647  0.3575730995
     910 -0.2534173252  0.3213211794
     911 -0.3686722906  0.2091412979
     912 -0.3972272821  0.1496356270
     913 -0.4332080288  0.0688602258
     914 -0.4456171074 -0.0908021454
     915 -0.4287890306 -0.1586213724
     916 -0.4060080453 -0.2386905616
     917 -0.3178275618 -0.3712273084
     918 -0.2608179977 -0.4190508441
     919 -0.1993240826 -0.4655791953
     920 -0.0522334976 -0.5234129056
     921  0.0269613341 -0.5337954724
     922  0.0967857930 -0.5369370284
     923  0.2511286163 -0.5087486293
     924  0.3318184617 -0.4771271180
     925  0.3848882242 -0.4459869011
     926  0.5057690242 -0.3472979266
     927  0.5715266037 -0.2781699656
     928  0.5945295741 -0.2311090339
     929  0.6595763044 -0.0891349323
     930  0.7007833319  0.0096288102
     931  0.6911343837  0.0531447097
     932  0.6938984059  0.2115378981
     933  0.7071126938  0.3335848493
     934  0.6687725452  0.3568040078
     935  0.6128159915  0.5112373842
     936  0.5989036039  0.6547577839
     937  0.5389377911  0.6437971303
     938  0.4334610168  0.7816819465
     939  0.3960671655  0.9503048261
     940  0.3239502985  0.8927403359
     941  0.1839218976  1.0078654595
     942  0.1289627531  1.2090118468
     943 -0.1121051878 -0.3029892708
     944 -0.1648373037 -0.2952657139
     945 -0.0029509457 -0.3464675108
     946  0.1680879585 -0.3132511397
     947  0.2045155126 -0.2716701728
     948  0.2998973654 -0.2076635394
     949  0.3716442804 -0.0496416869
     950  0.3591773173  0.0065667515
     951  0.3668883949  0.1181148893
     952  0.2889151474  0.2722036942
     953  0.2353594652  0.2997180424
     954  0.1591159535  0.3765094943
     955 -0.0064233821  0.4216016796
     956 -0.0659574347  0.4003290523
     957 -0.1698663449  0.4001727897
     958 -0.3180869611  0.3168098650
     959 -0.3482837525  0.2573871450
     960 -0.4217690809  0.1914570486
     961 -0.4774612756  0.0329287815
     962 -0.4615718144 -0.0358646525
     963 -0.4772995755 -0.1269678606
     964 -0.4243470933 -0.2836355414
     965 -0.3671499595 -0.3325057368
     966 -0.3313536414 -0.4093740439
     967 -0.2011007599 -0.5056753166
     968 -0.1209910495 -0.5162510474
     969 -0.0584410088 -0.5582069726
     970  0.0987573687 -0.5710836744
     971  0.1801775601 -0.5383565514
     972  0.2431018972 -0.5452824581
     973  0.3820115219 -0.4825283651
     974  0.4472457530 -0.4111055323
     975  0.4925425776 -0.3964988964
     976  0.5844415708 -0.2829697844
     977  0.6228271380 -0.1812437535
     978  0.6430371318 -0.1641633427
     979  0.6760539312 -0.0288652251
     980  0.6830772868  0.0960804407
     981  0.6788995033  0.0960955917
     982  0.6530503549  0.2278734141
     983  0.6282432963  0.3734784924
     984  0.6054312500  0.3383083438
     985  0.5277437037  0.4482909971
     986  0.4728724535  0.6176309733
     987  0.4409334801  0.5311891380
     988  0.3243988625  0.6094394729
     989  0.2429445456  0.8098994236
     990 -0.1990709383 -0.2982955829
     991 -0.2498262061 -0.2879580109
     992 -0.0832855964 -0.3814246252
     993  0.1125018572 -0.3841946417
     994  0.1498254966 -0.3456550264
     995  0.2816848426 -0.2985717108
     996  0.3969918085 -0.1417603505
     997  0.3873227800 -0.0867977055
     998  0.4307431066  0.0431874141
     999  0.3813452937  0.2299729926
    1000  0.3305398793  0.2585676790
    1001  0.2639626575  0.3742934963
    1002  0.0940529109  0.4623623639
    1003  0.0358367070  0.4436177164
    1004 -0.0888665704  0.4776177227
    1005 -0.2695753378  0.4222523425
    1006 -0.3001887844  0.3655568362
    1007 -0.4117600741  0.3112001308
    1008 -0.5099363653  0.1533347660
    1009 -0.4957631310  0.0866213997
    1010 -0.5483782708 -0.0188509208
    1011 -0.5297219162 -0.1997838024
    1012 -0.4749603348 -0.2474841663
    1013 -0.4613118406 -0.3569019062
    1014 -0.3468802603 -0.4915397703
    1015 -0.2695968967 -0.5017553777
    1016 -0.2095550347 -0.5828430962
    1017 -0.0483273399 -0.6364156636
    1018  0.0298365062 -0.6039913861
    1019  0.1078356025 -0.6470990459
    1020  0.2662620593 -0.6196134842
    1021  0.3274490472 -0.5491977184
    1022  0.4001865485 -0.5629305888
    1023  0.5209867933 -0.4767311696
    1024  0.5539077474 -0.3770700977
    1025  0.6089054761 -0.3800808616
    1026  0.6751753844 -0.2660895052
    1027  0.6743837437 -0.1449897395
    1028  0.7093753480 -0.1593961600
    1029  0.7182129567 -0.0475563131
    1030  0.6818219306  0.0913071904
    1031  0.7019666710  0.0436879417
    1032  0.6591102348  0.1295910523
    1033  0.5867303056  0.2878578512
    1034  0.6025384361  0.1881152302
    1035  0.5198187350  0.2341827538
    1036  0.4119752769  0.4178454252
    1037 -0.2818049920 -0.2935916822
    1038 -0.3288792629 -0.2808586246
    1039 -0.1580914019 -0.4137440561
    1040  0.0607325002 -0.4500887263
    1041  0.0977281987 -0.4159846799
    1042  0.2647575339 -0.3830692818
    1043  0.4206688244 -0.2273215708
    1044  0.4141964434 -0.1755743903
    1045  0.4902628075 -0.0262415463
    1046  0.4673597880  0.1911432116
    1047  0.4212113968  0.2197547017
    1048  0.3613179337  0.3728365665
    1049  0.1870112584  0.5009394453
    1050  0.1323877693  0.4854151304
    1051 -0.0144132084  0.5502215032
    1052 -0.2257432076  0.5206042417
    1053 -0.2554574784  0.4688806557
    1054 -0.4040516305  0.4223762448
    1055 -0.5419067673  0.2644507104
    1056 -0.5298963857  0.2026429172
    1057 -0.6161904097  0.0800585544
    1058 -0.6290830313 -0.1243177929
    1059 -0.5789962035 -0.1686062664
    1060 -0.5829017439 -0.3114471601
    1061 -0.4821877533 -0.4825131764
    1062 -0.4111921026 -0.4916060736
    1063 -0.3485620814 -0.6104493610
    1064 -0.1819368825 -0.7022326754
    1065 -0.1108841299 -0.6712703261
    1066 -0.0129313599 -0.7469012212
    1067  0.1659125802 -0.7519090999
    1068  0.2195994725 -0.6856435022
    1069  0.3240088119 -0.7218421105
    1070  0.4746076627 -0.6598646350
    1071  0.4996313362 -0.5672815166
    1072  0.5928764730 -0.5822196628
    1073  0.6938813167 -0.4857187531
    1074  0.6842993813 -0.3752999845
    1075  0.7612982843 -0.3932660544
    1076  0.8076158605 -0.2962019403
    1077  0.7604728881 -0.1729691380
    1078  0.8261382324 -0.2186495055
    1079  0.8231235964 -0.1495940512
    1080  0.7362463992 -0.0140420584
    1081  0.8024387800 -0.1080409374
    1082  0.7616226774 -0.0844594971
    1083  0.6329953783  0.0667748056
    1084 -0.3571050618 -0.2889495371
    1085  0.0501638463 -0.4798790814
    1086  0.4386786852 -0.2563390169
    1087  0.5038150014  0.1847373909
    1088  0.2199275012  0.5240483707
    1089 -0.2158467643  0.5632747183
    1090 -0.5626330398  0.3075662183
    1091 -0.6750917354 -0.0991230117
    1092 -0.5399437869 -0.4863641459
    1093 -0.2359060885 -0.7375665357
    1094  0.1287897814 -0.8146989120
    1095  0.4632336376 -0.7432543315
    1096  0.7136277221 -0.5833308733
    1097  0.8620907976 -0.4042894041
    1098  0.9158118843 -0.2678547453
    1099  0.8961299892 -0.2153187966
    1100 -0.0178221529  0.3434055452
    1101  0.1812966541  0.2820170864
    1102  0.3044119820  0.1201574071
    1103  0.2984390522  0.1321317536
    1104  0.3015182298  0.1116438407
    1105  0.1839563470  0.2732215724
    1106 -0.0103750661  0.3376708928
    1107 -0.0304364188  0.3415879706
    1108 -0.3495522020  0.0980736733
    1109 -0.2205764626  0.2757446587
    1110 -0.2109585294  0.2754010905
    1111 -0.3413236190  0.1035165044
    1112 -0.3516614623  0.0861855642
    1113 -0.2174682045 -0.3181676768
    1114 -0.3512465925 -0.1277611019
    1115 -0.3476149858 -0.1183084068
    1116 -0.2200662756 -0.3080885455
    1117 -0.2074545108 -0.3235468584
    1118  0.0091054004 -0.3980380423
    1119  0.0009097136 -0.3911338122
    1120  0.2934724808  0.1149799178
    1121  0.2930234201  0.0866912186
    1122  0.1917415691  0.2474352499
    1123  0.0114484276  0.3208521653
    1124 -0.0151830170  0.3308301671
    1125 -0.1827643498  0.2743854822
    1126 -0.3171985262  0.1194656387
    1127 -0.3357446155  0.0976092868
    1128 -0.3369646089 -0.0906007317
    1129 -0.2276793498 -0.2785423858
    1130 -0.2132971832 -0.3037201142
    1131 -0.0231143269 -0.3708951887
    1132  0.2838541216  0.0818540097
    1133  0.2794662085  0.0470027274
    1134  0.2040912366  0.2063943711
    1135  0.0461507668  0.2940634488
    1136  0.0142697255  0.3100321669
    1137 -0.1379055059  0.2727385777
    1138 -0.2787986142  0.1448219019
    1139 -0.3049894632  0.1196649687
    1140 -0.3200011805 -0.0465217104
    1141 -0.2397817453 -0.2315287959
    1142 -0.2245781182 -0.2654192181
    1143 -0.0613380344 -0.3386922937
    1144  0.2701784164  0.0349877005
    1145  0.2616797797 -0.0047821166
    1146  0.2201322819  0.1527901417
    1147  0.0914082059  0.2590290661
    1148  0.0559247930  0.2805519658
    1149 -0.0793441305  0.2705204718
    1150 -0.2286357055  0.1778764797
    1151 -0.2614380578  0.1508494722
    1152 -0.2978136470  0.0110078394
    1153 -0.2555526923 -0.1701454364
    1154 -0.2405267630 -0.2112062320
    1155 -0.1112307634 -0.2966431710
    1156  0.2532568455 -0.0225619784
    1157  0.2407049768 -0.0653541420
    1158  0.2387674475  0.0899928678
    1159  0.1443058523  0.2179056079
    1160  0.1070451949  0.2442449580
    1161 -0.0107917566  0.2677999419
    1162 -0.1698522339  0.2164828810
    1163 -0.2078817482  0.1891007562
    1164 -0.2717575923  0.0783230506
    1165 -0.2739519691 -0.0982718708
    1166 -0.2600801045 -0.1445856016
    1167 -0.1696123188 -0.2473916696
    1168  0.2340349397 -0.0872181273
    1169  0.2176882041 -0.1310583678
    1170  0.2587802487  0.0217234057
    1171  0.2016213913  0.1730692603
    1172  0.1644265660  0.2032762583
    1173  0.0636511118  0.2646445855
    1174 -0.1059134565  0.2582611679
    1175 -0.1475802227  0.2319986889
    1176 -0.2433180759  0.1513732214
    1177 -0.2938159183 -0.0201881763
    1178 -0.2819810146 -0.0696527717
    1179 -0.2329580382 -0.1938433908
    1180  0.2135029848 -0.1552244691
    1181  0.1937775943 -0.1982301889
    1182  0.2789482386 -0.0482892144
    1183  0.2601203207  0.1268986486
    1184  0.2247007662  0.1599140761
    1185  0.1398748868  0.2611144675
    1186 -0.0402870640  0.3008170062
    1187 -0.0839498591  0.2769934442
    1188 -0.2139715400  0.2260912076
    1189 -0.3139606576  0.0598180910
    1190 -0.3048930247  0.0092966940
    1191 -0.2977199887 -0.1388946203
    1192  0.1926114924 -0.2229775840
    1193  0.1700308497 -0.2635046434
    1194  0.2981497303 -0.1166187356
    1195  0.3168312242  0.0815773550
    1196  0.2846340702  0.1163314999
    1197  0.2141031947  0.2572607845
    1198  0.0238446189  0.3419444323
    1199 -0.0202623745  0.3216309050
    1200 -0.1850629261  0.2987378459
    1201 -0.3332833140  0.1378130687
    1202 -0.3275170664  0.0881464537
    1203 -0.3606253001 -0.0851894599
    1204  0.1722024996 -0.2873133945
    1205  0.1473453435 -0.3240659306
    1206  0.3154532989 -0.1803929261
    1207  0.3692683832  0.0389394817
    1208  0.3413869309  0.0744386208
    1209  0.2831727489  0.2531294499
    1210  0.0838173408  0.3797948523
    1211  0.0406102481  0.3637511115
    1212 -0.1577149945  0.3661780729
    1213 -0.3508503028  0.2105029760
    1214 -0.3486987828  0.1632837446
    1215 -0.4189216641 -0.0349305630
    1216  0.1529602177 -0.3457220748
    1217  0.3927083369  0.0357634828
    1218  0.0963836956  0.4016404118
    1219 -0.3675148055  0.2318395951
    1220 -0.6153865640 -0.2568282110
    1221 -0.6216203072 -0.2376850940
    1222 -0.4421521379 -0.5199423654
    1223 -0.1418086572 -0.6864841922
    1224 -0.1235855549 -0.6914121741
    1225  0.1911773398 -0.6940710228
    1226  0.5000905113 -0.5462477421
    1227  0.5139203305 -0.5353129248
    1228  0.7058806238 -0.2865334000
    1229  0.7837044363  0.0456684210
    1230  0.7841589563  0.0620497142
    1231  0.7198752724  0.3686479480
    1232  0.5265218318  0.6477240083
    1233  0.5157888367  0.6584219107
    1234  0.2513966224  0.8236138565
    1235 -0.0800461444  0.8863796835
    1236 -0.0939803985  0.8867735415
    1237 -0.3981001873  0.8285661355
    1238 -0.6864597911  0.6586904269
    1239 -0.6964830588  0.6507836059
    1240 -0.8924044928  0.4144897191
    1241 -1.0146108061  0.1061226932
    1242 -1.0176839171  0.0948652151
    1243 -1.0363452018 -0.2083986689
    1244 -0.9631735076 -0.5288398486
    1245 -0.9599190706 -0.5390313912
    1246 -0.8133876265 -0.8014043391
    1247 -0.5876140405 -1.0365966276
    1248 -0.5803483011 -1.0433483422
    1249 -0.3275219491 -1.1995879561
    1250 -0.0210253164 -1.3047331147
    1251 -0.0120251457 -1.3075192221
    1252  0.2800023904 -1.3407413719
    1253  0.6019066678 -1.3168686467
    1254  0.6111975755 -1.3160812813
    1255  0.8920709396 -1.2435319123
    1256  1.1881615047 -1.1178648519
    1257  1.1971236613 -1.1139355320
    1258  1.4409877402 -0.9679837347
    1259  1.6948853225 -0.7749944758
    1260  1.7032573292 -0.7679091206
    1261  1.9035548378 -0.5816728885
    1262  2.1139442362 -0.3516597628
    1263  2.1213022107 -0.3409402542
    1264  2.2797275825 -0.1425355762
    1265  2.4471915518  0.0997168469
    1266  2.4526634818  0.1145837147
    1267 -0.6140942335 -0.2576571488
    1268 -0.6195530623 -0.2389818736
    1269 -0.4398160062 -0.5199184460
    1270 -0.1399549417 -0.6852278446
    1271 -0.1221922262 -0.6906988850
    1272  0.1920322053 -0.6920870279
    1273  0.4997150433 -0.5441805442
    1274  0.5140697962 -0.5337277806
    1275  0.7044712409 -0.2850134919
    1276  0.7816821716  0.0461610074
    1277  0.7829206018  0.0630901752
    1278  0.7178488513  0.3679788885
    1279  0.5251002494  0.6459915836
    1280  0.5141943238  0.6580406898
    1281  0.2510160048  0.8212434699
    1282 -0.0791016896  0.8839234749
    1283 -0.0946605984  0.8852618686
    1284 -0.3959047712  0.8266368886
    1285 -0.6832498505  0.6578915248
    1286 -0.6956849127  0.6492955492
    1287 -0.8887035641  0.4151955357
    1288 -1.0110476949  0.1086341473
    1289 -1.0159017957  0.0946186167
    1290 -1.0335988898 -0.2041600929
    1291 -0.9619968932 -0.5230203700
    1292 -0.9584437170 -0.5374619961
    1293 -0.8143197515 -0.7944992630
    1294 -0.5913090294 -1.0291697622
    1295 -0.5807181579 -1.0403633933
    1296 -0.3342148362 -1.1923889839
    1297 -0.0311616184 -1.2986527726
    1298 -0.0155168983 -1.3044634468
    1299  0.2665117886 -1.3366111083
    1300  0.5848318528 -1.3158584454
    1301  0.6038786447 -1.3150581442
    1302  0.8717750006 -1.2464478476
    1303  1.1646246867 -1.1262004986
    1304  1.1859838966 -1.1176433822
    1305  1.4148041692 -0.9824496610
    1306  1.6663154820 -0.7975070208
    1307  1.6891420630 -0.7795174033
    1308  1.8734507484 -0.6126917885
    1309  2.0830309783 -0.3935605388
    1310  2.1061039621 -0.3637974864
    1311  2.2490838977 -0.1951064505
    1312  2.4184418176  0.0338746510
    1313  2.4393700720  0.0778167048
    1314 -0.6109692127 -0.2592713340
    1315 -0.6152206940 -0.2411006491
    1316 -0.4350193613 -0.5195254449
    1317 -0.1360531300 -0.6824190554
    1318 -0.1194331307 -0.6887022384
    1319  0.1940376697 -0.6877139728
    1320  0.4992670613 -0.5393754896
    1321  0.5136354368 -0.5304230040
    1322  0.7017692503 -0.2809818066
    1323  0.7773294781  0.0484060805
    1324  0.7798428903  0.0643627853
    1325  0.7128912111  0.3679671599
    1326  0.5206506907  0.6436240361
    1327  0.5114175639  0.6560248461
    1328  0.2480261383  0.8170575644
    1329 -0.0798827203  0.8786979815
    1330 -0.0944896690  0.8815798711
    1331 -0.3942933726  0.8214207227
    1332 -0.6793202220  0.6537575456
    1333 -0.6921668995  0.6470281185
    1334 -0.8830999470  0.4129919964
    1335 -1.0045886850  0.1091105437
    1336 -1.0110796044  0.0962507931
    1337 -1.0273654967 -0.2008144791
    1338 -0.9571776213 -0.5167219014
    1339 -0.9557150544 -0.5313954229
    1340 -0.8119374743 -0.7857931388
    1341 -0.5925360297 -1.0186811919
    1342 -0.5834568576 -1.0315550006
    1343 -0.3396748431 -1.1811965996
    1344 -0.0417717788 -1.2879939342
    1345 -0.0261152061 -1.2963978445
    1346  0.2506495894 -1.3278307606
    1347  0.5631379363 -1.3107251927
    1348  0.5843704275 -1.3124375317
    1349  0.8446466444 -1.2463638142
    1350  1.1318401196 -1.1335033072
    1351  1.1578443866 -1.1260642551
    1352  1.3772180562 -0.9984399895
    1353  1.6241739607 -0.8252165031
    1354  1.6540209650 -0.8053948073
    1355  1.8280910227 -0.6530414368
    1356  2.0354435603 -0.4503058419
    1357  2.0674098158 -0.4140555290
    1358  2.2010350274 -0.2681022208
    1359  2.3720378198 -0.0594638241
    1360  2.4028288605 -0.0028300342
    1361 -0.6049797528 -0.2615908537
    1362 -0.6073795270 -0.2439843929
    1363 -0.4266374292 -0.5181320346
    1364 -0.1293512038 -0.6769483288
    1365 -0.1143306281 -0.6845739791
    1366  0.1974144028 -0.6795761369
    1367  0.4983477431 -0.5304370819
    1368  0.5128686645 -0.5237331722
    1369  0.6968143063 -0.2732697933
    1370  0.7692398721  0.0531230735
    1371  0.7737374884  0.0676739093
    1372  0.7033588691  0.3687612006
    1373  0.5115166757  0.6401243499
    1374  0.5048440813  0.6530877005
    1375  0.2409810226  0.8099645477
    1376 -0.0834173398  0.8690993276
    1377 -0.0964932550  0.8743489810
    1378 -0.3937487731  0.8109727126
    1379 -0.6744932683  0.6441810880
    1380 -0.6878146239  0.6404365059
    1381 -0.8747571731  0.4058081078
    1382 -0.9937370528  0.1057138392
    1383 -1.0026435602  0.0949984772
    1384 -1.0155885485 -0.1998184130
    1385 -0.9461795559 -0.5108555460
    1386 -0.9481541892 -0.5252680624
    1387 -0.8033751067 -0.7755691827
    1388 -0.5882236459 -1.0046777829
    1389 -0.5822952139 -1.0194761257
    1390 -0.3407729691 -1.1648147039
    1391 -0.0498115993 -1.2707441409
    1392 -0.0357657641 -1.2828311846
    1393  0.2352509081 -1.3116107276
    1394  0.5392908380 -1.2978480229
    1395  0.5613990636 -1.3040372516
    1396  0.8126813961 -1.2388918715
    1397  1.0911437751 -1.1345723158
    1398  1.1210996711 -1.1310819588
    1399  1.3288155735 -1.0100263534
    1400  1.5680375901 -0.8514447183
    1401  1.6051746153 -0.8334479721
    1402  1.7659613783 -0.6954288251
    1403  1.9682118408 -0.5140526812
    1404  2.0107514933 -0.4756508352
    1405  2.1311330373 -0.3533586205
    1406  2.3016274083 -0.1720086014
    1407  2.3458420029 -0.1073207176
    1408 -0.5947003573 -0.2645116910
    1409 -0.5944588846 -0.2475685763
    1410 -0.4133474499 -0.5148536753
    1411 -0.1191711970 -0.6673476544
    1412 -0.1062058499 -0.6769840915
    1413  0.2020236569 -0.6660314081
    1414  0.4960063209 -0.5159727625
    1415  0.5110343609 -0.5122729332
    1416  0.6880794327 -0.2610669247
    1417  0.7556346262  0.0603244240
    1418  0.7629789930  0.0733285291
    1419  0.6875948304  0.3695775630
    1420  0.4965025440  0.6340225825
    1421  0.4930758126  0.6481727385
    1422  0.2293580735  0.7980749235
    1423 -0.0894203087  0.8531127470
    1424 -0.1009626236  0.8617243301
    1425 -0.3932247416  0.7934570979
    1426 -0.6670582832  0.6277774551
    1427 -0.6815871680  0.6278068001
    1428 -0.8615136637  0.3928776564
    1429 -0.9760942294  0.0984281118
    1430 -0.9885818832  0.0900300921
    1431 -0.9958658715 -0.2004409974
    1432 -0.9268073808 -0.5039516022
    1433 -0.9333965093 -0.5186679541
    1434 -0.7867940548 -0.7617380767
    1435 -0.5770309946 -0.9845256540
    1436 -0.5751079336 -1.0024499054
    1437 -0.3367181910 -1.1401937680
    1438 -0.0551130566 -1.2435071581
    1439 -0.0430268737 -1.2609585629
    1440  0.2198683963 -1.2842839006
    1441  0.5121612452 -1.2732909154
    1442  0.5353925245 -1.2860423885
    1443  0.7740748907 -1.2198242480
    1444  1.0399166742 -1.1248431039
    1445  1.0747811561 -1.1278761809
    1446  1.2660910924 -1.0122340970
    1447  1.4932189135 -0.8706536906
    1448  1.5396182818 -0.8577860649
    1449  1.6810302904 -0.7337192362
    1450  1.8734181237 -0.5779300207
    1451  1.9301337829 -0.5416998689
    1452  2.0293920905 -0.4433699656
    1453  2.1944904941 -0.2956637615
    1454  2.2582241876 -0.2283466926
    1455 -0.5784572840 -0.2679161768
    1456 -0.5747273441 -0.2517886748
    1457 -0.3936308491 -0.5087770676
    1458 -0.1046016849 -0.6520472978
    1459 -0.0942885416 -0.6643694902
    1460  0.2079635078 -0.6452227376
    1461  0.4914648086 -0.4942403070
    1462  0.5072210409 -0.4944672818
    1463  0.6740794235 -0.2430950869
    1464  0.7345717164  0.0705485010
    1465  0.7456711958  0.0815763915
    1466  0.6635449946  0.3701302750
    1467  0.4737782099  0.6242101923
    1468  0.4745893656  0.6399503163
    1469  0.2118208443  0.7796305846
    1470 -0.0985174013  0.8285384664
    1471 -0.1080516637  0.8415602751
    1472 -0.3925674971  0.7665080668
    1473 -0.6560448541  0.6022777416
    1474 -0.6721115398  0.6072848502
    1475 -0.8416878240  0.3722534054
    1476 -0.9493664171  0.0858316685
    1477 -0.9665025365  0.0806172232
    1478 -0.9654716120 -0.2034763479
    1479 -0.8960496857 -0.4960609466
    1480 -0.9087859880 -0.5108713127
    1481 -0.7590621772 -0.7436057183
    1482 -0.5558398427 -0.9567296703
    1483 -0.5596129699 -0.9783698248
    1484 -0.3245130777 -1.1050808666
    1485 -0.0549062137 -1.2032162467
    1486 -0.0463833922 -1.2274735392
    1487  0.2069876444 -1.2419954229
    1488  0.4838579057 -1.2322958386
    1489  0.5068650519 -1.2539886129
    1490  0.7305024787 -1.1834683318
    1491  0.9792607500 -1.0974585769
    1492  1.0181124052 -1.1105653826
    1493  1.1894871148 -0.9969412985
    1494  1.3992126525 -0.8730774550
    1495  1.4546631982 -0.8705168176
    1496  1.5716723338 -0.7563830305
    1497  1.7477673048 -0.6281227054
    1498  1.8197182423 -0.6015430784
    1499  1.8906096898 -0.5220379682
    1500  2.0426672388 -0.4115063448
    1501  2.1291788276 -0.3520328148
    1502 -0.5545120498 -0.2716916896
    1503 -0.5464940276 -0.2565903488
    1504 -0.3659771299 -0.4990403555
    1505 -0.0846782698 -0.6295372844
    1506 -0.0776641432 -0.6451388345
    1507  0.2154444115 -0.6153155611
    1508  0.4840918308 -0.4634392451
    1509  0.5006761453 -0.4685250373
    1510  0.6534540236 -0.2179296263
    1511  0.7041620242  0.0845675301
    1512  0.7198508599  0.0930566479
    1513  0.6290950366  0.3704098616
    1514  0.4413160110  0.6098414160
    1515  0.4474261715  0.6274027283
    1516  0.1867041885  0.7530647364
    1517 -0.1117634219  0.7932342561
    1518 -0.1186053735  0.8116330346
    1519 -0.3920981893  0.7276489492
    1520 -0.6409405372  0.5651061491
    1521 -0.6586207955  0.5763960909
    1522 -0.8139729139  0.3414948396
    1523 -0.9114794171  0.0658444911
    1524 -0.9341681171  0.0649682685
    1525 -0.9216991829 -0.2104881787
    1526 -0.8506663526 -0.4880639955
    1527 -0.8711176555 -0.5023623478
    1528 -0.7165613439 -0.7213026241
    1529 -0.5207688883 -0.9205485113
    1530 -0.5322131602 -0.9460984806
    1531 -0.3001402929 -1.0578507560
    1532 -0.0451378340 -1.1472452130
    1533 -0.0423198540 -1.1794612896
    1534  0.2006042654 -1.1811072988
    1535  0.4582274312 -1.1700408593
    1536  0.4788890921 -1.2029575916
    1537  0.6855979918 -1.1237670454
    1538  0.9124768681 -1.0448312723
    1539  0.9533695812 -1.0717233841
    1540  1.1018838916 -0.9549155838
    1541  1.2882763631 -0.8473443281
    1542  1.3512061436 -0.8607727373
    1543  1.4393632271 -0.7497586268
    1544  1.5915461060 -0.6479356914
    1545  1.6779215015 -0.6395001911
    1546  1.7136539327 -0.5695712611
    1547  1.8428754183 -0.4957261472
    1548  1.9528329222 -0.4564336487
    1549 -0.5212776171 -0.2757432876
    1550 -0.5083361462 -0.2619311108
    1551 -0.3290951872 -0.4849384637
    1552 -0.0585402047 -0.5985614007
    1553 -0.0554391963 -0.6178565341
    1554  0.2247163475 -0.5747525085
    1555  0.4734322658 -0.4219969033
    1556  0.4908020009 -0.4327407935
    1557  0.6251176910 -0.1842588140
    1558  0.6628233721  0.1031840193
    1559  0.6837300266  0.1085318975
    1560  0.5824007494  0.3705817925
    1561  0.3972553814  0.5903651327
    1562  0.4096203087  0.6097756610
    1563  0.1523756250  0.7171650168
    1564 -0.1303417843  0.7454135698
    1565 -0.1337248705  0.7699186710
    1566 -0.3924110327  0.6746980997
    1567 -0.6216255900  0.5138646344
    1568 -0.6407475309  0.5326130317
    1569 -0.7775220359  0.2981931102
    1570 -0.8608377226  0.0362398771
    1571 -0.8896737606  0.0409221604
    1572 -0.8622834871 -0.2233569941
    1573 -0.7877647560 -0.4813287243
    1574 -0.8172527590 -0.4942370079
    1575 -0.6558881156 -0.6955829889
    1576 -0.4679680993 -0.8759813686
    1577 -0.4889789056 -0.9052034464
    1578 -0.2594126055 -0.9976929828
    1579 -0.0213408576 -1.0738267650
    1580 -0.0265292634 -1.1146300508
    1581  0.2053895509 -1.0988515442
    1582  0.4401060745 -1.0825520865
    1583  0.4558365800 -1.1284179848
    1584  0.6443127570 -1.0354603209
    1585  0.8446117677 -0.9600755346
    1586  0.8847257356 -1.0039259842
    1587  1.0083871037 -0.8774920842
    1588  1.1655257652 -0.7824412848
    1589  1.2328860415 -0.8170872884
    1590  1.2891705739 -0.7002510715
    1591  1.4096448928 -0.6202779573
    1592  1.5071925285 -0.6382679048
    1593  1.5030922466 -0.5651904416
    1594  1.5990143625 -0.5225558411
    1595  1.7291664405 -0.5161606109
    1596 -0.4775531071 -0.2799981356
    1597 -0.4593321494 -0.2677798341
    1598 -0.2821065512 -0.4660461523
    1599 -0.0255133485 -0.5583254344
    1600 -0.0268574055 -0.5814512035
    1601  0.2361151143 -0.5224727401
    1602  0.4593768122 -0.3687219226
    1603  0.4772728996 -0.3857103920
    1604  0.5884889252 -0.1409379502
    1605  0.6095154969  0.1273138469
    1606  0.6359498481  0.1288439135
    1607  0.5220676753  0.3711781658
    1608  0.3399832045  0.5657906777
    1609  0.3594098312  0.5867528265
    1610  0.1071841797  0.6713700137
    1611 -0.1557432817  0.6839129415
    1612 -0.1547367677  0.7148894294
    1613 -0.3946603663  0.6059632291
    1614 -0.5987374339  0.4464147373
    1615 -0.6187117129  0.4736266927
    1616 -0.7323519202  0.2399192161
    1617 -0.7967192440 -0.0055411493
    1618 -0.8318031086  0.0060707474
    1619 -0.7857527750 -0.2445963994
    1620 -0.7050796293 -0.4781355765
    1621 -0.7445480988 -0.4883088549
    1622 -0.5740437354 -0.6683435209
    1623 -0.3937068965 -0.8243616956
    1624 -0.4260533386 -0.8563148076
    1625 -0.1979585590 -0.9252704193
    1626  0.0214897902 -0.9827781832
    1627  0.0057946490 -1.0319410432
    1628  0.2269057183 -0.9941248120
    1629  0.4356409997 -0.9675999664
    1630  0.4432768150 -1.0271651165
    1631  0.6133514681 -0.9151176469
    1632  0.7830308458 -0.8382561546
    1633  0.8184865446 -0.9010904026
    1634  0.9170550707 -0.7581107508
    1635  1.0399310459 -0.6696740916
    1636  1.1068799290 -0.7293056990
    1637  1.1310529821 -0.5968373105
    1638  1.2133485312 -0.5309519522
    1639  1.3157848421 -0.5816665796
    1640  1.2716023937 -0.4913065235
    1641  1.3255435437 -0.4696673783
    1642  1.4675329767 -0.5062230314
    1643 -0.4227521479 -0.2844097498
    1644 -0.3992812702 -0.2741046696
    1645 -0.2248948593 -0.4422062733
    1646  0.0143698685 -0.5086278750
    1647  0.0084054008 -0.5353909078
    1648  0.2494691742 -0.4583300475
    1649  0.4416672866 -0.3036046505
    1650  0.4598771344 -0.3268050141
    1651  0.5433158487 -0.0881184345
    1652  0.5440847503  0.1566593640
    1653  0.5758675685  0.1543009613
    1654  0.4481022674  0.3718250231
    1655  0.2696944077  0.5357560047
    1656  0.2960498701  0.5581194133
    1657  0.0514891401  0.6154127646
    1658 -0.1875016389  0.6086324129
    1659 -0.1821576637  0.6458534826
    1660 -0.3983557759  0.5215339151
    1661 -0.5718443492  0.3630344830
    1662 -0.5925760012  0.3984517870
    1663 -0.6781558375  0.1670875030
    1664 -0.7189910333 -0.0590172807
    1665 -0.7600556711 -0.0406559877
    1666 -0.6921450145 -0.2737409696
    1667 -0.6027934302 -0.4781218184
    1668 -0.6518730515 -0.4855217998
    1669 -0.4712792688 -0.6393842677
    1670 -0.2982065984 -0.7657003821
    1671 -0.3415989360 -0.8000420973
    1672 -0.1158468827 -0.8407992419
    1673  0.0835911925 -0.8744945414
    1674  0.0573353915 -0.9313943879
    1675  0.2658315773 -0.8674138607
    1676  0.4461554603 -0.8256328669
    1677  0.4449706566 -0.8981631655
    1678  0.5948153290 -0.7629737113
    1679  0.7308776733 -0.6791221093
    1680  0.7598810219 -0.7604453723
    1681  0.8322103281 -0.5957698411
    1682  0.9173812584 -0.5067989956
    1683  0.9805256205 -0.5917459335
    1684  0.9726092555 -0.4356805441
    1685  1.0125578960 -0.3736907941
    1686  1.1141221147 -0.4592051823
    1687  1.0314798251 -0.3388495457
    1688  1.0380497756 -0.3239939698
    1689  1.1826807489 -0.4085988003
    1690  0.0654178156 -0.5414875019
    1691  0.0407171037 -0.5428369303
    1692  0.3582746735 -0.4251623502
    1693  0.5514252099 -0.1379898102
    1694  0.5577758821 -0.1151956523
    1695  0.5402352766  0.2158553720
    1696  0.3193435870  0.5033133820
    1697  0.3007263308  0.5160164505
    1698 -0.0365786131  0.6103625939
    1699 -0.3973982249  0.4863133157
    1700 -0.4144809923  0.4734858729
    1701 -0.6242071651  0.1662666239
    1702  0.0666566373 -0.5406774869
    1703  0.0426535260 -0.5415751930
    1704  0.3590896147 -0.4229771399
    1705  0.5507735576 -0.1357289270
    1706  0.5573623203 -0.1137519425
    1707  0.5383481615  0.2172937556
    1708  0.3169513603  0.5033400294
    1709  0.2992046899  0.5160411674
    1710 -0.0385233055  0.6089408733
    1711 -0.3981006911  0.4839946862
    1712 -0.4149375549  0.4720215173
    1713 -0.6233607634  0.1639852377
    1714  0.0691927507 -0.5386215310
    1715  0.0460116323 -0.5387635574
    1716  0.3601348345 -0.4186688881
    1717  0.5490312822 -0.1315914570
    1718  0.5561255286 -0.1106550507
    1719  0.5344359435  0.2196102299
    1720  0.3123728967  0.5028601138
    1721  0.2958125542  0.5157568592
    1722 -0.0419487926  0.6057807610
    1723 -0.3989556611  0.4793575190
    1724 -0.4156412899  0.4686279801
    1725 -0.6212242270  0.1597220124
    1726  0.0731409486 -0.5344873630
    1727  0.0509727078 -0.5334079392
    1728  0.3609726537 -0.4113020372
    1729  0.5452783112 -0.1250586382
    1730  0.5532832328 -0.1055073663
    1731  0.5274232166  0.2226907974
    1732  0.3047759947  0.5011404392
    1733  0.2898827921  0.5145277083
    1734 -0.0471135320  0.5997738876
    1735 -0.3995212167  0.4713179779
    1736 -0.4161944532  0.4624171844
    1737 -0.6167814313  0.1528271694
    1738  0.0786561991 -0.5271257356
    1739  0.0577652743 -0.5242527686
    1740  0.3610478583 -0.3996970540
    1741  0.5383526668 -0.1154760932
    1742  0.5477555005 -0.0977583262
    1743  0.5159525953  0.2263907590
    1744  0.2931120282  0.4972542949
    1745  0.2804948571  0.5114756374
    1746 -0.0543482287  0.5895213593
    1747 -0.3992436024  0.4585056816
    1748 -0.4160491290  0.4521627191
    1749 -0.6087520470  0.1424766295
    1750  0.0859189637 -0.5151858987
    1751  0.0666365593 -0.5099124225
    1752  0.3597457645 -0.3825538367
    1753  0.5269713297 -0.1021256417
    1754  0.5382728938 -0.0867629864
    1755  0.4985262851  0.2305519616
    1756  0.2762228123  0.4901810260
    1757  0.2665656690  0.5055704561
    1758 -0.0640163721  0.5734811533
    1759 -0.3975141452  0.4394093733
    1760 -0.4145656268  0.4364220442
    1761 -0.5957274554  0.1277572293
    1762  0.0951095896 -0.4972638920
    1763  0.0778177415 -0.4890312681
    1764  0.3564569034 -0.3586067868
    1765  0.5098777059 -0.0843107791
    1766  0.5235149348 -0.0718555790
    1767  0.4736834295  0.2350104361
    1768  0.2529816924  0.4789196844
    1769  0.2469722891  0.4957408970
    1770 -0.0764729410  0.5501469670
    1771 -0.3937400759  0.4125525193
    1772 -0.4110818312  0.4136966332
    1773 -0.5763342664  0.1077751698
    1774  0.1063781345 -0.4720754147
    1775  0.0914830632 -0.4604628145
    1776  0.3506511379 -0.3267966122
    1777  0.4860042899 -0.0614604535
    1778  0.5022707087 -0.0524383569
    1779  0.4401938580  0.2396157635
    1780  0.2224460961  0.4626190813
    1781  0.2206951846  0.4810035161
    1782 -0.0920059517  0.5182483836
    1783 -0.3874164030  0.3766947037
    1784 -0.4049919430  0.3826197356
    1785 -0.5494158724  0.0817787443
    1786  0.1198106304 -0.4386414309
    1787  0.1077061975 -0.4234538114
    1788  0.3419478030 -0.2864520714
    1789  0.4546398669 -0.0332351134
    1790  0.4736102429 -0.0280803071
    1791  0.3972624951  0.2442370309
    1792  0.1840253765  0.4407040643
    1793  0.1869734523  0.4605995610
    1794 -0.1107800490  0.4769556615
    1795 -0.3781988959  0.3310383029
    1796 -0.3958276762  0.3421596818
    1797 -0.5142161355  0.0492913308
    1798  0.1353892038 -0.3964713522
    1799  0.1264131854 -0.3778163869
    1800  0.3301823237 -0.2374574741
    1801  0.4155837877  0.0003706170
    1802  0.4370521640  0.0013844700
    1803  0.3447195332  0.2487680031
    1804  0.1376328683  0.4129945471
    1805  0.1454645283  0.4341245598
    1806 -0.1327715423  0.4260704897
    1807 -0.3659635029  0.2754263000
    1808 -0.3833310188  0.2918242321
    1809 -0.4705474305  0.0102401861
    1810  0.4358397666  0.0406881529
    1811  0.4305890801  0.0218728449
    1812  0.3763416997 -0.1805997903
    1813  0.2369893377 -0.3284818421
    1814  0.2556881293 -0.3220579874
    1815  0.2421581460  0.4010627016
    1816  0.2536248180  0.3854779052
    1817  0.3865889362  0.2213912816
    1818 -0.1642089767  0.4765518041
    1819 -0.1450761369  0.4747869530
    1820  0.0677896501  0.4732134910
    1821 -0.4966143755  0.2239938465
    1822 -0.4818579028  0.2361742069
    1823 -0.3345630326  0.3922156874
    1824 -0.5589882663 -0.1928783088
    1825 -0.5559130447 -0.1740102545
    1826 -0.5567697446  0.0423076239
    1827 -0.3319365574 -0.5528307177
    1828 -0.3410355163 -0.5359452880
    1829 -0.4820891796 -0.3694851159
    1830  0.0707061621 -0.7038601283
    1831  0.0535806443 -0.6948359540
    1832 -0.1609614665 -0.6443164915
    1833  0.4950991162 -0.6059800653
    1834  0.4754210299 -0.6067820201
    1835  0.2649108595 -0.6815058696
    1836  0.8205571431 -0.3053821179
    1837  0.8027602289 -0.3150527171
    1838  0.6518559182 -0.4855098510
    1839  0.9876369579  0.1165821333
    1840  0.9742072614  0.1002749629
    1841  0.9069321650 -0.1238455495
    1842  0.9906185441  0.5860307777
    1843  0.9822289707  0.5652488184
    1844  0.9974542310  0.3224166497
    1845  0.8554258885  1.0580933004
    1846  0.8514680788  1.0341805039
    1847  0.9345150170  0.7917733369
    1848  0.6203409333  1.5190477751
    1849  0.6194029405  1.4923609356
    1850  0.7508478848  1.2541641776
    1851  0.3277428172  1.9750344028
    1852  0.3278886559  1.9451987676
    1853  0.4864128662  1.7062884089
    1854  0.0254202774  2.4309818589
    1855  0.0244307906  2.3975084033
    1856  0.1850963320  2.1558728184
    1857  0.4220314230  0.0221508927
    1858  0.4094647147 -0.0051517610
    1859  0.3458275215 -0.1939672427
    1860  0.2046967389 -0.3258178923
    1861  0.2337668616 -0.3209183070
    1862  0.2489662305  0.3776201090
    1863  0.2632041241  0.3503514191
    1864  0.3796385940  0.1867705962
    1865 -0.1406626553  0.4658769880
    1866 -0.1099428860  0.4584402937
    1867  0.0920067003  0.4445421985
    1868 -0.4710775155  0.2340742587
    1869 -0.4433460936  0.2512184206
    1870 -0.2945900554  0.3909830993
    1871 -0.5461508347 -0.1666111470
    1872 -0.5365908321 -0.1342218670
    1873 -0.5254044772  0.0713156534
    1874 -0.3388677971 -0.5223742316
    1875 -0.3519572992 -0.4897509457
    1876 -0.4771099318 -0.3239883677
    1877  0.0457660333 -0.6814739725
    1878  0.0150284139 -0.6612094286
    1879 -0.1864306855 -0.6022134072
    1880  0.4595131537 -0.5994901549
    1881  0.4206707154 -0.5979259713
    1882  0.2167452108 -0.6589919643
    1883  0.7829904728 -0.3171418022
    1884  0.7453814765 -0.3346655582
    1885  0.5942196922 -0.4905180543
    1886  0.9549463002  0.0881754779
    1887  0.9250350894  0.0546826000
    1888  0.8524608730 -0.1566166269
    1889  0.9665625383  0.5441323646
    1890  0.9473319872  0.4985753138
    1891  0.9547304286  0.2660155489
    1892  0.8407206914  1.0053197670
    1893  0.8322609819  0.9504023488
    1894  0.9072362331  0.7165320743
    1895  0.6132618814  1.4562744177
    1896  0.6136221587  1.3925380624
    1897  0.7385201857  1.1628076085
    1898  0.3246979045  1.9012846475
    1899  0.3304595106  1.8271723504
    1900  0.4853553931  1.5982997427
    1901  0.0215518846  2.3445257632
    1902  0.0280548654  2.2576224332
    1903  0.1891999330  2.0280876708
    1904  0.3953590885 -0.0138584811
    1905  0.3758561861 -0.0479787644
    1906  0.2973195213 -0.2151666241
    1907  0.1533157926 -0.3215885761
    1908  0.1914211617 -0.3187241143
    1909  0.2624485561  0.3320832095
    1910  0.2781602935  0.2946732251
    1911  0.3684632125  0.1319190734
    1912 -0.0945378537  0.4453934574
    1913 -0.0545746478  0.4323044731
    1914  0.1300993181  0.3990125990
    1915 -0.4212629832  0.2543294604
    1916 -0.3824481043  0.2745116647
    1917 -0.2315067525  0.3886383073
    1918 -0.5215854500 -0.1146725998
    1919 -0.5056477960 -0.0718474540
    1920 -0.4756333676  0.1166338880
    1921 -0.3534620033 -0.4625423646
    1922 -0.3684278565 -0.4169896672
    1923 -0.4686339958 -0.2525001211
    1924 -0.0043803394 -0.6381003496
    1925 -0.0449212566 -0.6078086251
    1926 -0.2257656839 -0.5356933059
    1927  0.3886019557 -0.5881317551
    1928  0.3350085395 -0.5831047969
    1929  0.1415845241 -0.6228725254
    1930  0.7087352854 -0.3424566267
    1931  0.6552029860 -0.3643733531
    1932  0.5038450479 -0.4973614074
    1933  0.8912098720  0.0294122717
    1934  0.8473449868 -0.0158074809
    1935  0.7666489641 -0.2069614596
    1936  0.9210910324  0.4582013801
    1937  0.8917526464  0.3948928992
    1938  0.8870018746  0.1785150877
    1939  0.8152958055  0.8973134703
    1940  0.8011725392  0.8197755655
    1941  0.8635268528  0.5993451124
    1942  0.6049405894  1.3275739949
    1943  0.6036683814  1.2367489614
    1944  0.7182321877  1.0202741015
    1945  0.3269196729  1.7491867213
    1946  0.3339123838  1.6430174699
    1947  0.4829267122  1.4297610711
    1948  0.0249756552  2.1644227778
    1949  0.0338939468  2.0394321264
    1950  0.1952857663  1.8287755845
    1951  0.3576274299 -0.0647059092
    1952  0.3320202658 -0.1038075513
    1953  0.2340314570 -0.2428200910
    1954  0.0862386903 -0.3160774855
    1955  0.1314883041 -0.3156305187
    1956  0.2813551207  0.2678016604
    1957  0.2976000053  0.2221418864
    1958  0.3538692165  0.0604453728
    1959 -0.0296199915  0.4163638200
    1960  0.0174559201  0.3982406363
    1961  0.1796535816  0.3397048856
    1962 -0.3510593369  0.2826144364
    1963 -0.3032274640  0.3047488669
    1964 -0.1494425654  0.3855279188
    1965 -0.4867779203 -0.0417634694
    1966 -0.4653817479  0.0092151930
    1967 -0.4108830733  0.1755155132
    1968 -0.3736471711 -0.3783914335
    1969 -0.3898271682 -0.3224211184
    1970 -0.4575858284 -0.1595854320
    1971 -0.0745803624 -0.5769204437
    1972 -0.1228910479 -0.5384519527
    1973 -0.2769102261 -0.4492508923
    1974  0.2890852659 -0.5718549667
    1975  0.2235823355 -0.5640397399
    1976  0.0438199170 -0.5760344722
    1977  0.6043743885 -0.3777588009
    1978  0.5379725578 -0.4034628641
    1979  0.3863055484 -0.5065739405
    1980  0.8015865666 -0.0530747447
    1981  0.7466322280 -0.1083041500
    1982  0.6551986781 -0.2730537148
    1983  0.8573004126  0.3372526144
    1984  0.8204024360  0.2587547284
    1985  0.7994888742  0.0636805201
    1986  0.7801449370  0.7450023768
    1987  0.7627414454  0.6480037831
    1988  0.8080616025  0.4453786989
    1989  0.5946815304  1.1457684406
    1990  0.5943889338  1.0314203464
    1991  0.6945588893  0.8326662845
    1992  0.3327876600  1.5338858848
    1993  0.3444381926  1.3994011104
    1994  0.4844622741  1.2072907739
    1995  0.0343966457  1.9086352117
    1996  0.0506034012  1.7490881065
    1997  0.2105641802  1.5644780331
    1998  0.3113167562 -0.1271912461
    1999  0.2807490339 -0.1692368162
    2000  0.1599471432 -0.2752303295
    2001  0.0077188506 -0.3096234449
    2002  0.0578543460 -0.3118369573
    2003  0.3046701202  0.1888776221
    2004  0.3205551810  0.1372090961
    2005  0.3369015152 -0.0233005350
    2006  0.0501853951  0.3808605430
    2007  0.1020348909  0.3585913583
    2008  0.2379183836  0.2703552304
    2009 -0.2649105608  0.3176051519
    2010 -0.2104599259  0.3406699396
    2011 -0.0531887689  0.3822711457
    2012 -0.4443506081  0.0480055959
    2013 -0.4187233391  0.1046995270
    2014 -0.3352790110  0.2450460373
    2015 -0.3990143890 -0.2750473126
    2016 -0.4159218363 -0.2114957264
    2017 -0.4454198794 -0.0503473619
    2018 -0.1614993976 -0.5022413417
    2019 -0.2155225760 -0.4578577901
    2020 -0.3380294367 -0.3481884183
    2021  0.1662966217 -0.5529486153
    2022  0.0919832430 -0.5434283649
    2023 -0.0719639822 -0.5223201605
    2024  0.4761415595 -0.4229091783
    2025  0.4004365933 -0.4521024654
    2026  0.2478795932 -0.5196427216
    2027  0.6924140657 -0.1568864079
    2028  0.6300066453 -0.2205085958
    2029  0.5250998854 -0.3538363908
    2030  0.7813649043  0.1855290523
    2031  0.7405011275  0.0946273727
    2032  0.6993484006 -0.0751024526
    2033  0.7415933916  0.5540482259
    2034  0.7246638794  0.4414475701
    2035  0.7482032034  0.2600360351
    2036  0.5898415895  0.9175755338
    2037  0.5949874785  0.7846400668
    2038  0.6757468394  0.6071814353
    2039  0.3520669276  1.2626914776
    2040  0.3744434843  1.1059538312
    2041  0.5004315528  0.9397400140
    2042  0.0635449896  1.5842424835
    2043  0.0958596588  1.3972212166
    2044  0.2496570366  1.2453763868
    2045  0.2592888573 -0.1975338685
    2046  0.2250947568 -0.2403722463
    2047  0.0794797679 -0.3104463128
    2048 -0.0775446967 -0.3025778197
    2049 -0.0249353585 -0.3075571425
    2050  0.3311161376  0.1000985212
    2051  0.3457117147  0.0449181460
    2052  0.3185891619 -0.1143496419
    2053  0.1402271702  0.3412057866
    2054  0.1942200014  0.3157932812
    2055  0.3015068776  0.1951118058
    2056 -0.1680119647  0.3575730995
    2057 -0.1096647996  0.3803402940
    2058  0.0515935254  0.3792047402
    2059 -0.3972272821  0.1496356270
    2060 -0.3686722906  0.2091412979
    2061 -0.2534173252  0.3213211794
    2062 -0.4287890306 -0.1586213724
    2063 -0.4456171074 -0.0908021454
    2064 -0.4332080288  0.0688602258
    2065 -0.2608179977 -0.4190508441
    2066 -0.3178275618 -0.3712273084
    2067 -0.4060080453 -0.2386905616
    2068  0.0269613341 -0.5337954724
    2069 -0.0522334976 -0.5234129056
    2070 -0.1993240826 -0.4655791953
    2071  0.3318184617 -0.4771271180
    2072  0.2511286163 -0.5087486293
    2073  0.0967857930 -0.5369370284
    2074  0.5715266037 -0.2781699656
    2075  0.5057690242 -0.3472979266
    2076  0.3848882242 -0.4459869011
    2077  0.7007833319  0.0096288102
    2078  0.6595763044 -0.0891349323
    2079  0.5945295741 -0.2311090339
    2080  0.7071126938  0.3335848493
    2081  0.6938984059  0.2115378981
    2082  0.6911343837  0.0531447097
    2083  0.5989036039  0.6547577839
    2084  0.6128159915  0.5112373842
    2085  0.6687725452  0.3568040078
    2086  0.3960671655  0.9503048261
    2087  0.4334610168  0.7816819465
    2088  0.5389377911  0.6437971303
    2089  0.1289627531  1.2090118468
    2090  0.1839218976  1.0078654595
    2091  0.3239502985  0.8927403359
    2092  0.2045155126 -0.2716701728
    2093  0.1680879585 -0.3132511397
    2094 -0.0029509457 -0.3464675108
    2095 -0.1648373037 -0.2952657139
    2096 -0.1121051878 -0.3029892708
    2097  0.3591773173  0.0065667515
    2098  0.3716442804 -0.0496416869
    2099  0.2998973654 -0.2076635394
    2100  0.2353594652  0.2997180424
    2101  0.2889151474  0.2722036942
    2102  0.3668883949  0.1181148893
    2103 -0.0659574347  0.4003290523
    2104 -0.0064233821  0.4216016796
    2105  0.1591159535  0.3765094943
    2106 -0.3482837525  0.2573871450
    2107 -0.3180869611  0.3168098650
    2108 -0.1698663449  0.4001727897
    2109 -0.4615718144 -0.0358646525
    2110 -0.4774612756  0.0329287815
    2111 -0.4217690809  0.1914570486
    2112 -0.3671499595 -0.3325057368
    2113 -0.4243470933 -0.2836355414
    2114 -0.4772995755 -0.1269678606
    2115 -0.1209910495 -0.5162510474
    2116 -0.2011007599 -0.5056753166
    2117 -0.3313536414 -0.4093740439
    2118  0.1801775601 -0.5383565514
    2119  0.0987573687 -0.5710836744
    2120 -0.0584410088 -0.5582069726
    2121  0.4472457530 -0.4111055323
    2122  0.3820115219 -0.4825283651
    2123  0.2431018972 -0.5452824581
    2124  0.6228271380 -0.1812437535
    2125  0.5844415708 -0.2829697844
    2126  0.4925425776 -0.3964988964
    2127  0.6830772868  0.0960804407
    2128  0.6760539312 -0.0288652251
    2129  0.6430371318 -0.1641633427
    2130  0.6282432963  0.3734784924
    2131  0.6530503549  0.2278734141
    2132  0.6788995033  0.0960955917
    2133  0.4728724535  0.6176309733
    2134  0.5277437037  0.4482909971
    2135  0.6054312500  0.3383083438
    2136  0.2429445456  0.8098994236
    2137  0.3243988625  0.6094394729
    2138  0.4409334801  0.5311891380
    2139  0.1498254966 -0.3456550264
    2140  0.1125018572 -0.3841946417
    2141 -0.0832855964 -0.3814246252
    2142 -0.2498262061 -0.2879580109
    2143 -0.1990709383 -0.2982955829
    2144  0.3873227800 -0.0867977055
    2145  0.3969918085 -0.1417603505
    2146  0.2816848426 -0.2985717108
    2147  0.3305398793  0.2585676790
    2148  0.3813452937  0.2299729926
    2149  0.4307431066  0.0431874141
    2150  0.0358367070  0.4436177164
    2151  0.0940529109  0.4623623639
    2152  0.2639626575  0.3742934963
    2153 -0.3001887844  0.3655568362
    2154 -0.2695753378  0.4222523425
    2155 -0.0888665704  0.4776177227
    2156 -0.4957631310  0.0866213997
    2157 -0.5099363653  0.1533347660
    2158 -0.4117600741  0.3112001308
    2159 -0.4749603348 -0.2474841663
    2160 -0.5297219162 -0.1997838024
    2161 -0.5483782708 -0.0188509208
    2162 -0.2695968967 -0.5017553777
    2163 -0.3468802603 -0.4915397703
    2164 -0.4613118406 -0.3569019062
    2165  0.0298365062 -0.6039913861
    2166 -0.0483273399 -0.6364156636
    2167 -0.2095550347 -0.5828430962
    2168  0.3274490472 -0.5491977184
    2169  0.2662620593 -0.6196134842
    2170  0.1078356025 -0.6470990459
    2171  0.5539077474 -0.3770700977
    2172  0.5209867933 -0.4767311696
    2173  0.4001865485 -0.5629305888
    2174  0.6743837437 -0.1449897395
    2175  0.6751753844 -0.2660895052
    2176  0.6089054761 -0.3800808616
    2177  0.6818219306  0.0913071904
    2178  0.7182129567 -0.0475563131
    2179  0.7093753480 -0.1593961600
    2180  0.5867303056  0.2878578512
    2181  0.6591102348  0.1295910523
    2182  0.7019666710  0.0436879417
    2183  0.4119752769  0.4178454252
    2184  0.5198187350  0.2341827538
    2185  0.6025384361  0.1881152302
    2186  0.0977281987 -0.4159846799
    2187  0.0607325002 -0.4500887263
    2188 -0.1580914019 -0.4137440561
    2189 -0.3288792629 -0.2808586246
    2190 -0.2818049920 -0.2935916822
    2191  0.4141964434 -0.1755743903
    2192  0.4206688244 -0.2273215708
    2193  0.2647575339 -0.3830692818
    2194  0.4212113968  0.2197547017
    2195  0.4673597880  0.1911432116
    2196  0.4902628075 -0.0262415463
    2197  0.1323877693  0.4854151304
    2198  0.1870112584  0.5009394453
    2199  0.3613179337  0.3728365665
    2200 -0.2554574784  0.4688806557
    2201 -0.2257432076  0.5206042417
    2202 -0.0144132084  0.5502215032
    2203 -0.5298963857  0.2026429172
    2204 -0.5419067673  0.2644507104
    2205 -0.4040516305  0.4223762448
    2206 -0.5789962035 -0.1686062664
    2207 -0.6290830313 -0.1243177929
    2208 -0.6161904097  0.0800585544
    2209 -0.4111921026 -0.4916060736
    2210 -0.4821877533 -0.4825131764
    2211 -0.5829017439 -0.3114471601
    2212 -0.1108841299 -0.6712703261
    2213 -0.1819368825 -0.7022326754
    2214 -0.3485620814 -0.6104493610
    2215  0.2195994725 -0.6856435022
    2216  0.1659125802 -0.7519090999
    2217 -0.0129313599 -0.7469012212
    2218  0.4996313362 -0.5672815166
    2219  0.4746076627 -0.6598646350
    2220  0.3240088119 -0.7218421105
    2221  0.6842993813 -0.3752999845
    2222  0.6938813167 -0.4857187531
    2223  0.5928764730 -0.5822196628
    2224  0.7604728881 -0.1729691380
    2225  0.8076158605 -0.2962019403
    2226  0.7612982843 -0.3932660544
    2227  0.7362463992 -0.0140420584
    2228  0.8231235964 -0.1495940512
    2229  0.8261382324 -0.2186495055
    2230  0.6329953783  0.0667748056
    2231  0.7616226774 -0.0844594971
    2232  0.8024387800 -0.1080409374
    2233  0.0501638463 -0.4798790814
    2234 -0.3571050618 -0.2889495371
    2235  0.4386786852 -0.2563390169
    2236  0.5038150014  0.1847373909
    2237  0.2199275012  0.5240483707
    2238 -0.2158467643  0.5632747183
    2239 -0.5626330398  0.3075662183
    2240 -0.6750917354 -0.0991230117
    2241 -0.5399437869 -0.4863641459
    2242 -0.2359060885 -0.7375665357
    2243  0.1287897814 -0.8146989120
    2244  0.4632336376 -0.7432543315
    2245  0.7136277221 -0.5833308733
    2246  0.8620907976 -0.4042894041
    2247  0.9158118843 -0.2678547453
    2248  0.8961299892 -0.2153187966
    2249 -0.0304364188  0.3415879706
    2250 -0.0103750661  0.3376708928
    2251  0.1839563470  0.2732215724
    2252  0.3015182298  0.1116438407
    2253  0.2984390522  0.1321317536
    2254 -0.3516614623  0.0861855642
    2255 -0.3413236190  0.1035165044
    2256 -0.2109585294  0.2754010905
    2257 -0.2074545108 -0.3235468584
    2258 -0.2200662756 -0.3080885455
    2259 -0.3476149858 -0.1183084068
    2260  0.0009097136 -0.3911338122
    2261 -0.0151830170  0.3308301671
    2262  0.0114484276  0.3208521653
    2263  0.1917415691  0.2474352499
    2264  0.2930234201  0.0866912186
    2265  0.2934724808  0.1149799178
    2266 -0.3357446155  0.0976092868
    2267 -0.3171985262  0.1194656387
    2268 -0.1827643498  0.2743854822
    2269 -0.2132971832 -0.3037201142
    2270 -0.2276793498 -0.2785423858
    2271 -0.3369646089 -0.0906007317
    2272 -0.0231143269 -0.3708951887
    2273  0.0142697255  0.3100321669
    2274  0.0461507668  0.2940634488
    2275  0.2040912366  0.2063943711
    2276  0.2794662085  0.0470027274
    2277  0.2838541216  0.0818540097
    2278 -0.3049894632  0.1196649687
    2279 -0.2787986142  0.1448219019
    2280 -0.1379055059  0.2727385777
    2281 -0.2245781182 -0.2654192181
    2282 -0.2397817453 -0.2315287959
    2283 -0.3200011805 -0.0465217104
    2284 -0.0613380344 -0.3386922937
    2285  0.0559247930  0.2805519658
    2286  0.0914082059  0.2590290661
    2287  0.2201322819  0.1527901417
    2288  0.2616797797 -0.0047821166
    2289  0.2701784164  0.0349877005
    2290 -0.2614380578  0.1508494722
    2291 -0.2286357055  0.1778764797
    2292 -0.0793441305  0.2705204718
    2293 -0.2405267630 -0.2112062320
    2294 -0.2555526923 -0.1701454364
    2295 -0.2978136470  0.0110078394
    2296 -0.1112307634 -0.2966431710
    2297  0.1070451949  0.2442449580
    2298  0.1443058523  0.2179056079
    2299  0.2387674475  0.0899928678
    2300  0.2407049768 -0.0653541420
    2301  0.2532568455 -0.0225619784
    2302 -0.2078817482  0.1891007562
    2303 -0.1698522339  0.2164828810
    2304 -0.0107917566  0.2677999419
    2305 -0.2600801045 -0.1445856016
    2306 -0.2739519691 -0.0982718708
    2307 -0.2717575923  0.0783230506
    2308 -0.1696123188 -0.2473916696
    2309  0.1644265660  0.2032762583
    2310  0.2016213913  0.1730692603
    2311  0.2587802487  0.0217234057
    2312  0.2176882041 -0.1310583678
    2313  0.2340349397 -0.0872181273
    2314 -0.1475802227  0.2319986889
    2315 -0.1059134565  0.2582611679
    2316  0.0636511118  0.2646445855
    2317 -0.2819810146 -0.0696527717
    2318 -0.2938159183 -0.0201881763
    2319 -0.2433180759  0.1513732214
    2320 -0.2329580382 -0.1938433908
    2321  0.2247007662  0.1599140761
    2322  0.2601203207  0.1268986486
    2323  0.2789482386 -0.0482892144
    2324  0.1937775943 -0.1982301889
    2325  0.2135029848 -0.1552244691
    2326 -0.0839498591  0.2769934442
    2327 -0.0402870640  0.3008170062
    2328  0.1398748868  0.2611144675
    2329 -0.3048930247  0.0092966940
    2330 -0.3139606576  0.0598180910
    2331 -0.2139715400  0.2260912076
    2332 -0.2977199887 -0.1388946203
    2333  0.2846340702  0.1163314999
    2334  0.3168312242  0.0815773550
    2335  0.2981497303 -0.1166187356
    2336  0.1700308497 -0.2635046434
    2337  0.1926114924 -0.2229775840
    2338 -0.0202623745  0.3216309050
    2339  0.0238446189  0.3419444323
    2340  0.2141031947  0.2572607845
    2341 -0.3275170664  0.0881464537
    2342 -0.3332833140  0.1378130687
    2343 -0.1850629261  0.2987378459
    2344 -0.3606253001 -0.0851894599
    2345  0.3413869309  0.0744386208
    2346  0.3692683832  0.0389394817
    2347  0.3154532989 -0.1803929261
    2348  0.1473453435 -0.3240659306
    2349  0.1722024996 -0.2873133945
    2350  0.0406102481  0.3637511115
    2351  0.0838173408  0.3797948523
    2352  0.2831727489  0.2531294499
    2353 -0.3486987828  0.1632837446
    2354 -0.3508503028  0.2105029760
    2355 -0.1577149945  0.3661780729
    2356 -0.4189216641 -0.0349305630
    2357  0.3927083369  0.0357634828
    2358  0.1529602177 -0.3457220748
    2359  0.0963836956  0.4016404118
    2360 -0.3675148055  0.2318395951
