       1  1.7036635951  0.2377130256
       2  0.2353442275  0.5202641019
       3 -1.2905956150  0.6872945188
       4 -1.4471328981  0.6920172183
       5 -1.5992021863  0.6870842743
       6 -0.1312574231  0.5204693262
       7  1.3680766072  0.2381497144
       8  1.5387861174  0.2572966664
       9 -2.4456754331  0.6954717434
      10 -3.0672070627  0.5482583702
      11 -3.0949352915  0.5360964353
      12 -3.1149392226  0.5470246450
      13 -2.6381302337  0.6947522046
      14 -3.0420810778  0.2890072422
      15 -2.4300224392 -0.0429585397
      16 -2.3393786338 -0.0610307938
      17 -2.2440665430 -0.0446586159
      18 -2.9582150980  0.2874167560
      19 -1.4293035164 -0.3660016403
      20 -0.1867577725 -0.6454369481
      21 -0.0624486569 -0.6570897910
      22  0.0619590142 -0.6464049987
      23 -1.1893101634 -0.3674972456
      24  1.0030442374 -0.8218888542
      25  2.0454590219 -0.8853437610
      26  2.1274723799 -0.8850223306
      27  2.2068589837 -0.8846482376
      28  1.2220894926 -0.8221072965
      29  2.7453958971 -0.8281625341
      30  3.0988607912 -0.6587761445
      31  3.1113239212 -0.6484713020
      32  3.1208240574 -0.6564094804
      33  2.8387612657 -0.8265848821
      34  3.0788547134 -0.4147755940
      35  2.7294380386 -0.1062634576
      36  2.6870946793 -0.0918074386
      37  2.6427998519 -0.1031173551
      38  3.0406470064 -0.4118785986
      39  2.1538174602  0.2087641001
      40  1.3858027827  0.5301058665
      41  1.3198372810  0.5430598285
      42  1.2531517754  0.5327760117
      43  2.0368045106  0.2118313721
      44  0.5821379269  0.8038313240
      45 -0.2641493991  1.0404842591
      46 -0.3268658647  1.0485922330
      47 -0.3894500541  1.0416707001
      48  0.4478623136  0.8058708372
      49 -1.0067942846  1.2049905999
      50 -1.6903502023  1.3117726769
      51 -1.7354880389  1.3141880265
      52 -1.7801088097  1.3110787283
      53 -1.1167787112  1.2052711351
      54 -2.2122834424  1.3492434250
      55 -2.6330200915  1.3267537094
      56 -2.6575884149  1.3242783216
      57 -2.6815872867  1.3244409332
      58 -2.2818024400  1.3476992432
      59 -2.9007875790  1.2544724585
      60 -3.0687950223  1.1296861766
      61 -3.0763228975  1.1237552492
      62 -3.0833739297  1.1264897724
      63 -2.9316991106  1.2516239517
      64 -3.1286519980  0.9804704568
      65 -3.1114091381  0.7883351856
      66 -3.1074826008  0.7802938036
      67 -3.1032095015  0.7851961874
      68 -3.1309562550  0.9771818006
      69 -3.0401906036  0.5963433098
      70 -2.9187857387  0.3691993043
      71 -2.9084176351  0.3599522956
      72 -2.8978134603  0.3669975891
      73 -3.0248873026  0.5935531131
      74 -2.7909165741  0.1645387364
      75 -2.6351614937 -0.0692301229
      76 -2.6218186503 -0.0792414493
      77 -2.6083164714 -0.0699050222
      78 -2.7665584200  0.1629865786
      79 -2.0182235236  0.6913023973
      80 -2.3828422007  0.6858257327
      81 -1.1890241320  0.5204439707
      82  0.2683224103  0.2394455827
      83  0.8321181576  0.2581249229
      84 -3.1286617980  0.5345080937
      85 -3.0752136925  0.5449527477
      86 -3.0279536587  0.6927649878
      87 -1.9419366484 -0.0620776961
      88 -1.6070244812 -0.0451607624
      89 -2.5650203917  0.2858901554
      90  0.4191055075 -0.6567213412
      91  0.7707684975 -0.6446915757
      92 -0.4527816044 -0.3668416084
      93  2.4175587106 -0.8835358638
      94  2.6041256719 -0.8822294890
      95  1.8075660849 -0.8197634325
      96  3.1315938411 -0.6470331083
      97  3.1189292635 -0.6556844588
      98  3.0347029620 -0.8247078642
      99  2.5110079768 -0.0916600907
     100  2.3654050013 -0.1057752868
     101  2.8815512162 -0.4126875861
     102  1.0702345231  0.5412913818
     103  0.8830826308  0.5266640427
     104  1.6925895788  0.2073876915
     105 -0.5526284962  1.0452056788
     106 -0.7142717270  1.0336562227
     107  0.0872960147  0.7985552025
     108 -1.8906857950  1.3103215492
     109 -1.9976687975  1.3038166222
     110 -1.3929154205  1.1972470505
     111 -2.7373577851  1.3216363685
     112 -2.7896720864  1.3210767855
     113 -2.4441934902  1.3419166010
     114 -3.0977508782  1.1243274686
     115 -3.1096014049  1.1302657610
     116 -2.9961950069  1.2512890888
     117 -3.0928817487  0.7861677781
     118 -3.0809676265  0.7993343630
     119 -3.1301347530  0.9855021088
     120 -2.8761968326  0.3731725760
     121 -2.8536655961  0.3946813040
     122 -2.9896120891  0.6136994376
     123 -2.5836865714 -0.0570225679
     124 -2.5585457093 -0.0259864249
     125 -2.7183763865  0.1979500961
     126 -2.8382171089  0.6893030565
     127 -3.0882809429  0.6830140738
     128 -2.5644584207  0.5200491608
     129 -1.5416461811  0.2415632740
     130 -0.6664784104  0.2597380153
     131 -2.8450707715  0.5311974668
     132 -2.4504245010  0.5401412570
     133 -3.0320738702  0.6883876080
     134 -0.9994016031 -0.0633623206
     135 -0.3461633042 -0.0474193068
     136 -1.5142800401  0.2818491615
     137  1.3267342221 -0.6547295545
     138  1.8355456963 -0.6423513501
     139  0.7982875905 -0.3668489960
     140  2.8548333820 -0.8799015825
     141  3.0277212812 -0.8770587038
     142  2.5821359352 -0.8156159723
     143  3.0465883415 -0.6448602821
     144  2.9115976971 -0.6516597670
     145  3.1260921515 -0.8195684772
     146  2.0945807422 -0.0934807126
     147  1.7918535991 -0.1064707602
     148  2.4558780438 -0.4106375137
     149  0.5626703568  0.5348469081
     150  0.2360353103  0.5199237733
     151  1.0511529622  0.2037337970
     152 -0.9814693829  1.0356351135
     153 -1.2409555930  1.0222719787
     154 -0.5174717573  0.7892261410
     155 -2.1702047321  1.3007176142
     156 -2.3309046888  1.2913409871
     157 -1.8284299319  1.1847916772
     158 -2.8709870749  1.3159417977
     159 -2.9416888104  1.3122951840
     160 -2.6849264019  1.3305858208
     161 -3.1241294727  1.1267788013
     162 -3.1310078530  1.1304482935
     163 -3.0782573428  1.2461479444
     164 -3.0561336206  0.8010642029
     165 -3.0264332311  0.8138816375
     166 -3.1090458192  0.9918642234
     167 -2.8108371992  0.4047817169
     168 -2.7651176057  0.4289701078
     169 -2.9148179483  0.6369166640
     170 -2.5107771371 -0.0050693277
     171 -2.4613142460  0.0326696841
     172 -2.6235880974  0.2430850695
     173 -3.0678453896  0.6851718744
     174 -2.6350797540  0.6775407985
     175 -3.0878749236  0.5186543371
     176 -3.0446698994  0.2444463598
     177 -2.5003301608  0.2620565395
     178 -1.6868531779  0.5245007993
     179 -0.7414590124  0.5311963609
     180 -1.8182865902  0.6802456329
     181  0.5683530737 -0.0666880887
     182  1.4343351530 -0.0521507898
     183  0.3698062878  0.2741274172
     184  2.4243245912 -0.6518225641
     185  2.8512775658 -0.6388822571
     186  2.2684166771 -0.3676640515
     187  3.1301043211 -0.8727317430
     188  3.0715190848 -0.8675230511
     189  3.1109050313 -0.8085666482
     190  2.6282367374 -0.6383916851
     191  2.2423853958 -0.6422118813
     192  2.7712680255 -0.8092098707
     193  1.3295590121 -0.0924767783
     194  0.8286255042 -0.1033363204
     195  1.5911158470 -0.4036357857
     196 -0.2205760508  0.5282154773
     197 -0.6724980013  0.5135205002
     198  0.0804089376  0.2023658725
     199 -1.5858107412  1.0225284022
     200 -1.9064926312  1.0071650608
     201 -1.3210648666  0.7782399745
     202 -2.5345159917  1.2850546980
     203 -2.7109959200  1.2718235977
     204 -2.3538097330  1.1668438078
     205 -3.0229255316  1.3033100355
     206 -3.0819087768  1.2948062653
     207 -2.9403106085  1.3111628863
     208 -3.1275658971  1.1234972475
     209 -3.1085833909  1.1224028439
     210 -3.1303389004  1.2322446608
     211 -2.9751409937  0.8137047155
     212 -2.9140020281  0.8230493731
     213 -3.0356712596  0.9910518722
     214 -2.6931030223  0.4399652424
     215 -2.6151574122  0.4632436955
     216 -2.7795284081  0.6569663943
     217 -2.3845929871  0.0585113512
     218 -2.3043060497  0.0991960538
     219 -2.4677636106  0.2915609830
     220 -1.6141362335  0.6775799509
     221 -0.2598524091  0.6679390711
     222 -1.3210507813  0.5153758846
     223 -2.2198796679  0.2480310511
     224 -3.0153316241  0.2649771687
     225  0.5335580929  0.5130345961
     226  1.7200301580  0.5167274393
     227  0.7723315637  0.6666984464
     228  2.3334892223 -0.0723568090
     229  2.9252325036 -0.0593643382
     230  2.4405549555  0.2619169072
     231  3.1147840663 -0.6469383000
     232  3.0568742356 -0.6328085222
     233  3.1232542571 -0.3684989704
     234  2.7785602687 -0.8601715341
     235  2.2642391774 -0.8515972083
     236  2.7619923916 -0.7967181862
     237  1.6406738301 -0.6258952498
     238  0.9396174183 -0.6259365150
     239  1.6540542426 -0.7917820354
     240  0.1711586197 -0.0877829510
     241 -0.4940488983 -0.0963188788
     242  0.2288930726 -0.3908894629
     243 -1.2162492805  0.5210488321
     244 -1.7196280319  0.5060563865
     245 -1.1320502557  0.2026041883
     246 -2.2665187876  1.0043300317
     247 -2.5724129089  0.9858425288
     248 -2.1858992747  0.7636070050
     249 -2.8911825520  1.2607591517
     250 -3.0226743011  1.2421461924
     251 -2.8390327321  1.1405498827
     252 -3.1238468768  1.2803602830
     253 -3.1294087425  1.2652174472
     254 -3.1114608343  1.2803659273
     255 -3.0625985389  1.1104456712
     256 -2.9923826631  1.1025925256
     257 -3.0873052712  1.2061140742
     258 -2.8226989290  0.8195088319
     259 -2.7163949130  0.8231155927
     260 -2.8719859586  0.9794536585
     261 -2.5075729807  0.4737875859
     262 -2.3910321307  0.4935193750
     263 -2.5642355972  0.6700098750
     264 -2.1964402102  0.1288821637
     265 -2.0831825509  0.1694592002
     266 -2.2426753602  0.3392984097
     267  1.3728417281  0.6649654768
     268  2.6192558818  0.6526404573
     269  2.0126468242  0.5093015106
     270  1.2348706836  0.2522536146
     271 -0.5953525016  0.2683830220
     272  2.7349489113  0.4952259847
     273  3.1303641111  0.4949944648
     274  2.9878440168  0.6458906776
     275  3.1254864519 -0.0806145531
     276  2.7628361773 -0.0695945064
     277  3.0484474038  0.2439423908
     278  2.5898368529 -0.6387406090
     279  1.7568738999 -0.6230148134
     280  2.3279675417 -0.3690627319
     281  1.4353234297 -0.8400634871
     282  0.4495979198 -0.8270690211
     283  1.1319646829 -0.7783033872
     284  0.0480788506 -0.6054948229
     285 -0.8474579697 -0.6005416659
     286 -0.2033573326 -0.7649024004
     287 -1.2441291057 -0.0786289730
     288 -1.9167740976 -0.0839527023
     289 -1.4080772100 -0.3704197218
     290 -2.2368482536  0.5127043407
     291 -2.6517491661  0.4976679906
     292 -2.3199370300  0.2053036618
     293 -2.8529953565  0.9790933379
     294 -3.0394844170  0.9569787416
     295 -2.8819119824  0.7447523572
     296 -3.1120973939  1.2248419256
     297 -3.1289630980  1.1995807140
     298 -3.1156501173  1.1038939991
     299 -3.0892037599  1.2432549658
     300 -2.9990535233  1.2194456251
     301 -3.0882690220  1.2348134105
     302 -2.8790629806  1.0829460862
     303 -2.7340021261  1.0654744302
     304 -2.8835481772  1.1629977580
     305 -2.5720187654  0.8127618691
     306 -2.4085119896  0.8067414416
     307 -2.5821725999  0.9507239532
     308 -2.2417309164  0.4991833188
     309 -2.0811591971  0.5101084130
     310 -2.2512065692  0.6676724907
     311 -1.9417654222  0.1973851891
     312 -1.7935987521  0.2308022406
     313 -1.9407038435  0.3753018253
     314  3.1308544456  0.6457384269
     315  2.5411774071  0.6301362322
     316  2.8864549720  0.4995703182
     317  3.0851445230  0.2570604563
     318  2.7535018365  0.2721622706
     319  2.7317486463  0.4692860257
     320  1.5581782947  0.4641991131
     321  2.0970379754  0.6159893885
     322  1.7699739237 -0.0920965619
     323  0.3771971185 -0.0836097549
     324  0.9873755466  0.2187820355
     325  0.5330737328 -0.6262048009
     326 -0.7853784542 -0.6086486153
     327 -0.2077165130 -0.3693408575
     328 -0.7106733302 -0.8101710590
     329 -1.7732155464 -0.7917838838
     330 -1.2989579271 -0.7517463904
     331 -1.7664001208 -0.5746920014
     332 -2.5001127251 -0.5634283603
     333 -2.1647664285 -0.7260775112
     334 -2.5289902219 -0.0631777456
     335 -2.9423498337 -0.0641134432
     336 -2.7514740608 -0.3397543017
     337 -2.9729533979  0.5037548073
     338 -3.1219831579  0.4893222371
     339 -3.0602167109  0.2120892947
     340 -3.1293274946  0.9458563828
     341 -3.0881765510  0.9200041467
     342 -3.1285610909  0.7219271159
     343 -3.0604209167  1.1747394353
     344 -2.9010451615  1.1418459090
     345 -3.0127170402  1.0554916158
     346 -2.8388441579  1.1877780058
     347 -2.6199915081  1.1533617487
     348 -2.7734986128  1.1713510456
     349 -2.5333131490  1.0349466714
     350 -2.2967759964  1.0048262041
     351 -2.4670578013  1.0978022797
     352 -2.2010717178  0.7851564848
     353 -1.9724997892  0.7651232896
     354 -2.1400259197  0.8974902344
     355 -1.8854099271  0.5048841037
     356 -1.6773472307  0.5008072185
     357 -1.8280062049  0.6396726913
     358 -1.6164496974  0.2489111493
     359 -1.4319452478  0.2665321893
     360 -1.5562319785  0.3854275336
     361  0.9075189225  0.6184643907
     362 -1.0991575096  0.5991712184
     363 -0.6375660915  0.4854780170
     364 -0.1609648901  0.2624096903
     365  1.9531308341  0.2762206691
     366 -0.1994821731  0.4335113540
     367 -1.8909029798  0.4227705226
     368 -1.5108468147  0.5754385705
     369 -1.2189671472 -0.1075618299
     370 -2.4922118393 -0.1022093631
     371 -2.2119974976  0.1851265151
     372 -2.0512515678 -0.6085700647
     373 -2.8893947977 -0.5891529460
     374 -2.7127437198 -0.3694944996
     375 -2.6467880779 -0.7684583544
     376 -3.0921579498 -0.7439444066
     377 -3.0118956871 -0.7158269273
     378 -2.9982723023 -0.5309368228
     379 -3.1258787301 -0.5121780831
     380 -3.1278251230 -0.6731109552
     381 -3.1286477759 -0.0392250748
     382 -3.0244174637 -0.0345349481
     383 -3.0908804192 -0.2964562100
     384 -3.0786700390  0.4953806364
     385 -2.8243013784  0.4824646823
     386 -2.9368231758  0.2248963381
     387 -2.8963163555  0.9043551232
     388 -2.5605449434  0.8750733311
     389 -2.7018095126  0.6959940521
     390 -2.6290208383  1.1084998410
     391 -2.2640675137  1.0674899845
     392 -2.4190344446  0.9947511449
     393 -2.3188583364  1.1100854249
     394 -1.9604453919  1.0636348029
     395 -2.1168414176  1.0876560616
     396 -2.0002225068  0.9603901994
     397 -1.6696525234  0.9150542941
     398 -1.8180068984  1.0061696715
     399 -1.6993518612  0.7278316639
     400 -1.4064779515  0.6897476234
     401 -1.5398577905  0.8128691472
     402 -1.4350274260  0.4782262166
     403 -1.1812934452  0.4530610276
     404 -1.2948941940  0.5757576069
     405 -1.2198709773  0.2656057462
     406 -1.0009812750  0.2584523873
     407 -1.0916509750  0.3547219180
     408 -2.7096357557  0.5820728786
     409 -3.0906676895  0.5589519015
     410 -3.1205269147  0.4665998754
     411 -3.1315478540  0.2682705615
     412 -2.2775275256  0.2804858863
     413 -2.9851514267  0.3864994106
     414 -2.9838303792  0.3695186241
     415 -3.0454216301  0.5231783291
     416 -3.1152848966 -0.1278492465
     417 -2.8251355763 -0.1263068388
     418 -2.9113770057  0.1418328695
     419 -3.1190785192 -0.5855148458
     420 -2.6282072003 -0.5645327720
     421 -2.7323343624 -0.3700525574
     422 -3.0198657269 -0.7133878538
     423 -2.4056493637 -0.6823789990
     424 -2.5214584423 -0.6699776690
     425 -2.8423706300 -0.4719018871
     426 -2.1686991459 -0.4446370827
     427 -2.2907017117 -0.6042993861
     428 -2.6105482883 -0.0043274179
     429 -1.9270432350  0.0073709612
     430 -2.0505447729 -0.2380755019
     431 -2.3461413765  0.4894646755
     432 -1.6887901707  0.4794324186
     433 -1.8098840133  0.2462786691
     434 -2.0678789670  0.8553576906
     435 -1.4605216111  0.8236313508
     436 -1.5760583052  0.6689285379
     437 -1.7911643355  1.0253632707
     438 -1.2474227409  0.9765530211
     439 -1.3549373943  0.9224913522
     440 -1.5281262358  1.0075392307
     441 -1.0534496156  0.9484833561
     442 -1.1510731581  0.9829373516
     443 -1.2879216118  0.8543344565
     444 -0.8815311379  0.7921219391
     445 -0.9678935954  0.8852964333
     446 -1.0771820187  0.6328583083
     447 -0.7337446558  0.5736858113
     448 -0.8078788673  0.6915460873
     449 -0.9004718851  0.4071420713
     450 -0.6115077951  0.3559979789
     451 -0.6727590353  0.4673018034
     452 -0.7607955712  0.2295793355
     453 -0.5157493285  0.1902048924
     454 -0.5636981953  0.2699606835
     455 -2.0280933995  0.5360324014
     456 -0.0000000000  0.5092769224
     457 -0.0000000000  0.4427788495
     458 -0.0000000000  0.2746112940
     459 -2.2072293253  0.2849116725
     460 -1.8479580174  0.3276222224
     461 -0.0000000000  0.3044340912
     462 -0.0000000000  0.4590626765
     463 -1.6696869653 -0.1532654684
     464 -0.0000000000 -0.1556038222
     465 -0.0000000000  0.0890529769
     466 -1.4957437012 -0.5568212507
     467 -0.0000000000 -0.5344244956
     468 -0.0000000000 -0.3706400295
     469 -1.3282054112 -0.6442617553
     470 -0.0000000000 -0.6069843212
     471 -0.0000000000 -0.6139293808
     472 -1.1688085112 -0.3965901586
     473 -0.0000000000 -0.3610759806
     474 -0.0000000000 -0.5197274205
     475 -1.0189714448  0.0426087437
     476 -0.0000000000  0.0611393096
     477 -0.0000000000 -0.1650156331
     478 -0.8798331837  0.4869987045
     479 -0.0000000000  0.4798991025
     480 -0.0000000000  0.2757949801
     481 -0.7522898177  0.7995728262
     482 -0.0000000000  0.7657709516
     483 -0.0000000000  0.6405845608
     484 -0.6370305895  0.9255381954
     485 -0.0000000000  0.8696151112
     486 -0.0000000000  0.8390499816
     487 -0.5345723525  0.8795431692
     488 -0.0000000000  0.8087711147
     489 -0.0000000000  0.8579556666
     490 -0.4452885652  0.7149243076
     491 -0.0000000000  0.6366849072
     492 -0.0000000000  0.7360247389
     493 -0.3694508242  0.4963952716
     494 -0.0000000000  0.4165661597
     495 -0.0000000000  0.5338119705
     496 -0.3072360718  0.2846242640
     497 -0.0000000000  0.2069259081
     498 -0.0000000000  0.3130366154
     499 -0.2587610672  0.1288854346
     500 -0.0000000000  0.0547883509
     501 -0.0000000000  0.1267643862
     502 -2.0364500261  0.5433355008
     503 -3.0434606123  0.4259942893
     504 -2.8998186905  0.1389020018
     505 -2.7894753041  0.1153942667
     506 -2.6591605157  0.1381866415
     507 -3.1258164882  0.4253345370
     508 -2.4386797742  0.5429878136
     509 -2.2471365942  0.5416398255
     510 -1.6598314401 -0.2151416688
     511  0.2076945164 -0.5029917554
     512  0.4472835449 -0.5157553889
     513  0.6842255140 -0.5030545599
     514 -1.2109597166 -0.2156299245
     515  1.9966966234 -0.6104572243
     516  3.0308001278 -0.4866624937
     517  3.0780764255 -0.4731388938
     518  3.1105962354 -0.4859692149
     519  2.3268513231 -0.6100646450
     520  2.9190376289 -0.1665802201
     521  2.7461665059 -0.1658676931
     522 -2.1631042660  0.1139506278
     523 -1.5305758463  0.1359258860
     524 -2.7980774142  0.4231494727
     525 -3.1057207268  0.5417262293
     526 -2.8802202631  0.5408299036
     527  1.3599314601 -0.5157801092
     528  1.9646638406 -0.5030811771
     529  0.2619773816 -0.2170682160
     530  3.1189007227 -0.4716747370
     531  2.9952500156 -0.4836508227
     532  2.9933851837 -0.6086429967
     533  1.9696161857 -0.1635868054
     534 -0.3058223608  0.1108539398
     535  0.9703164565  0.1317887285
     536 -0.7500138650  0.4188415456
     537 -2.2437031807  0.5389149157
     538 -2.9709651633  0.5387741755
     539  2.7218347010 -0.5154957120
     540  3.1000896992 -0.5026010573
     541  2.3974342618 -0.2193844135
     542  2.5230863227 -0.4682814413
     543  1.7657726947 -0.4790138002
     544  2.8659514168 -0.6054828100
     545  0.1320085914 -0.1593240841
     546  2.4110771859  0.1057067082
     547  3.1058297987  0.1252565431
     548  2.5229463594  0.4114753092
     549  1.3086527111  0.5335598802
     550 -0.5723716740  0.5346404482
     551  2.9192043127 -0.5142661996
     552  1.9883940780 -0.5008807930
     553  2.9114289584 -0.2224643509
     554  0.4303394668 -0.4620706369
     555 -0.9950148108 -0.4709739667
     556  0.5677332360 -0.5994754473
     557 -2.3087415611 -0.1524292997
     558  2.6327443824  0.0979585260
     559  0.9192900824  0.1156751188
     560  2.1113359595  0.3998713657
     561  2.8976792129  0.5244056642
     562  2.9135840377  0.5272795792
     563  0.1596306513 -0.5112132529
     564 -1.7317359500 -0.4969934150
     565 -0.4493983795 -0.2261631230
     566 -2.4464087357 -0.4518155165
     567 -3.1156634748 -0.4581605169
     568 -2.6813127815 -0.5892216864
     569 -2.9513266653 -0.1420778181
     570 -1.5625405631  0.0869646244
     571 -3.0505218526  0.1023264491
     572 -2.5926831733  0.3827297547
     573 -1.7888591936  0.5100667602
     574  0.8862209561  0.5153409354
     575 -3.0425282922 -0.5053064075
     576 -2.7381803812 -0.4899179959
     577 -3.1012781669 -0.2303223601
     578 -2.6361469729 -0.4360730900
     579 -1.0129957282 -0.4390617443
     580 -2.0096807787 -0.5731791565
     581  0.1188703499 -0.1273558844
     582 -2.4117047397  0.0720594074
     583  0.1277854046  0.0845141876
     584 -0.7532950067  0.3587850051
     585 -1.5741328798  0.4891876398
     586 -3.1290244242  0.4974206701
     587 -0.7075713266 -0.4954741254
     588  1.7896440828 -0.4786533367
     589  0.9986465934 -0.2347778954
     590  1.2860810587 -0.4133443824
     591  2.8904632164 -0.4122006960
     592  2.4375202629 -0.5498412333
     593  3.1122502154 -0.1073691455
     594  2.6967578780  0.0526452709
     595  2.8013395522  0.0616674005
     596  3.0179318463  0.3269779192
     597  3.1223015776  0.4606218875
     598  1.6651389552  0.4722345758
     599  3.1266321582 -0.4807327334
     600  2.0675716803 -0.4623480559
     601  2.4805766170 -0.2393791596
     602  2.8588382029 -0.3822622556
     603  1.0291292821 -0.3763366262
     604  1.5776853306 -0.5179372495
     605  0.4423074324 -0.0813654527
     606  0.1827395885  0.0282912939
     607 -2.6191723787  0.0334465944
     608 -2.4390911218  0.2866372993
     609 -2.2357106391  0.4236162868
     610  1.0717443122  0.4388036739
     611 -0.7216209461 -0.4603233252
     612 -2.9028035109 -0.4404268985
     613 -2.7742379436 -0.2439951630
     614 -1.5653451078 -0.3417947696
     615 -3.0757931962 -0.3306717204
     616 -3.0036436762 -0.4766373244
     617 -3.1185643907 -0.0488679198
     618 -2.7552611702 -0.0011684015
     619 -0.0000000000 -0.0001536252
     620 -0.0000000000  0.2376474358
     621 -0.0000000000  0.3779829464
     622 -2.8873997846  0.3966373844
     623 -2.5968036872 -0.4338413794
     624 -0.0000000000 -0.4127097891
     625 -0.0000000000 -0.2485196866
     626 -2.4135441685 -0.2914495772
     627 -0.0000000000 -0.2750489497
     628 -0.0000000000 -0.4257431494
     629 -0.0000000000 -0.0098037679
     630  1.2905956150 -0.0298589378
     631 -0.2353442275  0.1769677659
     632 -1.7036635951  0.3300824544
     633 -1.5387861174  0.3227536461
     634 -1.3680766072  0.3291691945
     635  0.1312574231  0.1813924123
     636  1.5992021863 -0.0209525287
     637  1.4471328981 -0.0397564534
     638  3.0672070627 -0.3958194528
     639  2.4456754331 -0.2317097647
     640  2.6381302337 -0.2203240041
     641  3.1149392226 -0.3842299686
     642  3.0949352915 -0.3997987333
     643  2.4300224392 -0.4788475629
     644  3.0420810778 -0.4813538747
     645  2.9582150980 -0.4717555208
     646  2.2440665430 -0.4730670791
     647  2.3393786338 -0.4748086828
     648  0.1867577725 -0.2297958631
     649  1.4293035164 -0.3912853237
     650  1.1893101634 -0.3901881633
     651 -0.0619590142 -0.2337573462
     652  0.0624486569 -0.2215422392
     653 -2.0454590219  0.1892935315
     654 -1.0030442374 -0.0310856184
     655 -1.2220894926 -0.0394287910
     656 -2.2068589837  0.1774825696
     657 -2.1274723799  0.1964041701
     658 -3.0988607912  0.5553919928
     659 -2.7453958971  0.3874618205
     660 -2.8387612657  0.3736683603
     661 -3.1208240574  0.5410558004
     662 -3.1113239212  0.5580263011
     663 -2.7294380386  0.7139160035
     664 -3.0788547134  0.6640262646
     665 -3.0406470064  0.6505474794
     666 -2.6427998519  0.7025508829
     667 -2.6870946793  0.7117143202
     668 -1.3858027827  0.6235768108
     669 -2.1538174602  0.6994966517
     670 -2.0368045106  0.6910275520
     671 -1.2531517754  0.6187332463
     672 -1.3198372810  0.6181658603
     673  0.2641493991  0.3312508198
     674 -0.5821379269  0.5015674310
     675 -0.4478623136  0.5004360981
     676  0.3894500541  0.3340379677
     677  0.3268658647  0.3247724952
     678  1.6903502023 -0.0791243007
     679  1.0067942846  0.1415065083
     680  1.1167787112  0.1478124758
     681  1.7801088097 -0.0694284361
     682  1.7354880389 -0.0850230709
     683  2.6330200915 -0.5293271102
     684  2.2122834424 -0.2956471974
     685  2.2818024400 -0.2831636268
     686  2.6815872867 -0.5143137609
     687  2.6575884149 -0.5338362142
     688  3.0687950223 -0.9684710081
     689  2.9007875790 -0.7437639182
     690  2.9316991106 -0.7268005075
     691  3.0833739297 -0.9497959988
     692  3.0763228975 -0.9715180877
     693  3.1114091381 -1.3760455809
     694  3.1286519980 -1.1672268635
     695  3.1309562550 -1.1472861228
     696  3.1032095015 -1.3549927964
     697  3.1074826008 -1.3780367484
     698  2.9187857387 -1.7534421326
     699  3.0401906036 -1.5575188347
     700  3.0248873026 -1.5356529139
     701  2.8978134603 -1.7308425722
     702  2.9084176351 -1.7550465842
     703  2.6351614937 -2.1079064176
     704  2.7909165741 -1.9207627998
     705  2.7665584200 -1.8976441201
     706  2.6083164714 -2.0844331069
     707  2.6218186503 -2.1100062291
     708 -0.8321181576  0.3216076910
     709 -0.2683224103  0.3264960742
     710  1.1890241320  0.1947485655
     711  2.3828422007  0.0060579777
     712  2.0182235236 -0.0212287451
     713  3.0279536587 -0.1857209156
     714  3.0752136925 -0.3491257486
     715  3.1286617980 -0.3763710964
     716  2.5650203917 -0.4431123882
     717  1.6070244812 -0.4567565610
     718  1.9419366484 -0.4641579637
     719  0.4527816044 -0.3890018898
     720 -0.7707684975 -0.2488618424
     721 -0.4191055075 -0.2316625910
     722 -1.8075660849 -0.0685150693
     723 -2.6041256719  0.1375909210
     724 -2.4175587106  0.1700689669
     725 -3.0347029620  0.3280359163
     726 -3.1189292635  0.4946799800
     727 -3.1315938411  0.5274508095
     728 -2.8815512162  0.6082031227
     729 -2.3654050013  0.6685975448
     730 -2.5110079768  0.6891147998
     731 -1.6925895788  0.6680745209
     732 -0.8830826308  0.6092753737
     733 -1.0702345231  0.6112846671
     734 -0.0872960147  0.5046283484
     735  0.7142717270  0.3525214884
     736  0.5526284962  0.3358010796
     737  1.3929154205  0.1790431513
     738  1.9976687975 -0.0259811573
     739  1.8906857950 -0.0579986407
     740  2.4441934902 -0.2296906281
     741  2.7896720864 -0.4517152692
     742  2.7373577851 -0.4945495691
     743  2.9961950069 -0.6570761965
     744  3.1096014049 -0.8736049587
     745  3.0977508782 -0.9235776017
     746  3.1301347530 -1.0659836230
     747  3.0809676265 -1.2686293534
     748  3.0928817487 -1.3237771515
     749  2.9896120891 -1.4448678685
     750  2.8536655961 -1.6349296011
     751  2.8761968326 -1.6951664531
     752  2.7183763865 -1.7968431532
     753  2.5585457093 -1.9773092782
     754  2.5836865714 -2.0439852948
     755  0.6664784104  0.3194013561
     756  1.5416461811  0.3222521341
     757  2.5644584207  0.2159299903
     758  3.0882809429  0.0488626488
     759  2.8382171089  0.0147620352
     760  3.0320738702 -0.1308971805
     761  2.4504245010 -0.2934826120
     762  2.8450707715 -0.3308634568
     763  1.5142800401 -0.3976270085
     764  0.3461633042 -0.4306773473
     765  0.9994016031 -0.4437217783
     766 -0.7982875905 -0.3867294726
     767 -1.8355456963 -0.2722490828
     768 -1.3267342221 -0.2519965483
     769 -2.5821359352 -0.1139550759
     770 -3.0277212812  0.0750561118
     771 -2.8548333820  0.1179958404
     772 -3.1260921515  0.2563372369
     773 -2.9115976971  0.4216377152
     774 -3.0465883415  0.4673829287
     775 -2.4558780438  0.5413099676
     776 -1.7918535991  0.6146920827
     777 -2.0945807422  0.6453169657
     778 -1.0511529622  0.6312777314
     779 -0.2360353103  0.5935268445
     780 -0.5626703568  0.5991464125
     781  0.5174717573  0.5102155194
     782  1.2409555930  0.3804920789
     783  0.9814693829  0.3596548567
     784  1.8284299319  0.2270199740
     785  2.3309046888  0.0412131518
     786  2.1702047321 -0.0020064467
     787  2.6849264019 -0.1466873202
     788  2.9416888104 -0.3542899653
     789  2.8709870749 -0.4138750251
     790  3.0782573428 -0.5483604553
     791  3.1310078530 -0.7546309443
     792  3.1241294727 -0.8253454818
     793  3.1090458192 -0.9388999683
     794  3.0264332311 -1.1335413619
     795  3.0561336206 -1.2123991766
     796  2.9148179483 -1.3028183532
     797  2.7651176057 -1.4848705241
     798  2.8108371992 -1.5715122816
     799  2.6235880974 -1.6391917069
     800  2.4613142460 -1.8099949437
     801  2.5107771371 -1.9060813055
     802  2.5003301608  0.3162905314
     803  3.0446698994  0.3167218984
     804  3.0878749236  0.2435600079
     805  2.6350797540  0.1046623436
     806  3.0678453896  0.0655832223
     807  1.8182865902 -0.0594595973
     808  0.7414590124 -0.2209967414
     809  1.6868531779 -0.2666230045
     810 -0.3698062878 -0.3383765343
     811 -1.4343351530 -0.3966866481
     812 -0.5683530737 -0.4147583626
     813 -2.2684166771 -0.3837124412
     814 -2.8512775658 -0.3026073462
     815 -2.4243245912 -0.2803912913
     816 -3.1109050313 -0.1729933304
     817 -3.0715190848 -0.0062125992
     818 -3.1301043211  0.0448996814
     819 -2.7712680255  0.1631524652
     820 -2.2423853958  0.3267088276
     821 -2.6282367374  0.3829047496
     822 -1.5911158470  0.4543894437
     823 -0.8286255042  0.5446889196
     824 -1.3295590121  0.5835498324
     825 -0.0804089376  0.5835721738
     826  0.6724980013  0.5732741308
     827  0.2205760508  0.5817911681
     828  1.3210648666  0.5178189334
     829  1.9064926312  0.4173552875
     830  1.5858107412  0.3929371904
     831  2.3538097330  0.2900754703
     832  2.7109959200  0.1294789653
     833  2.5345159917  0.0766480018
     834  2.9403106085 -0.0376330409
     835  3.0819087768 -0.2262079162
     836  3.0229255316 -0.3002066497
     837  3.1303389004 -0.4053219953
     838  3.1085833909 -0.5979294253
     839  3.1275658971 -0.6866072651
     840  3.0356712596 -0.7713278532
     841  2.9140020281 -0.9551525338
     842  2.9751409937 -1.0547470149
     843  2.7795284081 -1.1149443445
     844  2.6151574122 -1.2859856314
     845  2.6931030223 -1.3960932761
     846  2.4677636106 -1.4297845754
     847  2.3043060497 -1.5871276321
     848  2.3845929871 -1.7100195155
     849  3.0153316241  0.3124757432
     850  2.2198796679  0.3102453859
     851  1.3210507813  0.2759427559
     852  0.2598524091  0.1700575462
     853  1.6141362335  0.1280363356
     854 -0.7723315637  0.0242440749
     855 -1.7200301580 -0.1361170542
     856 -0.5335580929 -0.1877492771
     857 -2.4405549555 -0.2690936510
     858 -2.9252325036 -0.3571225869
     859 -2.3334892223 -0.3793359326
     860 -3.1232542571 -0.3805643264
     861 -3.0568742356 -0.3386691740
     862 -3.1147840663 -0.3155157033
     863 -2.7619923916 -0.2427057944
     864 -2.2642391774 -0.1019360876
     865 -2.7785602687 -0.0450967619
     866 -1.6540542426  0.0536011722
     867 -0.9396174183  0.2153658146
     868 -1.6406738301  0.2791632976
     869 -0.2288930726  0.3527731281
     870  0.4940488983  0.4633461451
     871 -0.1711586197  0.5081582313
     872  1.1320502557  0.5288535114
     873  1.7196280319  0.5512877717
     874  1.2162492805  0.5615762173
     875  2.1858992747  0.5290244335
     876  2.5724129089  0.4634158270
     877  2.2665187876  0.4356343432
     878  2.8390327321  0.3673377939
     879  3.0226743011  0.2367738413
     880  2.8911825520  0.1757951825
     881  3.1114608343  0.0944337868
     882  3.1294087425 -0.0714572915
     883  3.1238468768 -0.1573737715
     884  3.0873052712 -0.2327241959
     885  2.9923826631 -0.4089950481
     886  3.0625985389 -0.5123106655
     887  2.8719859586 -0.5693381602
     888  2.7163949130 -0.7400793515
     889  2.8226989290 -0.8563999506
     890  2.5642355972 -0.8882682753
     891  2.3910321307 -1.0456471913
     892  2.5075729807 -1.1746216277
     893  2.2426753602 -1.1761724415
     894  2.0831825509 -1.3162454757
     895  2.1964402102 -1.4609300954
     896  0.5953525016  0.3081720092
     897 -1.2348706836  0.3031753185
     898 -2.0126468242  0.3111288856
     899 -2.6192558818  0.2411560477
     900 -1.3728417281  0.1983427481
     901 -2.9878440168  0.1152474688
     902 -3.1303641111 -0.0438834792
     903 -2.7349489113 -0.0990265507
     904 -3.0484474038 -0.1939222461
     905 -2.7628361773 -0.3144162637
     906 -3.1254864519 -0.3397715135
     907 -2.3279675417 -0.3776147181
     908 -1.7568738999 -0.3784905688
     909 -2.5898368529 -0.3556326478
     910 -1.1319646829 -0.3191758609
     911 -0.4495979198 -0.2066336726
     912 -1.4353234297 -0.1469795928
     913  0.2033573326 -0.0659409685
     914  0.8474579697  0.0942268102
     915 -0.0480788506  0.1622964953
     916  1.4080772100  0.2426853089
     917  1.9167740976  0.3759191954
     918  1.2441291057  0.4241783957
     919  2.3199370300  0.4710450954
     920  2.6517491661  0.5298122848
     921  2.2368482536  0.5409746992
     922  2.8819119824  0.5443416169
     923  3.0394844170  0.5173267924
     924  2.8529953565  0.4871374358
     925  3.1156501173  0.4557558726
     926  3.1289630980  0.3583578483
     927  3.1120973939  0.2919123251
     928  3.0882690220  0.2433175889
     929  2.9990535233  0.1023539351
     930  3.0892037599  0.0086577749
     931  2.8835481772 -0.0393718047
     932  2.7340021261 -0.1978336057
     933  2.8790629806 -0.3104068494
     934  2.5821725999 -0.3440036096
     935  2.4085119896 -0.5005589764
     936  2.5720187654 -0.6270243443
     937  2.2512065692 -0.6361285899
     938  2.0811591971 -0.7785072277
     939  2.2417309164 -0.9183915150
     940  1.9407038435 -0.8942651211
     941  1.7935987521 -1.0147970725
     942  1.9417654222 -1.1716067730
     943 -2.7535018365  0.3035789410
     944 -3.0851445230  0.2958382079
     945 -2.8864549720  0.3471196149
     946 -2.5411774071  0.3139973476
     947 -3.1308544456  0.2724410624
     948 -2.0970379754  0.2085149487
     949 -1.5581782947  0.0506182510
     950 -2.7317486463 -0.0055536742
     951 -0.9873755466 -0.1169980712
     952 -0.3771971185 -0.2709190957
     953 -1.7699739237 -0.2983777341
     954  0.2077165130 -0.3750368052
     955  0.7853784542 -0.4199032759
     956 -0.5330737328 -0.3985429170
     957  1.2989579271 -0.3982222506
     958  1.7732155464 -0.3145571885
     959  0.7106733302 -0.2549918631
     960  2.1647664285 -0.1888703833
     961  2.5001127251 -0.0299458161
     962  1.7664001208  0.0390867812
     963  2.7514740608  0.1303789436
     964  2.9423498337  0.2875412958
     965  2.5289902219  0.3368250164
     966  3.0602167109  0.4137885661
     967  3.1219831579  0.5106396236
     968  2.9729533979  0.5219514797
     969  3.1285610909  0.5636717315
     970  3.0881765510  0.5769827711
     971  3.1293274946  0.5456010861
     972  3.0127170402  0.5514006303
     973  2.9010451615  0.4885028463
     974  3.0604209167  0.4195910719
     975  2.7734986128  0.4017543126
     976  2.6199915081  0.2864793986
     977  2.8388441579  0.1894886706
     978  2.4670578013  0.1647269779
     979  2.2967759964  0.0242702609
     980  2.5333131490 -0.0918179063
     981  2.1400259197 -0.1077593941
     982  1.9724997892 -0.2503445227
     983  2.2010717178 -0.3799509601
     984  1.8280062049 -0.3735778100
     985  1.6773472307 -0.5012771332
     986  1.8854099271 -0.6434978024
     987  1.5562319785 -0.6024533299
     988  1.4319452478 -0.7034287462
     989  1.6164496974 -0.8616315196
     990 -1.9531308341  0.2988601877
     991  0.1609648901  0.2885062826
     992  0.6375660915  0.3820473186
     993  1.0991575096  0.3849046991
     994 -0.9075189225  0.3463883518
     995  1.5108468147  0.2993786547
     996  1.8909029798  0.1426814803
     997  0.1994821731  0.0877529242
     998  2.2119974976 -0.0421397193
     999  2.4922118393 -0.2287758495
    1000  1.2189671472 -0.2573190716
    1001  2.7127437198 -0.3729313852
    1002  2.8893947977 -0.4608059660
    1003  2.0512515678 -0.4419811755
    1004  3.0118956871 -0.4758492269
    1005  3.0921579498 -0.4202369387
    1006  2.6467880779 -0.3634126625
    1007  3.1278251230 -0.3089217526
    1008  3.1258787301 -0.1507595235
    1009  2.9982723023 -0.0838327263
    1010  3.0908804192  0.0217253461
    1011  3.0244174637  0.2029696441
    1012  3.1286477759  0.2510347319
    1013  2.9368231758  0.3603572216
    1014  2.8243013784  0.4951998093
    1015  3.0786700390  0.5060572939
    1016  2.7018095126  0.5865509846
    1017  2.5605449434  0.6398968769
    1018  2.8963163555  0.6086332978
    1019  2.4190344446  0.6499325557
    1020  2.2640675137  0.6210264037
    1021  2.6290208383  0.5527566237
    1022  2.1168414176  0.5619651114
    1023  1.9604453919  0.4715745529
    1024  2.3188583364  0.3759305375
    1025  1.8180068984  0.3688758735
    1026  1.6696525234  0.2452155791
    1027  2.0002225068  0.1315955225
    1028  1.5398577905  0.1259888930
    1029  1.4064779515 -0.0043640441
    1030  1.6993518612 -0.1297354268
    1031  1.2948941940 -0.1171061831
    1032  1.1812934452 -0.2325066331
    1033  1.4350274260 -0.3678692399
    1034  1.0916509750 -0.3214470954
    1035  1.0009812750 -0.4058247216
    1036  1.2198709773 -0.5535883660
    1037  2.2775275256  0.2941326416
    1038  3.1315478540  0.2813846326
    1039  3.1205269147  0.4143398696
    1040  3.0906676895  0.4507659435
    1041  2.7096357557  0.4166828997
    1042  3.0454216301  0.3838360752
    1043  2.9838303792  0.2281929640
    1044  2.9851514267  0.1764760722
    1045  2.9113770057  0.0272276110
    1046  2.8251355763 -0.1900235319
    1047  3.1152848966 -0.2185900767
    1048  2.7323343624 -0.3715717740
    1049  2.6282072003 -0.4995071954
    1050  3.1190785192 -0.4839141678
    1051  2.5214584423 -0.5486111355
    1052  2.4056493637 -0.5187935710
    1053  3.0198657269 -0.4669617034
    1054  2.2907017117 -0.4203621799
    1055  2.1686991459 -0.2622227308
    1056  2.8423706300 -0.2002390312
    1057  2.0505447729 -0.0776383455
    1058  1.9270432350  0.1268982443
    1059  2.6105482883  0.1714812420
    1060  1.8098840133  0.3141007504
    1061  1.6887901707  0.4850898717
    1062  2.3461413765  0.4946906823
    1063  1.5760583052  0.6127063944
    1064  1.4605216111  0.7037289050
    1065  2.0678789670  0.6736671875
    1066  1.3549373943  0.7470525903
    1067  1.2474227409  0.7496173142
    1068  1.7911643355  0.6849871464
    1069  1.1510731581  0.7158484581
    1070  1.0534496156  0.6477368414
    1071  1.5281262358  0.5581682772
    1072  0.9678935954  0.5615871596
    1073  0.8815311379  0.4518581877
    1074  1.2879216118  0.3469857933
    1075  0.8078788673  0.3425744110
    1076  0.7337446558  0.2209568266
    1077  1.0771820187  0.1076446645
    1078  0.6727590353  0.1151103683
    1079  0.6115077951  0.0073862922
    1080  0.9004718851 -0.1114309670
    1081  0.5636981953 -0.0740019328
    1082  0.5157493285 -0.1478706585
    1083  0.7607955712 -0.2729729944
    1084  2.2072293253  0.2894693429
    1085  2.0280933995  0.4805463028
    1086  1.8479580174  0.2571940959
    1087  1.6696869653 -0.1836447631
    1088  1.4957437012 -0.5226617918
    1089  1.3282054112 -0.5615426483
    1090  1.1688085112 -0.3054762146
    1091  1.0189714448  0.1014564125
    1092  0.8798331837  0.4884899723
    1093  0.7522898177  0.7382259940
    1094  0.6370305895  0.8108361678
    1095  0.5345723525  0.7281749125
    1096  0.4452885652  0.5440239579
    1097  0.3694508242  0.3194321317
    1098  0.3072360718  0.1098231217
    1099  0.2587610672 -0.0406125129
    1100  2.8998186905 -0.3431327135
    1101  3.0434606123 -0.2817798026
    1102  2.0364500261 -0.1199505015
    1103  2.2471365942 -0.1319229211
    1104  2.4386797742 -0.1114375812
    1105  3.1258164882 -0.2729850503
    1106  2.6591605157 -0.3373989648
    1107  2.7894753041 -0.3413127439
    1108 -0.2076945164 -0.0977093936
    1109  1.6598314401 -0.2754299821
    1110  1.2109597166 -0.2750874945
    1111 -0.6842255140 -0.1031535288
    1112 -0.4472835449 -0.0858182633
    1113 -3.0308001278  0.3186627921
    1114 -1.9966966234  0.1281846677
    1115 -2.3268513231  0.1187303825
    1116 -3.1105962354  0.3085816980
    1117 -3.0780764255  0.3240458694
    1118 -2.9190376289  0.3986204927
    1119 -2.7461665059  0.3917138060
    1120  2.8802202631 -0.1147723835
    1121  3.1057207268 -0.0864868598
    1122  2.7980774142 -0.2472009677
    1123  1.5305758463 -0.3205828945
    1124  2.1631042660 -0.3305567557
    1125 -0.2619773816 -0.2740750630
    1126 -1.9646638406 -0.1191064953
    1127 -1.3599314601 -0.0972446049
    1128 -2.9933851837  0.0910180357
    1129 -2.9952500156  0.2790297738
    1130 -3.1189007227  0.3042151836
    1131 -1.9696161857  0.3714679696
    1132  2.9709651633 -0.0816489960
    1133  2.2437031807 -0.0468014131
    1134  0.7500138650 -0.2061636755
    1135 -0.9703164565 -0.2937984310
    1136  0.3058223608 -0.3097622779
    1137 -2.3974342618 -0.2724332405
    1138 -3.1000896992 -0.1444688860
    1139 -2.7218347010 -0.1193053647
    1140 -2.8659514168  0.0469315491
    1141 -1.7657726947  0.2320069782
    1142 -2.5230863227  0.2659066520
    1143 -0.1320085914  0.3392535639
    1144  0.5723716740 -0.0347862839
    1145 -1.3086527111  0.0049794169
    1146 -2.5229463594 -0.1525641718
    1147 -3.1058297987 -0.2587696483
    1148 -2.4110771859 -0.2802870982
    1149 -2.9114289584 -0.2702218213
    1150 -1.9883940780 -0.1775315193
    1151 -2.9192043127 -0.1504970980
    1152 -0.5677332360 -0.0106078063
    1153  0.9950148108  0.1706115394
    1154 -0.4303394668  0.2116828118
    1155  2.3087415611  0.2971893538
    1156 -2.9135840377  0.0227589254
    1157 -2.8976792129  0.0655466833
    1158 -2.1113359595 -0.0897724961
    1159 -0.9192900824 -0.2176528176
    1160 -2.6327443824 -0.2439863203
    1161  0.4493983795 -0.2675091968
    1162  1.7317359500 -0.2161474332
    1163 -0.1596306513 -0.1887573347
    1164  2.6813127815 -0.0779345813
    1165  3.1156634748  0.0987237488
    1166  2.4464087357  0.1450487716
    1167  2.9513266653  0.2479201131
    1168 -0.8862209561  0.0874099780
    1169  1.7888591936  0.1312456615
    1170  2.5926831733 -0.0215092000
    1171  3.0505218526 -0.1728237605
    1172  1.5625405631 -0.2030247092
    1173  3.1012781669 -0.2643625238
    1174  2.7381803812 -0.2579361522
    1175  3.0425282922 -0.2316654274
    1176  2.0096807787 -0.1509974115
    1177  1.0129957282  0.0206245123
    1178  2.6361469729  0.0701007726
    1179 -0.1188703499  0.1943524945
    1180  3.1290244242  0.1554108653
    1181  1.5741328798  0.1984120150
    1182  0.7532950067  0.0484970054
    1183 -0.1277854046 -0.1266607206
    1184  2.4117047397 -0.1596700926
    1185 -0.9986465934 -0.2608414076
    1186 -1.7896440828 -0.3005027819
    1187  0.7075713266 -0.2766709885
    1188 -2.4375202629 -0.2257284618
    1189 -2.8904632164 -0.0593977519
    1190 -1.2860810587 -0.0088647564
    1191 -3.1122502154  0.1393838759
    1192 -1.6651389552  0.2231584377
    1193 -3.1223015776  0.2636810425
    1194 -3.0179318463  0.1168201719
    1195 -2.8013395522 -0.0813469114
    1196 -2.6967578780 -0.1160951757
    1197 -2.4805766170 -0.2569966003
    1198 -2.0675716803 -0.3416408186
    1199 -3.1266321582 -0.3213193384
    1200 -1.5776853306 -0.2983879052
    1201 -1.0291292821 -0.1374083542
    1202 -2.8588382029 -0.0877306097
    1203 -0.4423074324  0.0856594050
    1204 -1.0717443122  0.2874888706
    1205  2.2357106391  0.3242371771
    1206  2.4390911218  0.1805883442
    1207  2.6191723787 -0.0387161059
    1208 -0.1827395885 -0.0742096931
    1209  2.7742379436 -0.2528736199
    1210  2.9028035109 -0.3795011891
    1211  0.7216209461 -0.3634499964
    1212  3.0036436762 -0.3658400906
    1213  3.0757931962 -0.2101127842
    1214  1.5653451078 -0.1628832288
    1215  3.1185643907  0.0353826540
    1216  2.8873997846  0.3458925546
    1217  2.7552611702 -0.0355413845
    1218  2.5968036872 -0.4013488697
    1219  2.4135441685 -0.2314529741
    1220  1.5387861174  0.2572966664
    1221  1.3680766072  0.2381497144
    1222 -0.1312574231  0.5204693262
    1223 -1.5992021863  0.6870842743
    1224 -1.4471328981  0.6920172183
    1225 -2.6381302337  0.6947522046
    1226 -3.1149392226  0.5470246450
    1227 -3.0949352915  0.5360964353
    1228 -2.9582150980  0.2874167560
    1229 -2.2440665430 -0.0446586159
    1230 -2.3393786338 -0.0610307938
    1231 -1.1893101634 -0.3674972456
    1232  0.0619590142 -0.6464049987
    1233 -0.0624486569 -0.6570897910
    1234  1.2220894926 -0.8221072965
    1235  2.2068589837 -0.8846482376
    1236  2.1274723799 -0.8850223306
    1237  2.8387612657 -0.8265848821
    1238  3.1208240574 -0.6564094804
    1239  3.1113239212 -0.6484713020
    1240  3.0406470064 -0.4118785986
    1241  2.6427998519 -0.1031173551
    1242  2.6870946793 -0.0918074386
    1243  2.0368045106  0.2118313721
    1244  1.2531517754  0.5327760117
    1245  1.3198372810  0.5430598285
    1246  0.4478623136  0.8058708372
    1247 -0.3894500541  1.0416707001
    1248 -0.3268658647  1.0485922330
    1249 -1.1167787112  1.2052711351
    1250 -1.7801088097  1.3110787283
    1251 -1.7354880389  1.3141880265
    1252 -2.2818024400  1.3476992432
    1253 -2.6815872867  1.3244409332
    1254 -2.6575884149  1.3242783216
    1255 -2.9316991106  1.2516239517
    1256 -3.0833739297  1.1264897724
    1257 -3.0763228975  1.1237552492
    1258 -3.1309562550  0.9771818006
    1259 -3.1032095015  0.7851961874
    1260 -3.1074826008  0.7802938036
    1261 -3.0248873026  0.5935531131
    1262 -2.8978134603  0.3669975891
    1263 -2.9084176351  0.3599522956
    1264 -2.7665584200  0.1629865786
    1265 -2.6083164714 -0.0699050222
    1266 -2.6218186503 -0.0792414493
    1267  0.8321181576  0.2581249229
    1268  0.2683224103  0.2394455827
    1269 -1.1890241320  0.5204439707
    1270 -2.3828422007  0.6858257327
    1271 -2.0182235236  0.6913023973
    1272 -3.0279536587  0.6927649878
    1273 -3.0752136925  0.5449527477
    1274 -3.1286617980  0.5345080937
    1275 -2.5650203917  0.2858901554
    1276 -1.6070244812 -0.0451607624
    1277 -1.9419366484 -0.0620776961
    1278 -0.4527816044 -0.3668416084
    1279  0.7707684975 -0.6446915757
    1280  0.4191055075 -0.6567213412
    1281  1.8075660849 -0.8197634325
    1282  2.6041256719 -0.8822294890
    1283  2.4175587106 -0.8835358638
    1284  3.0347029620 -0.8247078642
    1285  3.1189292635 -0.6556844588
    1286  3.1315938411 -0.6470331083
    1287  2.8815512162 -0.4126875861
    1288  2.3654050013 -0.1057752868
    1289  2.5110079768 -0.0916600907
    1290  1.6925895788  0.2073876915
    1291  0.8830826308  0.5266640427
    1292  1.0702345231  0.5412913818
    1293  0.0872960147  0.7985552025
    1294 -0.7142717270  1.0336562227
    1295 -0.5526284962  1.0452056788
    1296 -1.3929154205  1.1972470505
    1297 -1.9976687975  1.3038166222
    1298 -1.8906857950  1.3103215492
    1299 -2.4441934902  1.3419166010
    1300 -2.7896720864  1.3210767855
    1301 -2.7373577851  1.3216363685
    1302 -2.9961950069  1.2512890888
    1303 -3.1096014049  1.1302657610
    1304 -3.0977508782  1.1243274686
    1305 -3.1301347530  0.9855021088
    1306 -3.0809676265  0.7993343630
    1307 -3.0928817487  0.7861677781
    1308 -2.9896120891  0.6136994376
    1309 -2.8536655961  0.3946813040
    1310 -2.8761968326  0.3731725760
    1311 -2.7183763865  0.1979500961
    1312 -2.5585457093 -0.0259864249
    1313 -2.5836865714 -0.0570225679
    1314 -0.6664784104  0.2597380153
    1315 -1.5416461811  0.2415632740
    1316 -2.5644584207  0.5200491608
    1317 -3.0882809429  0.6830140738
    1318 -2.8382171089  0.6893030565
    1319 -3.0320738702  0.6883876080
    1320 -2.4504245010  0.5401412570
    1321 -2.8450707715  0.5311974668
    1322 -1.5142800401  0.2818491615
    1323 -0.3461633042 -0.0474193068
    1324 -0.9994016031 -0.0633623206
    1325  0.7982875905 -0.3668489960
    1326  1.8355456963 -0.6423513501
    1327  1.3267342221 -0.6547295545
    1328  2.5821359352 -0.8156159723
    1329  3.0277212812 -0.8770587038
    1330  2.8548333820 -0.8799015825
    1331  3.1260921515 -0.8195684772
    1332  2.9115976971 -0.6516597670
    1333  3.0465883415 -0.6448602821
    1334  2.4558780438 -0.4106375137
    1335  1.7918535991 -0.1064707602
    1336  2.0945807422 -0.0934807126
    1337  1.0511529622  0.2037337970
    1338  0.2360353103  0.5199237733
    1339  0.5626703568  0.5348469081
    1340 -0.5174717573  0.7892261410
    1341 -1.2409555930  1.0222719787
    1342 -0.9814693829  1.0356351135
    1343 -1.8284299319  1.1847916772
    1344 -2.3309046888  1.2913409871
    1345 -2.1702047321  1.3007176142
    1346 -2.6849264019  1.3305858208
    1347 -2.9416888104  1.3122951840
    1348 -2.8709870749  1.3159417977
    1349 -3.0782573428  1.2461479444
    1350 -3.1310078530  1.1304482935
    1351 -3.1241294727  1.1267788013
    1352 -3.1090458192  0.9918642234
    1353 -3.0264332311  0.8138816375
    1354 -3.0561336206  0.8010642029
    1355 -2.9148179483  0.6369166640
    1356 -2.7651176057  0.4289701078
    1357 -2.8108371992  0.4047817169
    1358 -2.6235880974  0.2430850695
    1359 -2.4613142460  0.0326696841
    1360 -2.5107771371 -0.0050693277
    1361 -2.5003301608  0.2620565395
    1362 -3.0446698994  0.2444463598
    1363 -3.0878749236  0.5186543371
    1364 -2.6350797540  0.6775407985
    1365 -3.0678453896  0.6851718744
    1366 -1.8182865902  0.6802456329
    1367 -0.7414590124  0.5311963609
    1368 -1.6868531779  0.5245007993
    1369  0.3698062878  0.2741274172
    1370  1.4343351530 -0.0521507898
    1371  0.5683530737 -0.0666880887
    1372  2.2684166771 -0.3676640515
    1373  2.8512775658 -0.6388822571
    1374  2.4243245912 -0.6518225641
    1375  3.1109050313 -0.8085666482
    1376  3.0715190848 -0.8675230511
    1377  3.1301043211 -0.8727317430
    1378  2.7712680255 -0.8092098707
    1379  2.2423853958 -0.6422118813
    1380  2.6282367374 -0.6383916851
    1381  1.5911158470 -0.4036357857
    1382  0.8286255042 -0.1033363204
    1383  1.3295590121 -0.0924767783
    1384  0.0804089376  0.2023658725
    1385 -0.6724980013  0.5135205002
    1386 -0.2205760508  0.5282154773
    1387 -1.3210648666  0.7782399745
    1388 -1.9064926312  1.0071650608
    1389 -1.5858107412  1.0225284022
    1390 -2.3538097330  1.1668438078
    1391 -2.7109959200  1.2718235977
    1392 -2.5345159917  1.2850546980
    1393 -2.9403106085  1.3111628863
    1394 -3.0819087768  1.2948062653
    1395 -3.0229255316  1.3033100355
    1396 -3.1303389004  1.2322446608
    1397 -3.1085833909  1.1224028439
    1398 -3.1275658971  1.1234972475
    1399 -3.0356712596  0.9910518722
    1400 -2.9140020281  0.8230493731
    1401 -2.9751409937  0.8137047155
    1402 -2.7795284081  0.6569663943
    1403 -2.6151574122  0.4632436955
    1404 -2.6931030223  0.4399652424
    1405 -2.4677636106  0.2915609830
    1406 -2.3043060497  0.0991960538
    1407 -2.3845929871  0.0585113512
    1408 -3.0153316241  0.2649771687
    1409 -2.2198796679  0.2480310511
    1410 -1.3210507813  0.5153758846
    1411 -0.2598524091  0.6679390711
    1412 -1.6141362335  0.6775799509
    1413  0.7723315637  0.6666984464
    1414  1.7200301580  0.5167274393
    1415  0.5335580929  0.5130345961
    1416  2.4405549555  0.2619169072
    1417  2.9252325036 -0.0593643382
    1418  2.3334892223 -0.0723568090
    1419  3.1232542571 -0.3684989704
    1420  3.0568742356 -0.6328085222
    1421  3.1147840663 -0.6469383000
    1422  2.7619923916 -0.7967181862
    1423  2.2642391774 -0.8515972083
    1424  2.7785602687 -0.8601715341
    1425  1.6540542426 -0.7917820354
    1426  0.9396174183 -0.6259365150
    1427  1.6406738301 -0.6258952498
    1428  0.2288930726 -0.3908894629
    1429 -0.4940488983 -0.0963188788
    1430  0.1711586197 -0.0877829510
    1431 -1.1320502557  0.2026041883
    1432 -1.7196280319  0.5060563865
    1433 -1.2162492805  0.5210488321
    1434 -2.1858992747  0.7636070050
    1435 -2.5724129089  0.9858425288
    1436 -2.2665187876  1.0043300317
    1437 -2.8390327321  1.1405498827
    1438 -3.0226743011  1.2421461924
    1439 -2.8911825520  1.2607591517
    1440 -3.1114608343  1.2803659273
    1441 -3.1294087425  1.2652174472
    1442 -3.1238468768  1.2803602830
    1443 -3.0873052712  1.2061140742
    1444 -2.9923826631  1.1025925256
    1445 -3.0625985389  1.1104456712
    1446 -2.8719859586  0.9794536585
    1447 -2.7163949130  0.8231155927
    1448 -2.8226989290  0.8195088319
    1449 -2.5642355972  0.6700098750
    1450 -2.3910321307  0.4935193750
    1451 -2.5075729807  0.4737875859
    1452 -2.2426753602  0.3392984097
    1453 -2.0831825509  0.1694592002
    1454 -2.1964402102  0.1288821637
    1455 -0.5953525016  0.2683830220
    1456  1.2348706836  0.2522536146
    1457  2.0126468242  0.5093015106
    1458  2.6192558818  0.6526404573
    1459  1.3728417281  0.6649654768
    1460  2.9878440168  0.6458906776
    1461  3.1303641111  0.4949944648
    1462  2.7349489113  0.4952259847
    1463  3.0484474038  0.2439423908
    1464  2.7628361773 -0.0695945064
    1465  3.1254864519 -0.0806145531
    1466  2.3279675417 -0.3690627319
    1467  1.7568738999 -0.6230148134
    1468  2.5898368529 -0.6387406090
    1469  1.1319646829 -0.7783033872
    1470  0.4495979198 -0.8270690211
    1471  1.4353234297 -0.8400634871
    1472 -0.2033573326 -0.7649024004
    1473 -0.8474579697 -0.6005416659
    1474  0.0480788506 -0.6054948229
    1475 -1.4080772100 -0.3704197218
    1476 -1.9167740976 -0.0839527023
    1477 -1.2441291057 -0.0786289730
    1478 -2.3199370300  0.2053036618
    1479 -2.6517491661  0.4976679906
    1480 -2.2368482536  0.5127043407
    1481 -2.8819119824  0.7447523572
    1482 -3.0394844170  0.9569787416
    1483 -2.8529953565  0.9790933379
    1484 -3.1156501173  1.1038939991
    1485 -3.1289630980  1.1995807140
    1486 -3.1120973939  1.2248419256
    1487 -3.0882690220  1.2348134105
    1488 -2.9990535233  1.2194456251
    1489 -3.0892037599  1.2432549658
    1490 -2.8835481772  1.1629977580
    1491 -2.7340021261  1.0654744302
    1492 -2.8790629806  1.0829460862
    1493 -2.5821725999  0.9507239532
    1494 -2.4085119896  0.8067414416
    1495 -2.5720187654  0.8127618691
    1496 -2.2512065692  0.6676724907
    1497 -2.0811591971  0.5101084130
    1498 -2.2417309164  0.4991833188
    1499 -1.9407038435  0.3753018253
    1500 -1.7935987521  0.2308022406
    1501 -1.9417654222  0.1973851891
    1502  2.7535018365  0.2721622706
    1503  3.0851445230  0.2570604563
    1504  2.8864549720  0.4995703182
    1505  2.5411774071  0.6301362322
    1506  3.1308544456  0.6457384269
    1507  2.0970379754  0.6159893885
    1508  1.5581782947  0.4641991131
    1509  2.7317486463  0.4692860257
    1510  0.9873755466  0.2187820355
    1511  0.3771971185 -0.0836097549
    1512  1.7699739237 -0.0920965619
    1513 -0.2077165130 -0.3693408575
    1514 -0.7853784542 -0.6086486153
    1515  0.5330737328 -0.6262048009
    1516 -1.2989579271 -0.7517463904
    1517 -1.7732155464 -0.7917838838
    1518 -0.7106733302 -0.8101710590
    1519 -2.1647664285 -0.7260775112
    1520 -2.5001127251 -0.5634283603
    1521 -1.7664001208 -0.5746920014
    1522 -2.7514740608 -0.3397543017
    1523 -2.9423498337 -0.0641134432
    1524 -2.5289902219 -0.0631777456
    1525 -3.0602167109  0.2120892947
    1526 -3.1219831579  0.4893222371
    1527 -2.9729533979  0.5037548073
    1528 -3.1285610909  0.7219271159
    1529 -3.0881765510  0.9200041467
    1530 -3.1293274946  0.9458563828
    1531 -3.0127170402  1.0554916158
    1532 -2.9010451615  1.1418459090
    1533 -3.0604209167  1.1747394353
    1534 -2.7734986128  1.1713510456
    1535 -2.6199915081  1.1533617487
    1536 -2.8388441579  1.1877780058
    1537 -2.4670578013  1.0978022797
    1538 -2.2967759964  1.0048262041
    1539 -2.5333131490  1.0349466714
    1540 -2.1400259197  0.8974902344
    1541 -1.9724997892  0.7651232896
    1542 -2.2010717178  0.7851564848
    1543 -1.8280062049  0.6396726913
    1544 -1.6773472307  0.5008072185
    1545 -1.8854099271  0.5048841037
    1546 -1.5562319785  0.3854275336
    1547 -1.4319452478  0.2665321893
    1548 -1.6164496974  0.2489111493
    1549  1.9531308341  0.2762206691
    1550 -0.1609648901  0.2624096903
    1551 -0.6375660915  0.4854780170
    1552 -1.0991575096  0.5991712184
    1553  0.9075189225  0.6184643907
    1554 -1.5108468147  0.5754385705
    1555 -1.8909029798  0.4227705226
    1556 -0.1994821731  0.4335113540
    1557 -2.2119974976  0.1851265151
    1558 -2.4922118393 -0.1022093631
    1559 -1.2189671472 -0.1075618299
    1560 -2.7127437198 -0.3694944996
    1561 -2.8893947977 -0.5891529460
    1562 -2.0512515678 -0.6085700647
    1563 -3.0118956871 -0.7158269273
    1564 -3.0921579498 -0.7439444066
    1565 -2.6467880779 -0.7684583544
    1566 -3.1278251230 -0.6731109552
    1567 -3.1258787301 -0.5121780831
    1568 -2.9982723023 -0.5309368228
    1569 -3.0908804192 -0.2964562100
    1570 -3.0244174637 -0.0345349481
    1571 -3.1286477759 -0.0392250748
    1572 -2.9368231758  0.2248963381
    1573 -2.8243013784  0.4824646823
    1574 -3.0786700390  0.4953806364
    1575 -2.7018095126  0.6959940521
    1576 -2.5605449434  0.8750733311
    1577 -2.8963163555  0.9043551232
    1578 -2.4190344446  0.9947511449
    1579 -2.2640675137  1.0674899845
    1580 -2.6290208383  1.1084998410
    1581 -2.1168414176  1.0876560616
    1582 -1.9604453919  1.0636348029
    1583 -2.3188583364  1.1100854249
    1584 -1.8180068984  1.0061696715
    1585 -1.6696525234  0.9150542941
    1586 -2.0002225068  0.9603901994
    1587 -1.5398577905  0.8128691472
    1588 -1.4064779515  0.6897476234
    1589 -1.6993518612  0.7278316639
    1590 -1.2948941940  0.5757576069
    1591 -1.1812934452  0.4530610276
    1592 -1.4350274260  0.4782262166
    1593 -1.0916509750  0.3547219180
    1594 -1.0009812750  0.2584523873
    1595 -1.2198709773  0.2656057462
    1596 -2.2775275256  0.2804858863
    1597 -3.1315478540  0.2682705615
    1598 -3.1205269147  0.4665998754
    1599 -3.0906676895  0.5589519015
    1600 -2.7096357557  0.5820728786
    1601 -3.0454216301  0.5231783291
    1602 -2.9838303792  0.3695186241
    1603 -2.9851514267  0.3864994106
    1604 -2.9113770057  0.1418328695
    1605 -2.8251355763 -0.1263068388
    1606 -3.1152848966 -0.1278492465
    1607 -2.7323343624 -0.3700525574
    1608 -2.6282072003 -0.5645327720
    1609 -3.1190785192 -0.5855148458
    1610 -2.5214584423 -0.6699776690
    1611 -2.4056493637 -0.6823789990
    1612 -3.0198657269 -0.7133878538
    1613 -2.2907017117 -0.6042993861
    1614 -2.1686991459 -0.4446370827
    1615 -2.8423706300 -0.4719018871
    1616 -2.0505447729 -0.2380755019
    1617 -1.9270432350  0.0073709612
    1618 -2.6105482883 -0.0043274179
    1619 -1.8098840133  0.2462786691
    1620 -1.6887901707  0.4794324186
    1621 -2.3461413765  0.4894646755
    1622 -1.5760583052  0.6689285379
    1623 -1.4605216111  0.8236313508
    1624 -2.0678789670  0.8553576906
    1625 -1.3549373943  0.9224913522
    1626 -1.2474227409  0.9765530211
    1627 -1.7911643355  1.0253632707
    1628 -1.1510731581  0.9829373516
    1629 -1.0534496156  0.9484833561
    1630 -1.5281262358  1.0075392307
    1631 -0.9678935954  0.8852964333
    1632 -0.8815311379  0.7921219391
    1633 -1.2879216118  0.8543344565
    1634 -0.8078788673  0.6915460873
    1635 -0.7337446558  0.5736858113
    1636 -1.0771820187  0.6328583083
    1637 -0.6727590353  0.4673018034
    1638 -0.6115077951  0.3559979789
    1639 -0.9004718851  0.4071420713
    1640 -0.5636981953  0.2699606835
    1641 -0.5157493285  0.1902048924
    1642 -0.7607955712  0.2295793355
    1643 -2.2072293253  0.2849116725
    1644 -0.0000000000  0.2746112940
    1645 -0.0000000000  0.4427788495
    1646 -0.0000000000  0.5092769224
    1647 -2.0280933995  0.5360324014
    1648 -0.0000000000  0.4590626765
    1649 -0.0000000000  0.3044340912
    1650 -1.8479580174  0.3276222224
    1651 -0.0000000000  0.0890529769
    1652 -0.0000000000 -0.1556038222
    1653 -1.6696869653 -0.1532654684
    1654 -0.0000000000 -0.3706400295
    1655 -0.0000000000 -0.5344244956
    1656 -1.4957437012 -0.5568212507
    1657 -0.0000000000 -0.6139293808
    1658 -0.0000000000 -0.6069843212
    1659 -1.3282054112 -0.6442617553
    1660 -0.0000000000 -0.5197274205
    1661 -0.0000000000 -0.3610759806
    1662 -1.1688085112 -0.3965901586
    1663 -0.0000000000 -0.1650156331
    1664 -0.0000000000  0.0611393096
    1665 -1.0189714448  0.0426087437
    1666 -0.0000000000  0.2757949801
    1667 -0.0000000000  0.4798991025
    1668 -0.8798331837  0.4869987045
    1669 -0.0000000000  0.6405845608
    1670 -0.0000000000  0.7657709516
    1671 -0.7522898177  0.7995728262
    1672 -0.0000000000  0.8390499816
    1673 -0.0000000000  0.8696151112
    1674 -0.6370305895  0.9255381954
    1675 -0.0000000000  0.8579556666
    1676 -0.0000000000  0.8087711147
    1677 -0.5345723525  0.8795431692
    1678 -0.0000000000  0.7360247389
    1679 -0.0000000000  0.6366849072
    1680 -0.4452885652  0.7149243076
    1681 -0.0000000000  0.5338119705
    1682 -0.0000000000  0.4165661597
    1683 -0.3694508242  0.4963952716
    1684 -0.0000000000  0.3130366154
    1685 -0.0000000000  0.2069259081
    1686 -0.3072360718  0.2846242640
    1687 -0.0000000000  0.1267643862
    1688 -0.0000000000  0.0547883509
    1689 -0.2587610672  0.1288854346
    1690 -2.2471365942  0.5416398255
    1691 -2.4386797742  0.5429878136
    1692 -3.1258164882  0.4253345370
    1693 -2.6591605157  0.1381866415
    1694 -2.7894753041  0.1153942667
    1695 -1.2109597166 -0.2156299245
    1696  0.6842255140 -0.5030545599
    1697  0.4472835449 -0.5157553889
    1698  2.3268513231 -0.6100646450
    1699  3.1105962354 -0.4859692149
    1700  3.0780764255 -0.4731388938
    1701  2.7461665059 -0.1658676931
    1702 -2.8802202631  0.5408299036
    1703 -3.1057207268  0.5417262293
    1704 -2.7980774142  0.4231494727
    1705 -1.5305758463  0.1359258860
    1706 -2.1631042660  0.1139506278
    1707  0.2619773816 -0.2170682160
    1708  1.9646638406 -0.5030811771
    1709  1.3599314601 -0.5157801092
    1710  2.9933851837 -0.6086429967
    1711  2.9952500156 -0.4836508227
    1712  3.1189007227 -0.4716747370
    1713  1.9696161857 -0.1635868054
    1714 -2.9709651633  0.5387741755
    1715 -2.2437031807  0.5389149157
    1716 -0.7500138650  0.4188415456
    1717  0.9703164565  0.1317887285
    1718 -0.3058223608  0.1108539398
    1719  2.3974342618 -0.2193844135
    1720  3.1000896992 -0.5026010573
    1721  2.7218347010 -0.5154957120
    1722  2.8659514168 -0.6054828100
    1723  1.7657726947 -0.4790138002
    1724  2.5230863227 -0.4682814413
    1725  0.1320085914 -0.1593240841
    1726 -0.5723716740  0.5346404482
    1727  1.3086527111  0.5335598802
    1728  2.5229463594  0.4114753092
    1729  3.1058297987  0.1252565431
    1730  2.4110771859  0.1057067082
    1731  2.9114289584 -0.2224643509
    1732  1.9883940780 -0.5008807930
    1733  2.9192043127 -0.5142661996
    1734  0.5677332360 -0.5994754473
    1735 -0.9950148108 -0.4709739667
    1736  0.4303394668 -0.4620706369
    1737 -2.3087415611 -0.1524292997
    1738  2.9135840377  0.5272795792
    1739  2.8976792129  0.5244056642
    1740  2.1113359595  0.3998713657
    1741  0.9192900824  0.1156751188
    1742  2.6327443824  0.0979585260
    1743 -0.4493983795 -0.2261631230
    1744 -1.7317359500 -0.4969934150
    1745  0.1596306513 -0.5112132529
    1746 -2.6813127815 -0.5892216864
    1747 -3.1156634748 -0.4581605169
    1748 -2.4464087357 -0.4518155165
    1749 -2.9513266653 -0.1420778181
    1750  0.8862209561  0.5153409354
    1751 -1.7888591936  0.5100667602
    1752 -2.5926831733  0.3827297547
    1753 -3.0505218526  0.1023264491
    1754 -1.5625405631  0.0869646244
    1755 -3.1012781669 -0.2303223601
    1756 -2.7381803812 -0.4899179959
    1757 -3.0425282922 -0.5053064075
    1758 -2.0096807787 -0.5731791565
    1759 -1.0129957282 -0.4390617443
    1760 -2.6361469729 -0.4360730900
    1761  0.1188703499 -0.1273558844
    1762 -3.1290244242  0.4974206701
    1763 -1.5741328798  0.4891876398
    1764 -0.7532950067  0.3587850051
    1765  0.1277854046  0.0845141876
    1766 -2.4117047397  0.0720594074
    1767  0.9986465934 -0.2347778954
    1768  1.7896440828 -0.4786533367
    1769 -0.7075713266 -0.4954741254
    1770  2.4375202629 -0.5498412333
    1771  2.8904632164 -0.4122006960
    1772  1.2860810587 -0.4133443824
    1773  3.1122502154 -0.1073691455
    1774  1.6651389552  0.4722345758
    1775  3.1223015776  0.4606218875
    1776  3.0179318463  0.3269779192
    1777  2.8013395522  0.0616674005
    1778  2.6967578780  0.0526452709
    1779  2.4805766170 -0.2393791596
    1780  2.0675716803 -0.4623480559
    1781  3.1266321582 -0.4807327334
    1782  1.5776853306 -0.5179372495
    1783  1.0291292821 -0.3763366262
    1784  2.8588382029 -0.3822622556
    1785  0.4423074324 -0.0813654527
    1786  1.0717443122  0.4388036739
    1787 -2.2357106391  0.4236162868
    1788 -2.4390911218  0.2866372993
    1789 -2.6191723787  0.0334465944
    1790  0.1827395885  0.0282912939
    1791 -2.7742379436 -0.2439951630
    1792 -2.9028035109 -0.4404268985
    1793 -0.7216209461 -0.4603233252
    1794 -3.0036436762 -0.4766373244
    1795 -3.0757931962 -0.3306717204
    1796 -1.5653451078 -0.3417947696
    1797 -3.1185643907 -0.0488679198
    1798 -2.8873997846  0.3966373844
    1799 -0.0000000000  0.3779829464
    1800 -0.0000000000  0.2376474358
    1801 -0.0000000000 -0.0001536252
    1802 -2.7552611702 -0.0011684015
    1803 -0.0000000000 -0.2485196866
    1804 -0.0000000000 -0.4127097891
    1805 -2.5968036872 -0.4338413794
    1806 -0.0000000000 -0.4257431494
    1807 -0.0000000000 -0.2750489497
    1808 -2.4135441685 -0.2914495772
    1809 -0.0000000000 -0.0098037679
    1810  1.4471328981 -0.0397564534
    1811  1.5992021863 -0.0209525287
    1812  0.1312574231  0.1813924123
    1813 -1.3680766072  0.3291691945
    1814 -1.5387861174  0.3227536461
    1815  3.0949352915 -0.3997987333
    1816  3.1149392226 -0.3842299686
    1817  2.6381302337 -0.2203240041
    1818  2.3393786338 -0.4748086828
    1819  2.2440665430 -0.4730670791
    1820  2.9582150980 -0.4717555208
    1821  0.0624486569 -0.2215422392
    1822 -0.0619590142 -0.2337573462
    1823  1.1893101634 -0.3901881633
    1824 -2.1274723799  0.1964041701
    1825 -2.2068589837  0.1774825696
    1826 -1.2220894926 -0.0394287910
    1827 -3.1113239212  0.5580263011
    1828 -3.1208240574  0.5410558004
    1829 -2.8387612657  0.3736683603
    1830 -2.6870946793  0.7117143202
    1831 -2.6427998519  0.7025508829
    1832 -3.0406470064  0.6505474794
    1833 -1.3198372810  0.6181658603
    1834 -1.2531517754  0.6187332463
    1835 -2.0368045106  0.6910275520
    1836  0.3268658647  0.3247724952
    1837  0.3894500541  0.3340379677
    1838 -0.4478623136  0.5004360981
    1839  1.7354880389 -0.0850230709
    1840  1.7801088097 -0.0694284361
    1841  1.1167787112  0.1478124758
    1842  2.6575884149 -0.5338362142
    1843  2.6815872867 -0.5143137609
    1844  2.2818024400 -0.2831636268
    1845  3.0763228975 -0.9715180877
    1846  3.0833739297 -0.9497959988
    1847  2.9316991106 -0.7268005075
    1848  3.1074826008 -1.3780367484
    1849  3.1032095015 -1.3549927964
    1850  3.1309562550 -1.1472861228
    1851  2.9084176351 -1.7550465842
    1852  2.8978134603 -1.7308425722
    1853  3.0248873026 -1.5356529139
    1854  2.6218186503 -2.1100062291
    1855  2.6083164714 -2.0844331069
    1856  2.7665584200 -1.8976441201
    1857  2.0182235236 -0.0212287451
    1858  2.3828422007  0.0060579777
    1859  1.1890241320  0.1947485655
    1860 -0.2683224103  0.3264960742
    1861 -0.8321181576  0.3216076910
    1862  3.1286617980 -0.3763710964
    1863  3.0752136925 -0.3491257486
    1864  3.0279536587 -0.1857209156
    1865  1.9419366484 -0.4641579637
    1866  1.6070244812 -0.4567565610
    1867  2.5650203917 -0.4431123882
    1868 -0.4191055075 -0.2316625910
    1869 -0.7707684975 -0.2488618424
    1870  0.4527816044 -0.3890018898
    1871 -2.4175587106  0.1700689669
    1872 -2.6041256719  0.1375909210
    1873 -1.8075660849 -0.0685150693
    1874 -3.1315938411  0.5274508095
    1875 -3.1189292635  0.4946799800
    1876 -3.0347029620  0.3280359163
    1877 -2.5110079768  0.6891147998
    1878 -2.3654050013  0.6685975448
    1879 -2.8815512162  0.6082031227
    1880 -1.0702345231  0.6112846671
    1881 -0.8830826308  0.6092753737
    1882 -1.6925895788  0.6680745209
    1883  0.5526284962  0.3358010796
    1884  0.7142717270  0.3525214884
    1885 -0.0872960147  0.5046283484
    1886  1.8906857950 -0.0579986407
    1887  1.9976687975 -0.0259811573
    1888  1.3929154205  0.1790431513
    1889  2.7373577851 -0.4945495691
    1890  2.7896720864 -0.4517152692
    1891  2.4441934902 -0.2296906281
    1892  3.0977508782 -0.9235776017
    1893  3.1096014049 -0.8736049587
    1894  2.9961950069 -0.6570761965
    1895  3.0928817487 -1.3237771515
    1896  3.0809676265 -1.2686293534
    1897  3.1301347530 -1.0659836230
    1898  2.8761968326 -1.6951664531
    1899  2.8536655961 -1.6349296011
    1900  2.9896120891 -1.4448678685
    1901  2.5836865714 -2.0439852948
    1902  2.5585457093 -1.9773092782
    1903  2.7183763865 -1.7968431532
    1904  2.8382171089  0.0147620352
    1905  3.0882809429  0.0488626488
    1906  2.5644584207  0.2159299903
    1907  1.5416461811  0.3222521341
    1908  0.6664784104  0.3194013561
    1909  2.8450707715 -0.3308634568
    1910  2.4504245010 -0.2934826120
    1911  3.0320738702 -0.1308971805
    1912  0.9994016031 -0.4437217783
    1913  0.3461633042 -0.4306773473
    1914  1.5142800401 -0.3976270085
    1915 -1.3267342221 -0.2519965483
    1916 -1.8355456963 -0.2722490828
    1917 -0.7982875905 -0.3867294726
    1918 -2.8548333820  0.1179958404
    1919 -3.0277212812  0.0750561118
    1920 -2.5821359352 -0.1139550759
    1921 -3.0465883415  0.4673829287
    1922 -2.9115976971  0.4216377152
    1923 -3.1260921515  0.2563372369
    1924 -2.0945807422  0.6453169657
    1925 -1.7918535991  0.6146920827
    1926 -2.4558780438  0.5413099676
    1927 -0.5626703568  0.5991464125
    1928 -0.2360353103  0.5935268445
    1929 -1.0511529622  0.6312777314
    1930  0.9814693829  0.3596548567
    1931  1.2409555930  0.3804920789
    1932  0.5174717573  0.5102155194
    1933  2.1702047321 -0.0020064467
    1934  2.3309046888  0.0412131518
    1935  1.8284299319  0.2270199740
    1936  2.8709870749 -0.4138750251
    1937  2.9416888104 -0.3542899653
    1938  2.6849264019 -0.1466873202
    1939  3.1241294727 -0.8253454818
    1940  3.1310078530 -0.7546309443
    1941  3.0782573428 -0.5483604553
    1942  3.0561336206 -1.2123991766
    1943  3.0264332311 -1.1335413619
    1944  3.1090458192 -0.9388999683
    1945  2.8108371992 -1.5715122816
    1946  2.7651176057 -1.4848705241
    1947  2.9148179483 -1.3028183532
    1948  2.5107771371 -1.9060813055
    1949  2.4613142460 -1.8099949437
    1950  2.6235880974 -1.6391917069
    1951  3.0678453896  0.0655832223
    1952  2.6350797540  0.1046623436
    1953  3.0878749236  0.2435600079
    1954  3.0446698994  0.3167218984
    1955  2.5003301608  0.3162905314
    1956  1.6868531779 -0.2666230045
    1957  0.7414590124 -0.2209967414
    1958  1.8182865902 -0.0594595973
    1959 -0.5683530737 -0.4147583626
    1960 -1.4343351530 -0.3966866481
    1961 -0.3698062878 -0.3383765343
    1962 -2.4243245912 -0.2803912913
    1963 -2.8512775658 -0.3026073462
    1964 -2.2684166771 -0.3837124412
    1965 -3.1301043211  0.0448996814
    1966 -3.0715190848 -0.0062125992
    1967 -3.1109050313 -0.1729933304
    1968 -2.6282367374  0.3829047496
    1969 -2.2423853958  0.3267088276
    1970 -2.7712680255  0.1631524652
    1971 -1.3295590121  0.5835498324
    1972 -0.8286255042  0.5446889196
    1973 -1.5911158470  0.4543894437
    1974  0.2205760508  0.5817911681
    1975  0.6724980013  0.5732741308
    1976 -0.0804089376  0.5835721738
    1977  1.5858107412  0.3929371904
    1978  1.9064926312  0.4173552875
    1979  1.3210648666  0.5178189334
    1980  2.5345159917  0.0766480018
    1981  2.7109959200  0.1294789653
    1982  2.3538097330  0.2900754703
    1983  3.0229255316 -0.3002066497
    1984  3.0819087768 -0.2262079162
    1985  2.9403106085 -0.0376330409
    1986  3.1275658971 -0.6866072651
    1987  3.1085833909 -0.5979294253
    1988  3.1303389004 -0.4053219953
    1989  2.9751409937 -1.0547470149
    1990  2.9140020281 -0.9551525338
    1991  3.0356712596 -0.7713278532
    1992  2.6931030223 -1.3960932761
    1993  2.6151574122 -1.2859856314
    1994  2.7795284081 -1.1149443445
    1995  2.3845929871 -1.7100195155
    1996  2.3043060497 -1.5871276321
    1997  2.4677636106 -1.4297845754
    1998  1.6141362335  0.1280363356
    1999  0.2598524091  0.1700575462
    2000  1.3210507813  0.2759427559
    2001  2.2198796679  0.3102453859
    2002  3.0153316241  0.3124757432
    2003 -0.5335580929 -0.1877492771
    2004 -1.7200301580 -0.1361170542
    2005 -0.7723315637  0.0242440749
    2006 -2.3334892223 -0.3793359326
    2007 -2.9252325036 -0.3571225869
    2008 -2.4405549555 -0.2690936510
    2009 -3.1147840663 -0.3155157033
    2010 -3.0568742356 -0.3386691740
    2011 -3.1232542571 -0.3805643264
    2012 -2.7785602687 -0.0450967619
    2013 -2.2642391774 -0.1019360876
    2014 -2.7619923916 -0.2427057944
    2015 -1.6406738301  0.2791632976
    2016 -0.9396174183  0.2153658146
    2017 -1.6540542426  0.0536011722
    2018 -0.1711586197  0.5081582313
    2019  0.4940488983  0.4633461451
    2020 -0.2288930726  0.3527731281
    2021  1.2162492805  0.5615762173
    2022  1.7196280319  0.5512877717
    2023  1.1320502557  0.5288535114
    2024  2.2665187876  0.4356343432
    2025  2.5724129089  0.4634158270
    2026  2.1858992747  0.5290244335
    2027  2.8911825520  0.1757951825
    2028  3.0226743011  0.2367738413
    2029  2.8390327321  0.3673377939
    2030  3.1238468768 -0.1573737715
    2031  3.1294087425 -0.0714572915
    2032  3.1114608343  0.0944337868
    2033  3.0625985389 -0.5123106655
    2034  2.9923826631 -0.4089950481
    2035  3.0873052712 -0.2327241959
    2036  2.8226989290 -0.8563999506
    2037  2.7163949130 -0.7400793515
    2038  2.8719859586 -0.5693381602
    2039  2.5075729807 -1.1746216277
    2040  2.3910321307 -1.0456471913
    2041  2.5642355972 -0.8882682753
    2042  2.1964402102 -1.4609300954
    2043  2.0831825509 -1.3162454757
    2044  2.2426753602 -1.1761724415
    2045 -1.3728417281  0.1983427481
    2046 -2.6192558818  0.2411560477
    2047 -2.0126468242  0.3111288856
    2048 -1.2348706836  0.3031753185
    2049  0.5953525016  0.3081720092
    2050 -2.7349489113 -0.0990265507
    2051 -3.1303641111 -0.0438834792
    2052 -2.9878440168  0.1152474688
    2053 -3.1254864519 -0.3397715135
    2054 -2.7628361773 -0.3144162637
    2055 -3.0484474038 -0.1939222461
    2056 -2.5898368529 -0.3556326478
    2057 -1.7568738999 -0.3784905688
    2058 -2.3279675417 -0.3776147181
    2059 -1.4353234297 -0.1469795928
    2060 -0.4495979198 -0.2066336726
    2061 -1.1319646829 -0.3191758609
    2062 -0.0480788506  0.1622964953
    2063  0.8474579697  0.0942268102
    2064  0.2033573326 -0.0659409685
    2065  1.2441291057  0.4241783957
    2066  1.9167740976  0.3759191954
    2067  1.4080772100  0.2426853089
    2068  2.2368482536  0.5409746992
    2069  2.6517491661  0.5298122848
    2070  2.3199370300  0.4710450954
    2071  2.8529953565  0.4871374358
    2072  3.0394844170  0.5173267924
    2073  2.8819119824  0.5443416169
    2074  3.1120973939  0.2919123251
    2075  3.1289630980  0.3583578483
    2076  3.1156501173  0.4557558726
    2077  3.0892037599  0.0086577749
    2078  2.9990535233  0.1023539351
    2079  3.0882690220  0.2433175889
    2080  2.8790629806 -0.3104068494
    2081  2.7340021261 -0.1978336057
    2082  2.8835481772 -0.0393718047
    2083  2.5720187654 -0.6270243443
    2084  2.4085119896 -0.5005589764
    2085  2.5821725999 -0.3440036096
    2086  2.2417309164 -0.9183915150
    2087  2.0811591971 -0.7785072277
    2088  2.2512065692 -0.6361285899
    2089  1.9417654222 -1.1716067730
    2090  1.7935987521 -1.0147970725
    2091  1.9407038435 -0.8942651211
    2092 -3.1308544456  0.2724410624
    2093 -2.5411774071  0.3139973476
    2094 -2.8864549720  0.3471196149
    2095 -3.0851445230  0.2958382079
    2096 -2.7535018365  0.3035789410
    2097 -2.7317486463 -0.0055536742
    2098 -1.5581782947  0.0506182510
    2099 -2.0970379754  0.2085149487
    2100 -1.7699739237 -0.2983777341
    2101 -0.3771971185 -0.2709190957
    2102 -0.9873755466 -0.1169980712
    2103 -0.5330737328 -0.3985429170
    2104  0.7853784542 -0.4199032759
    2105  0.2077165130 -0.3750368052
    2106  0.7106733302 -0.2549918631
    2107  1.7732155464 -0.3145571885
    2108  1.2989579271 -0.3982222506
    2109  1.7664001208  0.0390867812
    2110  2.5001127251 -0.0299458161
    2111  2.1647664285 -0.1888703833
    2112  2.5289902219  0.3368250164
    2113  2.9423498337  0.2875412958
    2114  2.7514740608  0.1303789436
    2115  2.9729533979  0.5219514797
    2116  3.1219831579  0.5106396236
    2117  3.0602167109  0.4137885661
    2118  3.1293274946  0.5456010861
    2119  3.0881765510  0.5769827711
    2120  3.1285610909  0.5636717315
    2121  3.0604209167  0.4195910719
    2122  2.9010451615  0.4885028463
    2123  3.0127170402  0.5514006303
    2124  2.8388441579  0.1894886706
    2125  2.6199915081  0.2864793986
    2126  2.7734986128  0.4017543126
    2127  2.5333131490 -0.0918179063
    2128  2.2967759964  0.0242702609
    2129  2.4670578013  0.1647269779
    2130  2.2010717178 -0.3799509601
    2131  1.9724997892 -0.2503445227
    2132  2.1400259197 -0.1077593941
    2133  1.8854099271 -0.6434978024
    2134  1.6773472307 -0.5012771332
    2135  1.8280062049 -0.3735778100
    2136  1.6164496974 -0.8616315196
    2137  1.4319452478 -0.7034287462
    2138  1.5562319785 -0.6024533299
    2139 -0.9075189225  0.3463883518
    2140  1.0991575096  0.3849046991
    2141  0.6375660915  0.3820473186
    2142  0.1609648901  0.2885062826
    2143 -1.9531308341  0.2988601877
    2144  0.1994821731  0.0877529242
    2145  1.8909029798  0.1426814803
    2146  1.5108468147  0.2993786547
    2147  1.2189671472 -0.2573190716
    2148  2.4922118393 -0.2287758495
    2149  2.2119974976 -0.0421397193
    2150  2.0512515678 -0.4419811755
    2151  2.8893947977 -0.4608059660
    2152  2.7127437198 -0.3729313852
    2153  2.6467880779 -0.3634126625
    2154  3.0921579498 -0.4202369387
    2155  3.0118956871 -0.4758492269
    2156  2.9982723023 -0.0838327263
    2157  3.1258787301 -0.1507595235
    2158  3.1278251230 -0.3089217526
    2159  3.1286477759  0.2510347319
    2160  3.0244174637  0.2029696441
    2161  3.0908804192  0.0217253461
    2162  3.0786700390  0.5060572939
    2163  2.8243013784  0.4951998093
    2164  2.9368231758  0.3603572216
    2165  2.8963163555  0.6086332978
    2166  2.5605449434  0.6398968769
    2167  2.7018095126  0.5865509846
    2168  2.6290208383  0.5527566237
    2169  2.2640675137  0.6210264037
    2170  2.4190344446  0.6499325557
    2171  2.3188583364  0.3759305375
    2172  1.9604453919  0.4715745529
    2173  2.1168414176  0.5619651114
    2174  2.0002225068  0.1315955225
    2175  1.6696525234  0.2452155791
    2176  1.8180068984  0.3688758735
    2177  1.6993518612 -0.1297354268
    2178  1.4064779515 -0.0043640441
    2179  1.5398577905  0.1259888930
    2180  1.4350274260 -0.3678692399
    2181  1.1812934452 -0.2325066331
    2182  1.2948941940 -0.1171061831
    2183  1.2198709773 -0.5535883660
    2184  1.0009812750 -0.4058247216
    2185  1.0916509750 -0.3214470954
    2186  2.7096357557  0.4166828997
    2187  3.0906676895  0.4507659435
    2188  3.1205269147  0.4143398696
    2189  3.1315478540  0.2813846326
    2190  2.2775275256  0.2941326416
    2191  2.9851514267  0.1764760722
    2192  2.9838303792  0.2281929640
    2193  3.0454216301  0.3838360752
    2194  3.1152848966 -0.2185900767
    2195  2.8251355763 -0.1900235319
    2196  2.9113770057  0.0272276110
    2197  3.1190785192 -0.4839141678
    2198  2.6282072003 -0.4995071954
    2199  2.7323343624 -0.3715717740
    2200  3.0198657269 -0.4669617034
    2201  2.4056493637 -0.5187935710
    2202  2.5214584423 -0.5486111355
    2203  2.8423706300 -0.2002390312
    2204  2.1686991459 -0.2622227308
    2205  2.2907017117 -0.4203621799
    2206  2.6105482883  0.1714812420
    2207  1.9270432350  0.1268982443
    2208  2.0505447729 -0.0776383455
    2209  2.3461413765  0.4946906823
    2210  1.6887901707  0.4850898717
    2211  1.8098840133  0.3141007504
    2212  2.0678789670  0.6736671875
    2213  1.4605216111  0.7037289050
    2214  1.5760583052  0.6127063944
    2215  1.7911643355  0.6849871464
    2216  1.2474227409  0.7496173142
    2217  1.3549373943  0.7470525903
    2218  1.5281262358  0.5581682772
    2219  1.0534496156  0.6477368414
    2220  1.1510731581  0.7158484581
    2221  1.2879216118  0.3469857933
    2222  0.8815311379  0.4518581877
    2223  0.9678935954  0.5615871596
    2224  1.0771820187  0.1076446645
    2225  0.7337446558  0.2209568266
    2226  0.8078788673  0.3425744110
    2227  0.9004718851 -0.1114309670
    2228  0.6115077951  0.0073862922
    2229  0.6727590353  0.1151103683
    2230  0.7607955712 -0.2729729944
    2231  0.5157493285 -0.1478706585
    2232  0.5636981953 -0.0740019328
    2233  2.0280933995  0.4805463028
    2234  2.2072293253  0.2894693429
    2235  1.8479580174  0.2571940959
    2236  1.6696869653 -0.1836447631
    2237  1.4957437012 -0.5226617918
    2238  1.3282054112 -0.5615426483
    2239  1.1688085112 -0.3054762146
    2240  1.0189714448  0.1014564125
    2241  0.8798331837  0.4884899723
    2242  0.7522898177  0.7382259940
    2243  0.6370305895  0.8108361678
    2244  0.5345723525  0.7281749125
    2245  0.4452885652  0.5440239579
    2246  0.3694508242  0.3194321317
    2247  0.3072360718  0.1098231217
    2248  0.2587610672 -0.0406125129
    2249  2.7894753041 -0.3413127439
    2250  2.6591605157 -0.3373989648
    2251  3.1258164882 -0.2729850503
    2252  2.4386797742 -0.1114375812
    2253  2.2471365942 -0.1319229211
    2254 -0.4472835449 -0.0858182633
    2255 -0.6842255140 -0.1031535288
    2256  1.2109597166 -0.2750874945
    2257 -3.0780764255  0.3240458694
    2258 -3.1105962354  0.3085816980
    2259 -2.3268513231  0.1187303825
    2260 -2.7461665059  0.3917138060
    2261  2.1631042660 -0.3305567557
    2262  1.5305758463 -0.3205828945
    2263  2.7980774142 -0.2472009677
    2264  3.1057207268 -0.0864868598
    2265  2.8802202631 -0.1147723835
    2266 -1.3599314601 -0.0972446049
    2267 -1.9646638406 -0.1191064953
    2268 -0.2619773816 -0.2740750630
    2269 -3.1189007227  0.3042151836
    2270 -2.9952500156  0.2790297738
    2271 -2.9933851837  0.0910180357
    2272 -1.9696161857  0.3714679696
    2273  0.3058223608 -0.3097622779
    2274 -0.9703164565 -0.2937984310
    2275  0.7500138650 -0.2061636755
    2276  2.2437031807 -0.0468014131
    2277  2.9709651633 -0.0816489960
    2278 -2.7218347010 -0.1193053647
    2279 -3.1000896992 -0.1444688860
    2280 -2.3974342618 -0.2724332405
    2281 -2.5230863227  0.2659066520
    2282 -1.7657726947  0.2320069782
    2283 -2.8659514168  0.0469315491
    2284 -0.1320085914  0.3392535639
    2285 -2.4110771859 -0.2802870982
    2286 -3.1058297987 -0.2587696483
    2287 -2.5229463594 -0.1525641718
    2288 -1.3086527111  0.0049794169
    2289  0.5723716740 -0.0347862839
    2290 -2.9192043127 -0.1504970980
    2291 -1.9883940780 -0.1775315193
    2292 -2.9114289584 -0.2702218213
    2293 -0.4303394668  0.2116828118
    2294  0.9950148108  0.1706115394
    2295 -0.5677332360 -0.0106078063
    2296  2.3087415611  0.2971893538
    2297 -2.6327443824 -0.2439863203
    2298 -0.9192900824 -0.2176528176
    2299 -2.1113359595 -0.0897724961
    2300 -2.8976792129  0.0655466833
    2301 -2.9135840377  0.0227589254
    2302 -0.1596306513 -0.1887573347
    2303  1.7317359500 -0.2161474332
    2304  0.4493983795 -0.2675091968
    2305  2.4464087357  0.1450487716
    2306  3.1156634748  0.0987237488
    2307  2.6813127815 -0.0779345813
    2308  2.9513266653  0.2479201131
    2309  1.5625405631 -0.2030247092
    2310  3.0505218526 -0.1728237605
    2311  2.5926831733 -0.0215092000
    2312  1.7888591936  0.1312456615
    2313 -0.8862209561  0.0874099780
    2314  3.0425282922 -0.2316654274
    2315  2.7381803812 -0.2579361522
    2316  3.1012781669 -0.2643625238
    2317  2.6361469729  0.0701007726
    2318  1.0129957282  0.0206245123
    2319  2.0096807787 -0.1509974115
    2320 -0.1188703499  0.1943524945
    2321  2.4117047397 -0.1596700926
    2322 -0.1277854046 -0.1266607206
    2323  0.7532950067  0.0484970054
    2324  1.5741328798  0.1984120150
    2325  3.1290244242  0.1554108653
    2326  0.7075713266 -0.2766709885
    2327 -1.7896440828 -0.3005027819
    2328 -0.9986465934 -0.2608414076
    2329 -1.2860810587 -0.0088647564
    2330 -2.8904632164 -0.0593977519
    2331 -2.4375202629 -0.2257284618
    2332 -3.1122502154  0.1393838759
    2333 -2.6967578780 -0.1160951757
    2334 -2.8013395522 -0.0813469114
    2335 -3.0179318463  0.1168201719
    2336 -3.1223015776  0.2636810425
    2337 -1.6651389552  0.2231584377
    2338 -3.1266321582 -0.3213193384
    2339 -2.0675716803 -0.3416408186
    2340 -2.4805766170 -0.2569966003
    2341 -2.8588382029 -0.0877306097
    2342 -1.0291292821 -0.1374083542
    2343 -1.5776853306 -0.2983879052
    2344 -0.4423074324  0.0856594050
    2345 -0.1827395885 -0.0742096931
    2346  2.6191723787 -0.0387161059
    2347  2.4390911218  0.1805883442
    2348  2.2357106391  0.3242371771
    2349 -1.0717443122  0.2874888706
    2350  0.7216209461 -0.3634499964
    2351  2.9028035109 -0.3795011891
    2352  2.7742379436 -0.2528736199
    2353  1.5653451078 -0.1628832288
    2354  3.0757931962 -0.2101127842
    2355  3.0036436762 -0.3658400906
    2356  3.1185643907  0.0353826540
    2357  2.7552611702 -0.0355413845
    2358  2.8873997846  0.3458925546
    2359  2.5968036872 -0.4013488697
    2360  2.4135441685 -0.2314529741
