         1      0.984300     0.145300    -1.000000
         2      0.992200     0.072700    -1.000000
         3      1.000000     0.000000    -1.000000
         4      0.956200     0.289200    -1.000000
         5      0.970300     0.217200    -1.000000
         6      0.904200     0.429700    -1.000000
         7      0.930200     0.359400    -1.000000
         8      0.826900     0.563400    -1.000000
         9      0.865600     0.496600    -1.000000
        10      0.727800     0.685400    -1.000000
        11      0.777300     0.624400    -1.000000
        12      0.609800     0.792000    -1.000000
        13      0.668800     0.738700    -1.000000
        14      0.474900     0.880100    -1.000000
        15      0.542400     0.836100    -1.000000
        16      0.325300     0.946500    -1.000000
        17      0.400100     0.913300    -1.000000
        18      0.165400     0.986300    -1.000000
        19      0.245400     0.966400    -1.000000
        20      0.000000     1.000000    -1.000000
        21      0.082700     0.993100    -1.000000
        22     -1.000000     0.000000    -1.000000
        23     -0.992200     0.072700    -1.000000
        24     -0.984300     0.145300    -1.000000
        25     -0.970300     0.217200    -1.000000
        26     -0.956200     0.289200    -1.000000
        27     -0.930200     0.359400    -1.000000
        28     -0.904200     0.429700    -1.000000
        29     -0.865600     0.496600    -1.000000
        30     -0.826900     0.563400    -1.000000
        31     -0.777300     0.624400    -1.000000
        32     -0.727800     0.685400    -1.000000
        33     -0.668800     0.738700    -1.000000
        34     -0.609800     0.792000    -1.000000
        35     -0.542400     0.836100    -1.000000
        36     -0.474900     0.880100    -1.000000
        37     -0.400100     0.913300    -1.000000
        38     -0.325300     0.946500    -1.000000
        39     -0.245400     0.966400    -1.000000
        40     -0.165400     0.986300    -1.000000
        41     -0.082700     0.993100    -1.000000
        42      0.992200    -0.072700    -1.000000
        43      0.984300    -0.145300    -1.000000
        44      0.970300    -0.217200    -1.000000
        45      0.956200    -0.289200    -1.000000
        46      0.930200    -0.359400    -1.000000
        47      0.904200    -0.429700    -1.000000
        48      0.865600    -0.496600    -1.000000
        49      0.826900    -0.563400    -1.000000
        50      0.777300    -0.624400    -1.000000
        51      0.727800    -0.685400    -1.000000
        52      0.668800    -0.738700    -1.000000
        53      0.609800    -0.792000    -1.000000
        54      0.542400    -0.836100    -1.000000
        55      0.474900    -0.880100    -1.000000
        56      0.400100    -0.913300    -1.000000
        57      0.325300    -0.946500    -1.000000
        58      0.245400    -0.966400    -1.000000
        59      0.165400    -0.986300    -1.000000
        60      0.082700    -0.993100    -1.000000
        61      0.000000    -1.000000    -1.000000
        62     -0.984300    -0.145300    -1.000000
        63     -0.992200    -0.072700    -1.000000
        64     -0.956200    -0.289200    -1.000000
        65     -0.970300    -0.217200    -1.000000
        66     -0.904200    -0.429700    -1.000000
        67     -0.930200    -0.359400    -1.000000
        68     -0.826900    -0.563400    -1.000000
        69     -0.865600    -0.496600    -1.000000
        70     -0.727800    -0.685400    -1.000000
        71     -0.777300    -0.624400    -1.000000
        72     -0.609800    -0.792000    -1.000000
        73     -0.668800    -0.738700    -1.000000
        74     -0.474900    -0.880100    -1.000000
        75     -0.542400    -0.836100    -1.000000
        76     -0.325300    -0.946500    -1.000000
        77     -0.400100    -0.913300    -1.000000
        78     -0.165400    -0.986300    -1.000000
        79     -0.245400    -0.966400    -1.000000
        80     -0.082700    -0.993100    -1.000000
        81      0.000000     0.500000    -1.000000
        82      0.000000     0.450000    -1.000000
        83      0.000000     0.400000    -1.000000
        84      0.047100     0.391700    -1.000000
        85      0.094300     0.383500    -1.000000
        86      0.095800     0.430600    -1.000000
        87      0.097400     0.477700    -1.000000
        88      0.048700     0.488900    -1.000000
        89      0.000000     0.350000    -1.000000
        90      0.000000     0.300000    -1.000000
        91      0.046900     0.294300    -1.000000
        92      0.093800     0.288600    -1.000000
        93      0.094000     0.336000    -1.000000
        94      0.000000     0.250000    -1.000000
        95      0.000000     0.200000    -1.000000
        96      0.047500     0.196400    -1.000000
        97      0.095000     0.192900    -1.000000
        98      0.094400     0.240700    -1.000000
        99      0.000000     0.150000    -1.000000
       100      0.000000     0.100000    -1.000000
       101      0.048600     0.098300    -1.000000
       102      0.097300     0.096600    -1.000000
       103      0.096100     0.144700    -1.000000
       104      0.000000     0.050000    -1.000000
       105      0.000000     0.000000    -1.000000
       106      0.050000     0.000000    -1.000000
       107      0.100000     0.000000    -1.000000
       108      0.098600     0.048300    -1.000000
       109      0.140300     0.375500    -1.000000
       110      0.186300     0.367400    -1.000000
       111      0.188900     0.411200    -1.000000
       112      0.191600     0.454900    -1.000000
       113      0.144500     0.466300    -1.000000
       114      0.139900     0.283300    -1.000000
       115      0.186000     0.278000    -1.000000
       116      0.186100     0.322700    -1.000000
       117      0.142100     0.189700    -1.000000
       118      0.189200     0.186600    -1.000000
       119      0.187600     0.232300    -1.000000
       120      0.145700     0.095100    -1.000000
       121      0.194200     0.093600    -1.000000
       122      0.191700     0.140100    -1.000000
       123      0.150000     0.000000    -1.000000
       124      0.200000     0.000000    -1.000000
       125      0.197100     0.046800    -1.000000
       126      0.229700     0.360200    -1.000000
       127      0.273200     0.352900    -1.000000
       128      0.276100     0.392300    -1.000000
       129      0.279000     0.431700    -1.000000
       130      0.235300     0.443300    -1.000000
       131      0.230700     0.273800    -1.000000
       132      0.275400     0.269500    -1.000000
       133      0.274300     0.311200    -1.000000
       134      0.235500     0.184300    -1.000000
       135      0.281800     0.182000    -1.000000
       136      0.278600     0.225800    -1.000000
       137      0.242300     0.092700    -1.000000
       138      0.290500     0.091700    -1.000000
       139      0.286100     0.136800    -1.000000
       140      0.250000     0.000000    -1.000000
       141      0.300000     0.000000    -1.000000
       142      0.295200     0.045800    -1.000000
       143      0.312800     0.347700    -1.000000
       144      0.352300     0.342500    -1.000000
       145      0.353000     0.376000    -1.000000
       146      0.353700     0.409500    -1.000000
       147      0.316300     0.420600    -1.000000
       148      0.317800     0.267400    -1.000000
       149      0.360300     0.265300    -1.000000
       150      0.356300     0.303900    -1.000000
       151      0.327100     0.181300    -1.000000
       152      0.372400     0.180600    -1.000000
       153      0.366400     0.223000    -1.000000
       154      0.338200     0.091500    -1.000000
       155      0.386000     0.091400    -1.000000
       156      0.379200     0.136000    -1.000000
       157      0.350000     0.000000    -1.000000
       158      0.400000     0.000000    -1.000000
       159      0.393000     0.045700    -1.000000
       160      0.386600     0.342000    -1.000000
       161      0.420900     0.341500    -1.000000
       162      0.413200     0.366900    -1.000000
       163      0.405400     0.392300    -1.000000
       164      0.379500     0.400900    -1.000000
       165      0.400500     0.267000    -1.000000
       166      0.440800     0.268700    -1.000000
       167      0.430800     0.305100    -1.000000
       168      0.416700     0.182400    -1.000000
       169      0.461100     0.184200    -1.000000
       170      0.450900     0.226400    -1.000000
       171      0.433400     0.092400    -1.000000
       172      0.480800     0.093500    -1.000000
       173      0.470900     0.138800    -1.000000
       174      0.450000     0.000000    -1.000000
       175      0.500000     0.000000    -1.000000
       176      0.490400     0.046700    -1.000000
       177      0.550000     0.000000    -1.000000
       178      0.600000     0.000000    -1.000000
       179      0.587800     0.049300    -1.000000
       180      0.575600     0.098500    -1.000000
       181      0.528200     0.096000    -1.000000
       182      0.650000     0.000000    -1.000000
       183      0.700000     0.000000    -1.000000
       184      0.685800     0.053300    -1.000000
       185      0.671600     0.106600    -1.000000
       186      0.623600     0.102500    -1.000000
       187      0.750000     0.000000    -1.000000
       188      0.800000     0.000000    -1.000000
       189      0.785100     0.058600    -1.000000
       190      0.770200     0.117300    -1.000000
       191      0.720900     0.111900    -1.000000
       192      0.850000     0.000000    -1.000000
       193      0.900000     0.000000    -1.000000
       194      0.886700     0.065100    -1.000000
       195      0.873400     0.130300    -1.000000
       196      0.821800     0.123800    -1.000000
       197      0.950000     0.000000    -1.000000
       198      0.928800     0.137800    -1.000000
       199      0.562500     0.146300    -1.000000
       200      0.549300     0.194100    -1.000000
       201      0.505200     0.189200    -1.000000
       202      0.655600     0.158400    -1.000000
       203      0.639600     0.210300    -1.000000
       204      0.594400     0.202200    -1.000000
       205      0.752500     0.174600    -1.000000
       206      0.734800     0.232000    -1.000000
       207      0.687200     0.221100    -1.000000
       208      0.855900     0.194400    -1.000000
       209      0.838400     0.258400    -1.000000
       210      0.786600     0.245200    -1.000000
       211      0.897300     0.273800    -1.000000
       212      0.534200     0.238700    -1.000000
       213      0.519200     0.283400    -1.000000
       214      0.480000     0.276000    -1.000000
       215      0.620100     0.259200    -1.000000
       216      0.600700     0.308200    -1.000000
       217      0.559900     0.295800    -1.000000
       218      0.711900     0.286700    -1.000000
       219      0.689100     0.341400    -1.000000
       220      0.644900     0.324800    -1.000000
       221      0.813400     0.320200    -1.000000
       222      0.788400     0.382000    -1.000000
       223      0.738700     0.361700    -1.000000
       224      0.846300     0.405900    -1.000000
       225      0.501500     0.322600    -1.000000
       226      0.483800     0.361900    -1.000000
       227      0.452400     0.351700    -1.000000
       228      0.576500     0.352500    -1.000000
       229      0.552400     0.396700    -1.000000
       230      0.518100     0.379300    -1.000000
       231      0.659700     0.391900    -1.000000
       232      0.630300     0.442400    -1.000000
       233      0.591300     0.419600    -1.000000
       234      0.754400     0.439900    -1.000000
       235      0.720400     0.497800    -1.000000
       236      0.675300     0.470100    -1.000000
       237      0.773600     0.530600    -1.000000
       238      0.461900     0.393300    -1.000000
       239      0.440100     0.424700    -1.000000
       240      0.422800     0.408500    -1.000000
       241      0.522200     0.434800    -1.000000
       242      0.492000     0.472800    -1.000000
       243      0.466100     0.448800    -1.000000
       244      0.593500     0.487300    -1.000000
       245      0.556700     0.532200    -1.000000
       246      0.524400     0.502500    -1.000000
       247      0.677500     0.550200    -1.000000
       248      0.634500     0.602500    -1.000000
       249      0.595600     0.567400    -1.000000
       250      0.681200     0.644000    -1.000000
       251      0.570800     0.742700    -1.000000
       252      0.531800     0.693500    -1.000000
       253      0.583200     0.648000    -1.000000
       254      0.444400     0.824500    -1.000000
       255      0.413900     0.769000    -1.000000
       256      0.472900     0.731200    -1.000000
       257      0.304400     0.887200    -1.000000
       258      0.283400     0.827900    -1.000000
       259      0.348600     0.798400    -1.000000
       260      0.154700     0.928200    -1.000000
       261      0.144000     0.870100    -1.000000
       262      0.213700     0.849000    -1.000000
       263      0.000000     0.950000    -1.000000
       264      0.000000     0.900000    -1.000000
       265      0.072000     0.885100    -1.000000
       266      0.499800     0.651300    -1.000000
       267      0.467800     0.609100    -1.000000
       268      0.512300     0.570700    -1.000000
       269      0.389300     0.721000    -1.000000
       270      0.364600     0.673100    -1.000000
       271      0.416200     0.641100    -1.000000
       272      0.266600     0.776300    -1.000000
       273      0.249800     0.724800    -1.000000
       274      0.307200     0.699000    -1.000000
       275      0.135500     0.818000    -1.000000
       276      0.126900     0.765800    -1.000000
       277      0.188400     0.745300    -1.000000
       278      0.000000     0.850000    -1.000000
       279      0.000000     0.800000    -1.000000
       280      0.063500     0.782900    -1.000000
       281      0.442000     0.572300    -1.000000
       282      0.416100     0.535500    -1.000000
       283      0.454100     0.504100    -1.000000
       284      0.345100     0.630300    -1.000000
       285      0.325600     0.587500    -1.000000
       286      0.370800     0.561500    -1.000000
       287      0.236600     0.677800    -1.000000
       288      0.223400     0.630900    -1.000000
       289      0.274500     0.609200    -1.000000
       290      0.120300     0.716600    -1.000000
       291      0.113600     0.667400    -1.000000
       292      0.168500     0.649100    -1.000000
       293      0.000000     0.750000    -1.000000
       294      0.000000     0.700000    -1.000000
       295      0.056800     0.683700    -1.000000
       296      0.396600     0.502700    -1.000000
       297      0.377100     0.470000    -1.000000
       298      0.408600     0.447400    -1.000000
       299      0.311100     0.547900    -1.000000
       300      0.296600     0.508300    -1.000000
       301      0.336900     0.489100    -1.000000
       302      0.213700     0.586400    -1.000000
       303      0.204000     0.541900    -1.000000
       304      0.250300     0.525100    -1.000000
       305      0.108700     0.619700    -1.000000
       306      0.103800     0.572000    -1.000000
       307      0.153900     0.556900    -1.000000
       308      0.000000     0.650000    -1.000000
       309      0.000000     0.600000    -1.000000
       310      0.051900     0.586000    -1.000000
       311      0.365400     0.439700    -1.000000
       312      0.287800     0.470000    -1.000000
       313      0.197800     0.498400    -1.000000
       314      0.100600     0.524900    -1.000000
       315      0.000000     0.550000    -1.000000
       316     -0.048700     0.488900    -1.000000
       317     -0.097400     0.477700    -1.000000
       318     -0.095800     0.430600    -1.000000
       319     -0.094300     0.383500    -1.000000
       320     -0.047100     0.391700    -1.000000
       321     -0.094000     0.336000    -1.000000
       322     -0.093800     0.288600    -1.000000
       323     -0.046900     0.294300    -1.000000
       324     -0.094400     0.240700    -1.000000
       325     -0.095000     0.192900    -1.000000
       326     -0.047500     0.196400    -1.000000
       327     -0.096100     0.144700    -1.000000
       328     -0.097300     0.096600    -1.000000
       329     -0.048600     0.098300    -1.000000
       330     -0.098600     0.048300    -1.000000
       331     -0.100000     0.000000    -1.000000
       332     -0.050000     0.000000    -1.000000
       333     -0.144500     0.466300    -1.000000
       334     -0.191600     0.454900    -1.000000
       335     -0.188900     0.411200    -1.000000
       336     -0.186300     0.367400    -1.000000
       337     -0.140300     0.375500    -1.000000
       338     -0.186100     0.322700    -1.000000
       339     -0.186000     0.278000    -1.000000
       340     -0.139900     0.283300    -1.000000
       341     -0.187600     0.232300    -1.000000
       342     -0.189200     0.186600    -1.000000
       343     -0.142100     0.189700    -1.000000
       344     -0.191700     0.140100    -1.000000
       345     -0.194200     0.093600    -1.000000
       346     -0.145700     0.095100    -1.000000
       347     -0.197100     0.046800    -1.000000
       348     -0.200000     0.000000    -1.000000
       349     -0.150000     0.000000    -1.000000
       350     -0.235300     0.443300    -1.000000
       351     -0.279000     0.431700    -1.000000
       352     -0.276100     0.392300    -1.000000
       353     -0.273200     0.352900    -1.000000
       354     -0.229700     0.360200    -1.000000
       355     -0.274300     0.311200    -1.000000
       356     -0.275400     0.269500    -1.000000
       357     -0.230700     0.273800    -1.000000
       358     -0.278600     0.225800    -1.000000
       359     -0.281800     0.182000    -1.000000
       360     -0.235500     0.184300    -1.000000
       361     -0.286100     0.136800    -1.000000
       362     -0.290500     0.091700    -1.000000
       363     -0.242300     0.092700    -1.000000
       364     -0.295200     0.045800    -1.000000
       365     -0.300000     0.000000    -1.000000
       366     -0.250000     0.000000    -1.000000
       367     -0.316300     0.420600    -1.000000
       368     -0.353700     0.409500    -1.000000
       369     -0.353000     0.376000    -1.000000
       370     -0.352300     0.342500    -1.000000
       371     -0.312800     0.347700    -1.000000
       372     -0.356300     0.303900    -1.000000
       373     -0.360300     0.265300    -1.000000
       374     -0.317800     0.267400    -1.000000
       375     -0.366400     0.223000    -1.000000
       376     -0.372400     0.180600    -1.000000
       377     -0.327100     0.181300    -1.000000
       378     -0.379200     0.136000    -1.000000
       379     -0.386000     0.091400    -1.000000
       380     -0.338200     0.091500    -1.000000
       381     -0.393000     0.045700    -1.000000
       382     -0.400000     0.000000    -1.000000
       383     -0.350000     0.000000    -1.000000
       384     -0.379500     0.400900    -1.000000
       385     -0.405400     0.392300    -1.000000
       386     -0.413200     0.366900    -1.000000
       387     -0.420900     0.341500    -1.000000
       388     -0.386600     0.342000    -1.000000
       389     -0.430800     0.305100    -1.000000
       390     -0.440800     0.268700    -1.000000
       391     -0.400500     0.267000    -1.000000
       392     -0.450900     0.226400    -1.000000
       393     -0.461100     0.184200    -1.000000
       394     -0.416700     0.182400    -1.000000
       395     -0.470900     0.138800    -1.000000
       396     -0.480800     0.093500    -1.000000
       397     -0.433400     0.092400    -1.000000
       398     -0.490400     0.046700    -1.000000
       399     -0.500000     0.000000    -1.000000
       400     -0.450000     0.000000    -1.000000
       401     -0.600000     0.000000    -1.000000
       402     -0.550000     0.000000    -1.000000
       403     -0.528200     0.096000    -1.000000
       404     -0.575600     0.098500    -1.000000
       405     -0.587800     0.049300    -1.000000
       406     -0.700000     0.000000    -1.000000
       407     -0.650000     0.000000    -1.000000
       408     -0.623600     0.102500    -1.000000
       409     -0.671600     0.106600    -1.000000
       410     -0.685800     0.053300    -1.000000
       411     -0.800000     0.000000    -1.000000
       412     -0.750000     0.000000    -1.000000
       413     -0.720900     0.111900    -1.000000
       414     -0.770200     0.117300    -1.000000
       415     -0.785100     0.058600    -1.000000
       416     -0.900000     0.000000    -1.000000
       417     -0.850000     0.000000    -1.000000
       418     -0.821800     0.123800    -1.000000
       419     -0.873400     0.130300    -1.000000
       420     -0.886700     0.065100    -1.000000
       421     -0.950000     0.000000    -1.000000
       422     -0.928800     0.137800    -1.000000
       423     -0.505200     0.189200    -1.000000
       424     -0.549300     0.194100    -1.000000
       425     -0.562500     0.146300    -1.000000
       426     -0.594400     0.202200    -1.000000
       427     -0.639600     0.210300    -1.000000
       428     -0.655600     0.158400    -1.000000
       429     -0.687200     0.221100    -1.000000
       430     -0.734800     0.232000    -1.000000
       431     -0.752500     0.174600    -1.000000
       432     -0.786600     0.245200    -1.000000
       433     -0.838400     0.258400    -1.000000
       434     -0.855900     0.194400    -1.000000
       435     -0.897300     0.273800    -1.000000
       436     -0.480000     0.276000    -1.000000
       437     -0.519200     0.283400    -1.000000
       438     -0.534200     0.238700    -1.000000
       439     -0.559900     0.295800    -1.000000
       440     -0.600700     0.308200    -1.000000
       441     -0.620100     0.259200    -1.000000
       442     -0.644900     0.324800    -1.000000
       443     -0.689100     0.341400    -1.000000
       444     -0.711900     0.286700    -1.000000
       445     -0.738700     0.361700    -1.000000
       446     -0.788400     0.382000    -1.000000
       447     -0.813400     0.320200    -1.000000
       448     -0.846300     0.405900    -1.000000
       449     -0.452400     0.351700    -1.000000
       450     -0.483800     0.361900    -1.000000
       451     -0.501500     0.322600    -1.000000
       452     -0.518100     0.379300    -1.000000
       453     -0.552400     0.396700    -1.000000
       454     -0.576500     0.352500    -1.000000
       455     -0.591300     0.419600    -1.000000
       456     -0.630300     0.442400    -1.000000
       457     -0.659700     0.391900    -1.000000
       458     -0.675300     0.470100    -1.000000
       459     -0.720400     0.497800    -1.000000
       460     -0.754400     0.439900    -1.000000
       461     -0.773600     0.530600    -1.000000
       462     -0.422800     0.408500    -1.000000
       463     -0.440100     0.424700    -1.000000
       464     -0.461900     0.393300    -1.000000
       465     -0.466100     0.448800    -1.000000
       466     -0.492000     0.472800    -1.000000
       467     -0.522200     0.434800    -1.000000
       468     -0.524400     0.502500    -1.000000
       469     -0.556700     0.532200    -1.000000
       470     -0.593500     0.487300    -1.000000
       471     -0.595600     0.567400    -1.000000
       472     -0.634500     0.602500    -1.000000
       473     -0.677500     0.550200    -1.000000
       474     -0.681200     0.644000    -1.000000
       475     -0.583200     0.648000    -1.000000
       476     -0.531800     0.693500    -1.000000
       477     -0.570800     0.742700    -1.000000
       478     -0.472900     0.731200    -1.000000
       479     -0.413900     0.769000    -1.000000
       480     -0.444400     0.824500    -1.000000
       481     -0.348600     0.798400    -1.000000
       482     -0.283400     0.827900    -1.000000
       483     -0.304400     0.887200    -1.000000
       484     -0.213700     0.849000    -1.000000
       485     -0.144000     0.870100    -1.000000
       486     -0.154700     0.928200    -1.000000
       487     -0.072000     0.885100    -1.000000
       488     -0.512300     0.570700    -1.000000
       489     -0.467800     0.609100    -1.000000
       490     -0.499800     0.651300    -1.000000
       491     -0.416200     0.641100    -1.000000
       492     -0.364600     0.673100    -1.000000
       493     -0.389300     0.721000    -1.000000
       494     -0.307200     0.699000    -1.000000
       495     -0.249800     0.724800    -1.000000
       496     -0.266600     0.776300    -1.000000
       497     -0.188400     0.745300    -1.000000
       498     -0.126900     0.765800    -1.000000
       499     -0.135500     0.818000    -1.000000
       500     -0.063500     0.782900    -1.000000
       501     -0.454100     0.504100    -1.000000
       502     -0.416100     0.535500    -1.000000
       503     -0.442000     0.572300    -1.000000
       504     -0.370800     0.561500    -1.000000
       505     -0.325600     0.587500    -1.000000
       506     -0.345100     0.630300    -1.000000
       507     -0.274500     0.609200    -1.000000
       508     -0.223400     0.630900    -1.000000
       509     -0.236600     0.677800    -1.000000
       510     -0.168500     0.649100    -1.000000
       511     -0.113600     0.667400    -1.000000
       512     -0.120300     0.716600    -1.000000
       513     -0.056800     0.683700    -1.000000
       514     -0.408600     0.447400    -1.000000
       515     -0.377100     0.470000    -1.000000
       516     -0.396600     0.502700    -1.000000
       517     -0.336900     0.489100    -1.000000
       518     -0.296600     0.508300    -1.000000
       519     -0.311100     0.547900    -1.000000
       520     -0.250300     0.525100    -1.000000
       521     -0.204000     0.541900    -1.000000
       522     -0.213700     0.586400    -1.000000
       523     -0.153900     0.556900    -1.000000
       524     -0.103800     0.572000    -1.000000
       525     -0.108700     0.619700    -1.000000
       526     -0.051900     0.586000    -1.000000
       527     -0.365400     0.439700    -1.000000
       528     -0.287800     0.470000    -1.000000
       529     -0.197800     0.498400    -1.000000
       530     -0.100600     0.524900    -1.000000
       531      0.000000    -0.400000    -1.000000
       532      0.000000    -0.450000    -1.000000
       533      0.000000    -0.500000    -1.000000
       534      0.048700    -0.488900    -1.000000
       535      0.097400    -0.477700    -1.000000
       536      0.095800    -0.430600    -1.000000
       537      0.094300    -0.383500    -1.000000
       538      0.047100    -0.391700    -1.000000
       539      0.000000    -0.300000    -1.000000
       540      0.000000    -0.350000    -1.000000
       541      0.094000    -0.336000    -1.000000
       542      0.093800    -0.288600    -1.000000
       543      0.046900    -0.294300    -1.000000
       544      0.000000    -0.200000    -1.000000
       545      0.000000    -0.250000    -1.000000
       546      0.094400    -0.240700    -1.000000
       547      0.095000    -0.192900    -1.000000
       548      0.047500    -0.196400    -1.000000
       549      0.000000    -0.100000    -1.000000
       550      0.000000    -0.150000    -1.000000
       551      0.096100    -0.144700    -1.000000
       552      0.097300    -0.096600    -1.000000
       553      0.048600    -0.098300    -1.000000
       554      0.000000    -0.050000    -1.000000
       555      0.098600    -0.048300    -1.000000
       556      0.144500    -0.466300    -1.000000
       557      0.191600    -0.454900    -1.000000
       558      0.188900    -0.411200    -1.000000
       559      0.186300    -0.367400    -1.000000
       560      0.140300    -0.375500    -1.000000
       561      0.186100    -0.322700    -1.000000
       562      0.186000    -0.278000    -1.000000
       563      0.139900    -0.283300    -1.000000
       564      0.187600    -0.232300    -1.000000
       565      0.189200    -0.186600    -1.000000
       566      0.142100    -0.189700    -1.000000
       567      0.191700    -0.140100    -1.000000
       568      0.194200    -0.093600    -1.000000
       569      0.145700    -0.095100    -1.000000
       570      0.197100    -0.046800    -1.000000
       571      0.235300    -0.443300    -1.000000
       572      0.279000    -0.431700    -1.000000
       573      0.276100    -0.392300    -1.000000
       574      0.273200    -0.352900    -1.000000
       575      0.229700    -0.360200    -1.000000
       576      0.274300    -0.311200    -1.000000
       577      0.275400    -0.269500    -1.000000
       578      0.230700    -0.273800    -1.000000
       579      0.278600    -0.225800    -1.000000
       580      0.281800    -0.182000    -1.000000
       581      0.235500    -0.184300    -1.000000
       582      0.286100    -0.136800    -1.000000
       583      0.290500    -0.091700    -1.000000
       584      0.242300    -0.092700    -1.000000
       585      0.295200    -0.045800    -1.000000
       586      0.316300    -0.420600    -1.000000
       587      0.353700    -0.409500    -1.000000
       588      0.353000    -0.376000    -1.000000
       589      0.352300    -0.342500    -1.000000
       590      0.312800    -0.347700    -1.000000
       591      0.356300    -0.303900    -1.000000
       592      0.360300    -0.265300    -1.000000
       593      0.317800    -0.267400    -1.000000
       594      0.366400    -0.223000    -1.000000
       595      0.372400    -0.180600    -1.000000
       596      0.327100    -0.181300    -1.000000
       597      0.379200    -0.136000    -1.000000
       598      0.386000    -0.091400    -1.000000
       599      0.338200    -0.091500    -1.000000
       600      0.393000    -0.045700    -1.000000
       601      0.379500    -0.400900    -1.000000
       602      0.405400    -0.392300    -1.000000
       603      0.413200    -0.366900    -1.000000
       604      0.420900    -0.341500    -1.000000
       605      0.386600    -0.342000    -1.000000
       606      0.430800    -0.305100    -1.000000
       607      0.440800    -0.268700    -1.000000
       608      0.400500    -0.267000    -1.000000
       609      0.450900    -0.226400    -1.000000
       610      0.461100    -0.184200    -1.000000
       611      0.416700    -0.182400    -1.000000
       612      0.470900    -0.138800    -1.000000
       613      0.480800    -0.093500    -1.000000
       614      0.433400    -0.092400    -1.000000
       615      0.490400    -0.046700    -1.000000
       616      0.528200    -0.096000    -1.000000
       617      0.575600    -0.098500    -1.000000
       618      0.587800    -0.049300    -1.000000
       619      0.623600    -0.102500    -1.000000
       620      0.671600    -0.106600    -1.000000
       621      0.685800    -0.053300    -1.000000
       622      0.720900    -0.111900    -1.000000
       623      0.770200    -0.117300    -1.000000
       624      0.785100    -0.058600    -1.000000
       625      0.821800    -0.123800    -1.000000
       626      0.873400    -0.130300    -1.000000
       627      0.886700    -0.065100    -1.000000
       628      0.928800    -0.137800    -1.000000
       629      0.505200    -0.189200    -1.000000
       630      0.549300    -0.194100    -1.000000
       631      0.562500    -0.146300    -1.000000
       632      0.594400    -0.202200    -1.000000
       633      0.639600    -0.210300    -1.000000
       634      0.655600    -0.158400    -1.000000
       635      0.687200    -0.221100    -1.000000
       636      0.734800    -0.232000    -1.000000
       637      0.752500    -0.174600    -1.000000
       638      0.786600    -0.245200    -1.000000
       639      0.838400    -0.258400    -1.000000
       640      0.855900    -0.194400    -1.000000
       641      0.897300    -0.273800    -1.000000
       642      0.480000    -0.276000    -1.000000
       643      0.519200    -0.283400    -1.000000
       644      0.534200    -0.238700    -1.000000
       645      0.559900    -0.295800    -1.000000
       646      0.600700    -0.308200    -1.000000
       647      0.620100    -0.259200    -1.000000
       648      0.644900    -0.324800    -1.000000
       649      0.689100    -0.341400    -1.000000
       650      0.711900    -0.286700    -1.000000
       651      0.738700    -0.361700    -1.000000
       652      0.788400    -0.382000    -1.000000
       653      0.813400    -0.320200    -1.000000
       654      0.846300    -0.405900    -1.000000
       655      0.452400    -0.351700    -1.000000
       656      0.483800    -0.361900    -1.000000
       657      0.501500    -0.322600    -1.000000
       658      0.518100    -0.379300    -1.000000
       659      0.552400    -0.396700    -1.000000
       660      0.576500    -0.352500    -1.000000
       661      0.591300    -0.419600    -1.000000
       662      0.630300    -0.442400    -1.000000
       663      0.659700    -0.391900    -1.000000
       664      0.675300    -0.470100    -1.000000
       665      0.720400    -0.497800    -1.000000
       666      0.754400    -0.439900    -1.000000
       667      0.773600    -0.530600    -1.000000
       668      0.422800    -0.408500    -1.000000
       669      0.440100    -0.424700    -1.000000
       670      0.461900    -0.393300    -1.000000
       671      0.466100    -0.448800    -1.000000
       672      0.492000    -0.472800    -1.000000
       673      0.522200    -0.434800    -1.000000
       674      0.524400    -0.502500    -1.000000
       675      0.556700    -0.532200    -1.000000
       676      0.593500    -0.487300    -1.000000
       677      0.595600    -0.567400    -1.000000
       678      0.634500    -0.602500    -1.000000
       679      0.677500    -0.550200    -1.000000
       680      0.681200    -0.644000    -1.000000
       681      0.583200    -0.648000    -1.000000
       682      0.531800    -0.693500    -1.000000
       683      0.570800    -0.742700    -1.000000
       684      0.472900    -0.731200    -1.000000
       685      0.413900    -0.769000    -1.000000
       686      0.444400    -0.824500    -1.000000
       687      0.348600    -0.798400    -1.000000
       688      0.283400    -0.827900    -1.000000
       689      0.304400    -0.887200    -1.000000
       690      0.213700    -0.849000    -1.000000
       691      0.144000    -0.870100    -1.000000
       692      0.154700    -0.928200    -1.000000
       693      0.072000    -0.885100    -1.000000
       694      0.000000    -0.900000    -1.000000
       695      0.000000    -0.950000    -1.000000
       696      0.512300    -0.570700    -1.000000
       697      0.467800    -0.609100    -1.000000
       698      0.499800    -0.651300    -1.000000
       699      0.416200    -0.641100    -1.000000
       700      0.364600    -0.673100    -1.000000
       701      0.389300    -0.721000    -1.000000
       702      0.307200    -0.699000    -1.000000
       703      0.249800    -0.724800    -1.000000
       704      0.266600    -0.776300    -1.000000
       705      0.188400    -0.745300    -1.000000
       706      0.126900    -0.765800    -1.000000
       707      0.135500    -0.818000    -1.000000
       708      0.063500    -0.782900    -1.000000
       709      0.000000    -0.800000    -1.000000
       710      0.000000    -0.850000    -1.000000
       711      0.454100    -0.504100    -1.000000
       712      0.416100    -0.535500    -1.000000
       713      0.442000    -0.572300    -1.000000
       714      0.370800    -0.561500    -1.000000
       715      0.325600    -0.587500    -1.000000
       716      0.345100    -0.630300    -1.000000
       717      0.274500    -0.609200    -1.000000
       718      0.223400    -0.630900    -1.000000
       719      0.236600    -0.677800    -1.000000
       720      0.168500    -0.649100    -1.000000
       721      0.113600    -0.667400    -1.000000
       722      0.120300    -0.716600    -1.000000
       723      0.056800    -0.683700    -1.000000
       724      0.000000    -0.700000    -1.000000
       725      0.000000    -0.750000    -1.000000
       726      0.408600    -0.447400    -1.000000
       727      0.377100    -0.470000    -1.000000
       728      0.396600    -0.502700    -1.000000
       729      0.336900    -0.489100    -1.000000
       730      0.296600    -0.508300    -1.000000
       731      0.311100    -0.547900    -1.000000
       732      0.250300    -0.525100    -1.000000
       733      0.204000    -0.541900    -1.000000
       734      0.213700    -0.586400    -1.000000
       735      0.153900    -0.556900    -1.000000
       736      0.103800    -0.572000    -1.000000
       737      0.108700    -0.619700    -1.000000
       738      0.051900    -0.586000    -1.000000
       739      0.000000    -0.600000    -1.000000
       740      0.000000    -0.650000    -1.000000
       741      0.365400    -0.439700    -1.000000
       742      0.287800    -0.470000    -1.000000
       743      0.197800    -0.498400    -1.000000
       744      0.100600    -0.524900    -1.000000
       745      0.000000    -0.550000    -1.000000
       746     -0.047100    -0.391700    -1.000000
       747     -0.094300    -0.383500    -1.000000
       748     -0.095800    -0.430600    -1.000000
       749     -0.097400    -0.477700    -1.000000
       750     -0.048700    -0.488900    -1.000000
       751     -0.046900    -0.294300    -1.000000
       752     -0.093800    -0.288600    -1.000000
       753     -0.094000    -0.336000    -1.000000
       754     -0.047500    -0.196400    -1.000000
       755     -0.095000    -0.192900    -1.000000
       756     -0.094400    -0.240700    -1.000000
       757     -0.048600    -0.098300    -1.000000
       758     -0.097300    -0.096600    -1.000000
       759     -0.096100    -0.144700    -1.000000
       760     -0.098600    -0.048300    -1.000000
       761     -0.140300    -0.375500    -1.000000
       762     -0.186300    -0.367400    -1.000000
       763     -0.188900    -0.411200    -1.000000
       764     -0.191600    -0.454900    -1.000000
       765     -0.144500    -0.466300    -1.000000
       766     -0.139900    -0.283300    -1.000000
       767     -0.186000    -0.278000    -1.000000
       768     -0.186100    -0.322700    -1.000000
       769     -0.142100    -0.189700    -1.000000
       770     -0.189200    -0.186600    -1.000000
       771     -0.187600    -0.232300    -1.000000
       772     -0.145700    -0.095100    -1.000000
       773     -0.194200    -0.093600    -1.000000
       774     -0.191700    -0.140100    -1.000000
       775     -0.197100    -0.046800    -1.000000
       776     -0.229700    -0.360200    -1.000000
       777     -0.273200    -0.352900    -1.000000
       778     -0.276100    -0.392300    -1.000000
       779     -0.279000    -0.431700    -1.000000
       780     -0.235300    -0.443300    -1.000000
       781     -0.230700    -0.273800    -1.000000
       782     -0.275400    -0.269500    -1.000000
       783     -0.274300    -0.311200    -1.000000
       784     -0.235500    -0.184300    -1.000000
       785     -0.281800    -0.182000    -1.000000
       786     -0.278600    -0.225800    -1.000000
       787     -0.242300    -0.092700    -1.000000
       788     -0.290500    -0.091700    -1.000000
       789     -0.286100    -0.136800    -1.000000
       790     -0.295200    -0.045800    -1.000000
       791     -0.312800    -0.347700    -1.000000
       792     -0.352300    -0.342500    -1.000000
       793     -0.353000    -0.376000    -1.000000
       794     -0.353700    -0.409500    -1.000000
       795     -0.316300    -0.420600    -1.000000
       796     -0.317800    -0.267400    -1.000000
       797     -0.360300    -0.265300    -1.000000
       798     -0.356300    -0.303900    -1.000000
       799     -0.327100    -0.181300    -1.000000
       800     -0.372400    -0.180600    -1.000000
       801     -0.366400    -0.223000    -1.000000
       802     -0.338200    -0.091500    -1.000000
       803     -0.386000    -0.091400    -1.000000
       804     -0.379200    -0.136000    -1.000000
       805     -0.393000    -0.045700    -1.000000
       806     -0.386600    -0.342000    -1.000000
       807     -0.420900    -0.341500    -1.000000
       808     -0.413200    -0.366900    -1.000000
       809     -0.405400    -0.392300    -1.000000
       810     -0.379500    -0.400900    -1.000000
       811     -0.400500    -0.267000    -1.000000
       812     -0.440800    -0.268700    -1.000000
       813     -0.430800    -0.305100    -1.000000
       814     -0.416700    -0.182400    -1.000000
       815     -0.461100    -0.184200    -1.000000
       816     -0.450900    -0.226400    -1.000000
       817     -0.433400    -0.092400    -1.000000
       818     -0.480800    -0.093500    -1.000000
       819     -0.470900    -0.138800    -1.000000
       820     -0.490400    -0.046700    -1.000000
       821     -0.587800    -0.049300    -1.000000
       822     -0.575600    -0.098500    -1.000000
       823     -0.528200    -0.096000    -1.000000
       824     -0.685800    -0.053300    -1.000000
       825     -0.671600    -0.106600    -1.000000
       826     -0.623600    -0.102500    -1.000000
       827     -0.785100    -0.058600    -1.000000
       828     -0.770200    -0.117300    -1.000000
       829     -0.720900    -0.111900    -1.000000
       830     -0.886700    -0.065100    -1.000000
       831     -0.873400    -0.130300    -1.000000
       832     -0.821800    -0.123800    -1.000000
       833     -0.928800    -0.137800    -1.000000
       834     -0.562500    -0.146300    -1.000000
       835     -0.549300    -0.194100    -1.000000
       836     -0.505200    -0.189200    -1.000000
       837     -0.655600    -0.158400    -1.000000
       838     -0.639600    -0.210300    -1.000000
       839     -0.594400    -0.202200    -1.000000
       840     -0.752500    -0.174600    -1.000000
       841     -0.734800    -0.232000    -1.000000
       842     -0.687200    -0.221100    -1.000000
       843     -0.855900    -0.194400    -1.000000
       844     -0.838400    -0.258400    -1.000000
       845     -0.786600    -0.245200    -1.000000
       846     -0.897300    -0.273800    -1.000000
       847     -0.534200    -0.238700    -1.000000
       848     -0.519200    -0.283400    -1.000000
       849     -0.480000    -0.276000    -1.000000
       850     -0.620100    -0.259200    -1.000000
       851     -0.600700    -0.308200    -1.000000
       852     -0.559900    -0.295800    -1.000000
       853     -0.711900    -0.286700    -1.000000
       854     -0.689100    -0.341400    -1.000000
       855     -0.644900    -0.324800    -1.000000
       856     -0.813400    -0.320200    -1.000000
       857     -0.788400    -0.382000    -1.000000
       858     -0.738700    -0.361700    -1.000000
       859     -0.846300    -0.405900    -1.000000
       860     -0.501500    -0.322600    -1.000000
       861     -0.483800    -0.361900    -1.000000
       862     -0.452400    -0.351700    -1.000000
       863     -0.576500    -0.352500    -1.000000
       864     -0.552400    -0.396700    -1.000000
       865     -0.518100    -0.379300    -1.000000
       866     -0.659700    -0.391900    -1.000000
       867     -0.630300    -0.442400    -1.000000
       868     -0.591300    -0.419600    -1.000000
       869     -0.754400    -0.439900    -1.000000
       870     -0.720400    -0.497800    -1.000000
       871     -0.675300    -0.470100    -1.000000
       872     -0.773600    -0.530600    -1.000000
       873     -0.461900    -0.393300    -1.000000
       874     -0.440100    -0.424700    -1.000000
       875     -0.422800    -0.408500    -1.000000
       876     -0.522200    -0.434800    -1.000000
       877     -0.492000    -0.472800    -1.000000
       878     -0.466100    -0.448800    -1.000000
       879     -0.593500    -0.487300    -1.000000
       880     -0.556700    -0.532200    -1.000000
       881     -0.524400    -0.502500    -1.000000
       882     -0.677500    -0.550200    -1.000000
       883     -0.634500    -0.602500    -1.000000
       884     -0.595600    -0.567400    -1.000000
       885     -0.681200    -0.644000    -1.000000
       886     -0.570800    -0.742700    -1.000000
       887     -0.531800    -0.693500    -1.000000
       888     -0.583200    -0.648000    -1.000000
       889     -0.444400    -0.824500    -1.000000
       890     -0.413900    -0.769000    -1.000000
       891     -0.472900    -0.731200    -1.000000
       892     -0.304400    -0.887200    -1.000000
       893     -0.283400    -0.827900    -1.000000
       894     -0.348600    -0.798400    -1.000000
       895     -0.154700    -0.928200    -1.000000
       896     -0.144000    -0.870100    -1.000000
       897     -0.213700    -0.849000    -1.000000
       898     -0.072000    -0.885100    -1.000000
       899     -0.499800    -0.651300    -1.000000
       900     -0.467800    -0.609100    -1.000000
       901     -0.512300    -0.570700    -1.000000
       902     -0.389300    -0.721000    -1.000000
       903     -0.364600    -0.673100    -1.000000
       904     -0.416200    -0.641100    -1.000000
       905     -0.266600    -0.776300    -1.000000
       906     -0.249800    -0.724800    -1.000000
       907     -0.307200    -0.699000    -1.000000
       908     -0.135500    -0.818000    -1.000000
       909     -0.126900    -0.765800    -1.000000
       910     -0.188400    -0.745300    -1.000000
       911     -0.063500    -0.782900    -1.000000
       912     -0.442000    -0.572300    -1.000000
       913     -0.416100    -0.535500    -1.000000
       914     -0.454100    -0.504100    -1.000000
       915     -0.345100    -0.630300    -1.000000
       916     -0.325600    -0.587500    -1.000000
       917     -0.370800    -0.561500    -1.000000
       918     -0.236600    -0.677800    -1.000000
       919     -0.223400    -0.630900    -1.000000
       920     -0.274500    -0.609200    -1.000000
       921     -0.120300    -0.716600    -1.000000
       922     -0.113600    -0.667400    -1.000000
       923     -0.168500    -0.649100    -1.000000
       924     -0.056800    -0.683700    -1.000000
       925     -0.396600    -0.502700    -1.000000
       926     -0.377100    -0.470000    -1.000000
       927     -0.408600    -0.447400    -1.000000
       928     -0.311100    -0.547900    -1.000000
       929     -0.296600    -0.508300    -1.000000
       930     -0.336900    -0.489100    -1.000000
       931     -0.213700    -0.586400    -1.000000
       932     -0.204000    -0.541900    -1.000000
       933     -0.250300    -0.525100    -1.000000
       934     -0.108700    -0.619700    -1.000000
       935     -0.103800    -0.572000    -1.000000
       936     -0.153900    -0.556900    -1.000000
       937     -0.051900    -0.586000    -1.000000
       938     -0.365400    -0.439700    -1.000000
       939     -0.287800    -0.470000    -1.000000
       940     -0.197800    -0.498400    -1.000000
       941     -0.100600    -0.524900    -1.000000
