1.0   0.5
173
    1      1.0000      0.0000
    2      0.9914      0.1305
    3      0.9659      0.2588
    4      1.0975      0.2941
    5      1.2290      0.3293
    6      1.2615      0.1661
    7      1.2724      0.0000
    8      1.1362      0.0000
    9      0.9239      0.3827
   10      0.8660      0.5000
   11      0.9840      0.5681
   12      1.1019      0.6362
   13      1.1755      0.4869
   14      0.7934      0.6088
   15      0.7071      0.7071
   16      0.8034      0.8034
   17      0.8997      0.8997
   18      1.0094      0.7746
   19      0.6088      0.7934
   20      0.5000      0.8660
   21      0.5681      0.9840
   22      0.6362      1.1019
   23      0.7746      1.0094
   24      0.3827      0.9239
   25      0.2588      0.9659
   26      0.2941      1.0975
   27      0.3293      1.2290
   28      0.4869      1.1755
   29      0.1305      0.9914
   30      0.0000      1.0000
   31      0.0000      1.1362
   32      0.0000      1.2724
   33      0.1661      1.2615
   34      1.3632      0.3653
   35      1.4974      0.4012
   36      1.5369      0.2023
   37      1.5502      0.0000
   38      1.4113      0.0000
   39      1.2222      0.7056
   40      1.3425      0.7751
   41      1.4322      0.5932
   42      0.9979      0.9979
   43      1.0962      1.0962
   44      1.2299      0.9437
   45      0.7056      1.2222
   46      0.7751      1.3425
   47      0.9437      1.2299
   48      0.3653      1.3632
   49      0.4012      1.4974
   50      0.5932      1.4322
   51      0.0000      1.4113
   52      0.0000      1.5502
   53      0.2023      1.5369
   54      1.6342      0.4379
   55      1.7711      0.4746
   56      1.8179      0.2393
   57      1.8336      0.0000
   58      1.6919      0.0000
   59      1.4652      0.8459
   60      1.5879      0.9168
   61      1.6940      0.7017
   62      1.1963      1.1963
   63      1.2965      1.2965
   64      1.4547      1.1162
   65      0.8459      1.4652
   66      0.9168      1.5879
   67      1.1162      1.4547
   68      0.4379      1.6342
   69      0.4746      1.7711
   70      0.7017      1.6940
   71      0.0000      1.6919
   72      0.0000      1.8336
   73      0.2393      1.8179
   74      1.9107      0.5120
   75      2.0503      0.5494
   76      2.1045      0.2771
   77      2.1226      0.0000
   78      1.9781      0.0000
   79      1.7131      0.9891
   80      1.8382      1.0613
   81      1.9611      0.8123
   82      1.3987      1.3987
   83      1.5009      1.5009
   84      1.6840      1.2922
   85      0.9891      1.7131
   86      1.0613      1.8382
   87      1.2922      1.6840
   88      0.5120      1.9107
   89      0.5494      2.0503
   90      0.8123      1.9611
   91      0.0000      1.9781
   92      0.0000      2.1226
   93      0.2771      2.1045
   94      2.1927      0.5875
   95      2.3351      0.6257
   96      2.3968      0.3155
   97      2.4175      0.0000
   98      2.2700      0.0000
   99      1.9659      1.1350
  100      2.0936      1.2087
  101      2.2334      0.9251
  102      1.6052      1.6052
  103      1.7094      1.7094
  104      1.9179      1.4717
  105      1.1350      1.9659
  106      1.2087      2.0936
  107      1.4717      1.9179
  108      0.5875      2.1927
  109      0.6257      2.3351
  110      0.9251      2.2334
  111      0.0000      2.2700
  112      0.0000      2.4175
  113      0.3155      2.3968
  114      2.4803      0.6646
  115      2.6256      0.7035
  116      2.6949      0.3548
  117      2.7182      0.0000
  118      2.5678      0.0000
  119      2.2238      1.2839
  120      2.3540      1.3591
  121      2.5113      1.0402
  122      1.8157      1.8157
  123      1.9220      1.9220
  124      2.1565      1.6547
  125      1.2839      2.2238
  126      1.3591      2.3540
  127      1.6547      2.1565
  128      0.6646      2.4803
  129      0.7035      2.6256
  130      1.0402      2.5113
  131      0.0000      2.5678
  132      0.0000      2.7182
  133      0.3548      2.6949
  134      2.7737      0.7432
  135      2.9218      0.7829
  136      2.9990      0.3948
  137      3.0249      0.0000
  138      2.8716      0.0000
  139      2.4868      1.4358
  140      2.6197      1.5125
  141      2.7947      1.1576
  142      2.0305      2.0305
  143      2.1389      2.1389
  144      2.3998      1.8415
  145      1.4358      2.4868
  146      1.5125      2.6197
  147      1.8415      2.3998
  148      0.7432      2.7737
  149      0.7829      2.9218
  150      1.1576      2.7947
  151      0.0000      2.8716
  152      0.0000      3.0249
  153      0.3948      2.9990
  154      3.0730      0.8234
  155      3.2241      0.8639
  156      3.3092      0.4357
  157      3.3378      0.0000
  158      3.1814      0.0000
  159      2.7551      1.5907
  160      2.8906      1.6689
  161      3.0837      1.2773
  162      2.2496      2.2496
  163      2.3602      2.3602
  164      2.6481      2.0319
  165      1.5907      2.7551
  166      1.6689      2.8906
  167      2.0319      2.6481
  168      0.8234      3.0730
  169      0.8639      3.2241
  170      1.2773      3.0837
  171      0.0000      3.1814
  172      0.0000      3.3378
  173      0.4357      3.3092