   Elevation of diffraction waves
 Wave Number:   0.500   Wave Freq.:   1.505
    1.0000  0.0000    0.33923E+00 -0.35751E+00
    0.9914  0.1305    0.33555E+00 -0.35363E+00
    0.9659  0.2588    0.32468E+00 -0.34201E+00
    1.0975  0.2941    0.32467E+00 -0.34201E+00
    1.2290  0.3293    0.32468E+00 -0.34201E+00
    1.2615  0.1661    0.33555E+00 -0.35363E+00
    1.2724  0.0000    0.33923E+00 -0.35751E+00
    1.1362  0.0000    0.33923E+00 -0.35751E+00
    0.9239  0.3827    0.30708E+00 -0.32268E+00
    0.8660  0.5000    0.28356E+00 -0.29576E+00
    0.9840  0.5681    0.28357E+00 -0.29577E+00
    1.1019  0.6362    0.28356E+00 -0.29576E+00
    1.1755  0.4869    0.30709E+00 -0.32269E+00
    0.7934  0.6088    0.25516E+00 -0.26144E+00
    0.7071  0.7071    0.22311E+00 -0.22001E+00
    0.8034  0.8034    0.22311E+00 -0.22001E+00
    0.8997  0.8997    0.22311E+00 -0.22001E+00
    1.0094  0.7746    0.25515E+00 -0.26143E+00
    0.6088  0.7934    0.18880E+00 -0.17195E+00
    0.5000  0.8660    0.15369E+00 -0.11793E+00
    0.5681  0.9840    0.15368E+00 -0.11792E+00
    0.6362  1.1019    0.15369E+00 -0.11793E+00
    0.7746  1.0094    0.18881E+00 -0.17197E+00
    0.3827  0.9239    0.11918E+00 -0.58785E-01
    0.2588  0.9659    0.86600E-01  0.44251E-02
    0.2941  1.0975    0.86608E-01  0.44084E-02
    0.3293  1.2290    0.86601E-01  0.44229E-02
    0.4869  1.1755    0.11918E+00 -0.58779E-01
    0.1305  0.9914    0.57061E-01  0.70463E-01
    0.0000  1.0000    0.31433E-01  0.13796E+00
    0.0000  1.1362    0.31433E-01  0.13796E+00
    0.0000  1.2724    0.31433E-01  0.13796E+00
    0.1661  1.2615    0.57069E-01  0.70444E-01
    1.3632  0.3653    0.32467E+00 -0.34201E+00
    1.4974  0.4012    0.32468E+00 -0.34201E+00
    1.5369  0.2023    0.33555E+00 -0.35363E+00
    1.5502  0.0000    0.33923E+00 -0.35751E+00
    1.4113  0.0000    0.33923E+00 -0.35751E+00
    1.2222  0.7056    0.28357E+00 -0.29577E+00
    1.3425  0.7751    0.28356E+00 -0.29577E+00
    1.4322  0.5932    0.30709E+00 -0.32269E+00
    0.9979  0.9979    0.22311E+00 -0.22001E+00
    1.0962  1.0962    0.22311E+00 -0.22001E+00
    1.2299  0.9437    0.25516E+00 -0.26144E+00
    0.7056  1.2222    0.15368E+00 -0.11791E+00
    0.7751  1.3425    0.15369E+00 -0.11793E+00
    0.9437  1.2299    0.18880E+00 -0.17195E+00
    0.3653  1.3632    0.86608E-01  0.44085E-02
    0.4012  1.4974    0.86599E-01  0.44276E-02
    0.5932  1.4322    0.11918E+00 -0.58772E-01
    0.0000  1.4113    0.31433E-01  0.13796E+00
    0.0000  1.5502    0.31433E-01  0.13796E+00
    0.2023  1.5369    0.57061E-01  0.70465E-01
    1.6342  0.4379    0.32467E+00 -0.34201E+00
    1.7711  0.4746    0.32467E+00 -0.34201E+00
    1.8179  0.2393    0.33555E+00 -0.35363E+00
    1.8336  0.0000    0.33923E+00 -0.35751E+00
    1.6919  0.0000    0.33923E+00 -0.35751E+00
    1.4652  0.8459    0.28357E+00 -0.29577E+00
    1.5879  0.9168    0.28356E+00 -0.29576E+00
    1.6940  0.7017    0.30708E+00 -0.32268E+00
    1.1963  1.1963    0.22311E+00 -0.22001E+00
    1.2965  1.2965    0.22311E+00 -0.22001E+00
    1.4547  1.1162    0.25516E+00 -0.26144E+00
    0.8459  1.4652    0.15368E+00 -0.11792E+00
    0.9168  1.5879    0.15369E+00 -0.11793E+00
    1.1162  1.4547    0.18880E+00 -0.17195E+00
    0.4379  1.6342    0.86605E-01  0.44143E-02
    0.4746  1.7711    0.86607E-01  0.44101E-02
    0.7017  1.6940    0.11919E+00 -0.58787E-01
    0.0000  1.6919    0.31433E-01  0.13796E+00
    0.0000  1.8336    0.31433E-01  0.13796E+00
    0.2393  1.8179    0.57062E-01  0.70461E-01
    1.9107  0.5120    0.32467E+00 -0.34201E+00
    2.0503  0.5494    0.32467E+00 -0.34201E+00
    2.1045  0.2771    0.33555E+00 -0.35363E+00
    2.1226  0.0000    0.33923E+00 -0.35751E+00
    1.9781  0.0000    0.33923E+00 -0.35751E+00
    1.7131  0.9891    0.28356E+00 -0.29576E+00
    1.8382  1.0613    0.28356E+00 -0.29576E+00
    1.9611  0.8123    0.30709E+00 -0.32269E+00
    1.3987  1.3987    0.22311E+00 -0.22001E+00
    1.5009  1.5009    0.22311E+00 -0.22001E+00
    1.6840  1.2922    0.25515E+00 -0.26143E+00
    0.9891  1.7131    0.15369E+00 -0.11793E+00
    1.0613  1.8382    0.15369E+00 -0.11793E+00
    1.2922  1.6840    0.18880E+00 -0.17196E+00
    0.5120  1.9107    0.86606E-01  0.44121E-02
    0.5494  2.0503    0.86606E-01  0.44139E-02
    0.8123  1.9611    0.11918E+00 -0.58779E-01
    0.0000  1.9781    0.31433E-01  0.13796E+00
    0.0000  2.1226    0.31433E-01  0.13796E+00
    0.2771  2.1045    0.57069E-01  0.70444E-01
    2.1927  0.5875    0.32468E+00 -0.34201E+00
    2.3351  0.6257    0.32467E+00 -0.34201E+00
    2.3968  0.3155    0.33555E+00 -0.35363E+00
    2.4175  0.0000    0.33923E+00 -0.35751E+00
    2.2700  0.0000    0.33923E+00 -0.35751E+00
    1.9659  1.1350    0.28357E+00 -0.29577E+00
    2.0936  1.2087    0.28357E+00 -0.29577E+00
    2.2334  0.9251    0.30709E+00 -0.32269E+00
    1.6052  1.6052    0.22311E+00 -0.22001E+00
    1.7094  1.7094    0.22311E+00 -0.22001E+00
    1.9179  1.4717    0.25515E+00 -0.26143E+00
    1.1350  1.9659    0.15368E+00 -0.11792E+00
    1.2087  2.0936    0.15368E+00 -0.11792E+00
    1.4717  1.9179    0.18880E+00 -0.17196E+00
    0.5875  2.1927    0.86600E-01  0.44260E-02
    0.6257  2.3351    0.86604E-01  0.44169E-02
    0.9251  2.2334    0.11918E+00 -0.58781E-01
    0.0000  2.2700    0.31433E-01  0.13796E+00
    0.0000  2.4175    0.31433E-01  0.13796E+00
    0.3155  2.3968    0.57062E-01  0.70462E-01
    2.4803  0.6646    0.32467E+00 -0.34201E+00
    2.6256  0.7035    0.32468E+00 -0.34201E+00
    2.6949  0.3548    0.33555E+00 -0.35363E+00
    2.7182  0.0000    0.33923E+00 -0.35751E+00
    2.5678  0.0000    0.33923E+00 -0.35751E+00
    2.2238  1.2839    0.28357E+00 -0.29577E+00
    2.3540  1.3591    0.28356E+00 -0.29577E+00
    2.5113  1.0402    0.30709E+00 -0.32269E+00
    1.8157  1.8157    0.22311E+00 -0.22001E+00
    1.9220  1.9220    0.22311E+00 -0.22001E+00
    2.1565  1.6547    0.25516E+00 -0.26144E+00
    1.2839  2.2238    0.15368E+00 -0.11792E+00
    1.3591  2.3540    0.15369E+00 -0.11793E+00
    1.6547  2.1565    0.18880E+00 -0.17195E+00
    0.6646  2.4803    0.86604E-01  0.44182E-02
    0.7035  2.6256    0.86601E-01  0.44241E-02
    1.0402  2.5113    0.11918E+00 -0.58780E-01
    0.0000  2.5678    0.31433E-01  0.13796E+00
    0.0000  2.7182    0.31433E-01  0.13796E+00
    0.3548  2.6949    0.57066E-01  0.70451E-01
    2.7737  0.7432    0.32468E+00 -0.34201E+00
    2.9218  0.7829    0.32467E+00 -0.34201E+00
    2.9990  0.3948    0.33555E+00 -0.35363E+00
    3.0249  0.0000    0.33923E+00 -0.35751E+00
    2.8716  0.0000    0.33923E+00 -0.35751E+00
    2.4868  1.4358    0.28356E+00 -0.29576E+00
    2.6197  1.5125    0.28356E+00 -0.29577E+00
    2.7947  1.1576    0.30709E+00 -0.32269E+00
    2.0305  2.0305    0.22311E+00 -0.22001E+00
    2.1389  2.1389    0.22311E+00 -0.22001E+00
    2.3998  1.8415    0.25515E+00 -0.26143E+00
    1.4358  2.4868    0.15369E+00 -0.11793E+00
    1.5125  2.6197    0.15369E+00 -0.11793E+00
    1.8415  2.3998    0.18880E+00 -0.17196E+00
    0.7432  2.7737    0.86602E-01  0.44210E-02
    0.7829  2.9218    0.86604E-01  0.44183E-02
    1.1576  2.7947    0.11918E+00 -0.58782E-01
    0.0000  2.8716    0.31433E-01  0.13796E+00
    0.0000  3.0249    0.31433E-01  0.13796E+00
    0.3948  2.9990    0.57064E-01  0.70457E-01
    3.0730  0.8234    0.32468E+00 -0.34201E+00
    3.2241  0.8639    0.32467E+00 -0.34201E+00
    3.3092  0.4357    0.33555E+00 -0.35363E+00
    3.3378  0.0000    0.33923E+00 -0.35751E+00
    3.1814  0.0000    0.33923E+00 -0.35751E+00
    2.7551  1.5907    0.28356E+00 -0.29576E+00
    2.8906  1.6689    0.28356E+00 -0.29577E+00
    3.0837  1.2773    0.30709E+00 -0.32269E+00
    2.2496  2.2496    0.22311E+00 -0.22001E+00
    2.3602  2.3602    0.22311E+00 -0.22001E+00
    2.6481  2.0319    0.25516E+00 -0.26144E+00
    1.5907  2.7551    0.15369E+00 -0.11793E+00
    1.6689  2.8906    0.15369E+00 -0.11793E+00
    2.0319  2.6481    0.18880E+00 -0.17195E+00
    0.8234  3.0730    0.86602E-01  0.44204E-02
    0.8639  3.2241    0.86603E-01  0.44185E-02
    1.2773  3.0837    0.11918E+00 -0.58781E-01
    0.0000  3.1814    0.31433E-01  0.13796E+00
    0.0000  3.3378    0.31433E-01  0.13796E+00
    0.4357  3.3092    0.57068E-01  0.70447E-01
