   1.00000    0.00000
   0.99140    0.13050
   0.96590    0.25880
   1.09750    0.29410
   1.22900    0.32930
   1.26150    0.16610
   1.27240    0.00000
   1.13620    0.00000
   0.92390    0.38270
   0.86600    0.50000
   0.98400    0.56810
   1.10190    0.63620
   1.17550    0.48690
   0.79340    0.60880
   0.70710    0.70710
   0.80340    0.80340
   0.89970    0.89970
   1.00940    0.77460
   0.60880    0.79340
   0.50000    0.86600
   0.56810    0.98400
   0.63620    1.10190
   0.77460    1.00940
   0.38270    0.92390
   0.25880    0.96590
   0.29410    1.09750
   0.32930    1.22900
   0.48690    1.17550
   0.13050    0.99140
   0.00000    1.00000
   0.00000    1.13620
   0.00000    1.27240
   0.16610    1.26150
   1.36320    0.36530
   1.49740    0.40120
   1.53690    0.20230
   1.55020    0.00000
   1.41130    0.00000
   1.22220    0.70560
   1.34250    0.77510
   1.43220    0.59320
   0.99790    0.99790
   1.09620    1.09620
   1.22990    0.94370
   0.70560    1.22220
   0.77510    1.34250
   0.94370    1.22990
   0.36530    1.36320
   0.40120    1.49740
   0.59320    1.43220
   0.00000    1.41130
   0.00000    1.55020
   0.20230    1.53690
   1.63420    0.43790
   1.77110    0.47460
   1.81790    0.23930
   1.83360    0.00000
   1.69190    0.00000
   1.46520    0.84590
   1.58790    0.91680
   1.69400    0.70170
   1.19630    1.19630
   1.29650    1.29650
   1.45470    1.11620
   0.84590    1.46520
   0.91680    1.58790
   1.11620    1.45470
   0.43790    1.63420
   0.47460    1.77110
   0.70170    1.69400
   0.00000    1.69190
   0.00000    1.83360
   0.23930    1.81790
   1.91070    0.51200
   2.05030    0.54940
   2.10450    0.27710
   2.12260    0.00000
   1.97810    0.00000
   1.71310    0.98910
   1.83820    1.06130
   1.96110    0.81230
   1.39870    1.39870
   1.50090    1.50090
   1.68400    1.29220
   0.98910    1.71310
   1.06130    1.83820
   1.29220    1.68400
   0.51200    1.91070
   0.54940    2.05030
   0.81230    1.96110
   0.00000    1.97810
   0.00000    2.12260
   0.27710    2.10450
   2.19270    0.58750
   2.33510    0.62570
   2.39680    0.31550
   2.41750    0.00000
   2.27000    0.00000
   1.96590    1.13500
   2.09360    1.20870
   2.23340    0.92510
   1.60520    1.60520
   1.70940    1.70940
   1.91790    1.47170
   1.13500    1.96590
   1.20870    2.09360
   1.47170    1.91790
   0.58750    2.19270
   0.62570    2.33510
   0.92510    2.23340
   0.00000    2.27000
   0.00000    2.41750
   0.31550    2.39680
   2.48030    0.66460
   2.62560    0.70350
   2.69490    0.35480
   2.71820    0.00000
   2.56780    0.00000
   2.22380    1.28390
   2.35400    1.35910
   2.51130    1.04020
   1.81570    1.81570
   1.92200    1.92200
   2.15650    1.65470
   1.28390    2.22380
   1.35910    2.35400
   1.65470    2.15650
   0.66460    2.48030
   0.70350    2.62560
   1.04020    2.51130
   0.00000    2.56780
   0.00000    2.71820
   0.35480    2.69490
   2.77370    0.74320
   2.92180    0.78290
   2.99900    0.39480
   3.02490    0.00000
   2.87160    0.00000
   2.48680    1.43580
   2.61970    1.51250
   2.79470    1.15760
   2.03050    2.03050
   2.13890    2.13890
   2.39980    1.84150
   1.43580    2.48680
   1.51250    2.61970
   1.84150    2.39980
   0.74320    2.77370
   0.78290    2.92180
   1.15760    2.79470
   0.00000    2.87160
   0.00000    3.02490
   0.39480    2.99900
   3.07300    0.82340
   3.22410    0.86390
   3.30920    0.43570
   3.33780    0.00000
   3.18140    0.00000
   2.75510    1.59070
   2.89060    1.66890
   3.08370    1.27730
   2.24960    2.24960
   2.36020    2.36020
   2.64810    2.03190
   1.59070    2.75510
   1.66890    2.89060
   2.03190    2.64810
   0.82340    3.07300
   0.86390    3.22410
   1.27730    3.08370
   0.00000    3.18140
   0.00000    3.33780
   0.43570    3.30920
