   Elevation of total waves
 Wave Number:   0.500   Wave Freq.:   1.505
    1.0000  0.0000   -0.53835E+00 -0.83694E+00
    0.9914  0.1305   -0.54408E+00 -0.82928E+00
    0.9659  0.2588   -0.56095E+00 -0.80640E+00
    1.0975  0.2941   -0.52850E+00 -0.86363E+00
    1.2290  0.3293   -0.49239E+00 -0.91856E+00
    1.2615  0.1661   -0.47203E+00 -0.94338E+00
    1.2724  0.0000   -0.46513E+00 -0.95166E+00
    1.1362  0.0000   -0.50369E+00 -0.89554E+00
    0.9239  0.3827   -0.58810E+00 -0.76838E+00
    0.8660  0.5000   -0.62415E+00 -0.71536E+00
    0.9840  0.5681   -0.59782E+00 -0.76816E+00
    1.1019  0.6362   -0.56846E+00 -0.81926E+00
    1.1755  0.4869   -0.52510E+00 -0.87718E+00
    0.7934  0.6088   -0.66718E+00 -0.64781E+00
    0.7071  0.7071   -0.71504E+00 -0.56624E+00
    0.8034  0.8034   -0.69729E+00 -0.61099E+00
    0.8997  0.8997   -0.67741E+00 -0.65484E+00
    1.0094  0.7746   -0.62017E+00 -0.74497E+00
    0.6088  0.7934   -0.76523E+00 -0.47167E+00
    0.5000  0.8660   -0.81522E+00 -0.36533E+00
    0.5681  0.9840   -0.80625E+00 -0.39817E+00
    0.6362  1.1019   -0.79614E+00 -0.43069E+00
    0.7746  1.0094   -0.73712E+00 -0.54966E+00
    0.3827  0.9239   -0.86256E+00 -0.24897E+00
    0.2588  0.9659   -0.90504E+00 -0.12461E+00
    0.2941  1.0975   -0.90260E+00 -0.14211E+00
    0.3293  1.2290   -0.89987E+00 -0.15948E+00
    0.4869  1.1755   -0.85133E+00 -0.29983E+00
    0.1305  0.9914   -0.94081E+00  0.52592E-02
    0.0000  1.0000   -0.96857E+00  0.13796E+00
    0.0000  1.1362   -0.96857E+00  0.13796E+00
    0.0000  1.2724   -0.96857E+00  0.13796E+00
    0.1661  1.2615   -0.93948E+00 -0.12510E-01
    1.3632  0.3653   -0.45189E+00 -0.97204E+00
    1.4974  0.4012   -0.40790E+00 -0.10227E+01
    1.5369  0.2023   -0.38344E+00 -0.10487E+01
    1.5502  0.0000   -0.37512E+00 -0.10573E+01
    1.4113  0.0000   -0.42196E+00 -0.10060E+01
    1.2222  0.7056   -0.53545E+00 -0.86954E+00
    1.3425  0.7751   -0.49948E+00 -0.91773E+00
    1.4322  0.5932   -0.44728E+00 -0.97914E+00
    0.9979  0.9979   -0.65498E+00 -0.69851E+00
    1.0962  1.0962   -0.63041E+00 -0.74108E+00
    1.2299  0.9437   -0.56164E+00 -0.83836E+00
    0.7056  1.2222   -0.78473E+00 -0.46344E+00
    0.7751  1.3425   -0.77215E+00 -0.49585E+00
    0.9437  1.2299   -0.70193E+00 -0.62648E+00
    0.3653  1.3632   -0.89676E+00 -0.17723E+00
    0.4012  1.4974   -0.89335E+00 -0.19483E+00
    0.5932  1.4322   -0.83716E+00 -0.35104E+00
    0.0000  1.4113   -0.96857E+00  0.13796E+00
    0.0000  1.5502   -0.96857E+00  0.13796E+00
    0.2023  1.5369   -0.93783E+00 -0.30513E-01
    1.6342  0.4379   -0.35966E+00 -0.10712E+01
    1.7711  0.4746   -0.30819E+00 -0.11163E+01
    1.8179  0.2393   -0.27902E+00 -0.11425E+01
    1.8336  0.0000   -0.26913E+00 -0.11512E+01
    1.6919  0.0000   -0.32379E+00 -0.11061E+01
    1.4652  0.8459   -0.45987E+00 -0.96458E+00
    1.5879  0.9168   -0.41747E+00 -0.10089E+01
    1.6940  0.7017   -0.35515E+00 -0.10720E+01
    1.1963  1.1963   -0.60327E+00 -0.78312E+00
    1.2965  1.2965   -0.57404E+00 -0.82380E+00
    1.4547  1.1162   -0.49178E+00 -0.92633E+00
    0.8459  1.4652   -0.75820E+00 -0.52837E+00
    0.9168  1.5879   -0.74307E+00 -0.56044E+00
    1.1162  1.4547   -0.65947E+00 -0.70152E+00
    0.4379  1.6342   -0.88952E+00 -0.21279E+00
    0.4746  1.7711   -0.88537E+00 -0.23067E+00
    0.7017  1.6940   -0.81990E+00 -0.40248E+00
    0.0000  1.6919   -0.96857E+00  0.13796E+00
    0.0000  1.8336   -0.96857E+00  0.13796E+00
    0.2393  1.8179   -0.93579E+00 -0.48904E-01
    1.9107  0.5120   -0.25265E+00 -0.11585E+01
    2.0503  0.5494   -0.19430E+00 -0.11968E+01
    2.1045  0.2771   -0.16007E+00 -0.12222E+01
    2.1226  0.0000   -0.14851E+00 -0.12305E+01
    1.9781  0.0000   -0.21025E+00 -0.11930E+01
    1.7131  0.9891   -0.37149E+00 -0.10513E+01
    1.8382  1.0613   -0.32297E+00 -0.10908E+01
    1.9611  0.8123   -0.24948E+00 -0.11535E+01
    1.3987  1.3987   -0.54215E+00 -0.86373E+00
    1.5009  1.5009   -0.50828E+00 -0.90198E+00
    1.6840  1.2922   -0.41082E+00 -0.10074E+01
    0.9891  1.7131   -0.72649E+00 -0.59257E+00
    1.0613  1.8382   -0.70879E+00 -0.62402E+00
    1.2922  1.6840   -0.60964E+00 -0.77403E+00
    0.5120  1.9107   -0.88080E+00 -0.24880E+00
    0.5494  2.0503   -0.87590E+00 -0.26684E+00
    0.8123  1.9611   -0.79947E+00 -0.45385E+00
    0.0000  1.9781   -0.96857E+00  0.13796E+00
    0.0000  2.1226   -0.96857E+00  0.13796E+00
    0.2771  2.1045   -0.93335E+00 -0.67663E-01
    2.1927  0.5875   -0.13217E+00 -0.12316E+01
    2.3351  0.6257   -0.67732E-01 -0.12618E+01
    2.3968  0.3155   -0.28296E-01 -0.12851E+01
    2.4175  0.0000   -0.14956E-01 -0.12927E+01
    2.2700  0.0000   -0.82900E-01 -0.12640E+01
    1.9659  1.1350   -0.27100E+00 -0.11279E+01
    2.0936  1.2087   -0.21678E+00 -0.11616E+01
    2.2334  0.9251   -0.13156E+00 -0.12213E+01
    1.6052  1.6052   -0.47173E+00 -0.93917E+00
    1.7094  1.7094   -0.43334E+00 -0.97438E+00
    1.9179  1.4717   -0.31923E+00 -0.10800E+01
    1.1350  1.9659   -0.68956E+00 -0.65545E+00
    1.2087  2.0936   -0.66919E+00 -0.68615E+00
    1.4717  1.9179   -0.55246E+00 -0.84318E+00
    0.5875  2.1927   -0.87057E+00 -0.28512E+00
    0.6257  2.3351   -0.86486E+00 -0.30335E+00
    0.9251  2.2334   -0.77574E+00 -0.50501E+00
    0.0000  2.2700   -0.96857E+00  0.13796E+00
    0.0000  2.4175   -0.96857E+00  0.13796E+00
    0.3155  2.3968   -0.93052E+00 -0.86635E-01
    2.4803  0.6646    0.20144E-04 -0.12878E+01
    2.6256  0.7035    0.69532E-01 -0.13089E+01
    2.6949  0.3548    0.11406E+00 -0.13288E+01
    2.7182  0.0000    0.12911E+00 -0.13352E+01
    2.5678  0.0000    0.56255E-01 -0.13166E+01
    2.2238  1.2839   -0.15939E+00 -0.11923E+01
    2.3540  1.3591   -0.10013E+00 -0.12192E+01
    2.5113  1.0402   -0.28695E-02 -0.12734E+01
    1.8157  1.8157   -0.39234E+00 -0.10082E+01
    1.9220  1.9220   -0.34959E+00 -0.10398E+01
    2.1565  1.6547   -0.21771E+00 -0.11426E+01
    1.2839  2.2238   -0.64725E+00 -0.71668E+00
    1.3591  2.3540   -0.62417E+00 -0.74637E+00
    1.6547  2.1565   -0.48803E+00 -0.90809E+00
    0.6646  2.4803   -0.85869E+00 -0.32180E+00
    0.7035  2.6256   -0.85217E+00 -0.34012E+00
    1.0402  2.5113   -0.74859E+00 -0.55575E+00
    0.0000  2.5678   -0.96857E+00  0.13796E+00
    0.0000  2.7182   -0.96857E+00  0.13796E+00
    0.3548  2.6949   -0.92724E+00 -0.10602E+00
    2.7737  0.7432    0.14176E+00 -0.13251E+01
    2.9218  0.7829    0.21500E+00 -0.13360E+01
    2.9990  0.3948    0.26432E+00 -0.13511E+01
    3.0249  0.0000    0.28092E+00 -0.13558E+01
    2.8716  0.0000    0.20465E+00 -0.13484E+01
    2.4868  1.4358   -0.38016E-01 -0.12426E+01
    2.6197  1.5125    0.25570E-01 -0.12619E+01
    2.7947  1.1576    0.13451E+00 -0.13077E+01
    2.0305  2.0305   -0.30430E+00 -0.10696E+01
    2.1389  2.1389   -0.25750E+00 -0.10969E+01
    2.3998  1.8415   -0.10730E+00 -0.11934E+01
    1.4358  2.4868   -0.59950E+00 -0.77573E+00
    1.5125  2.6197   -0.57373E+00 -0.80412E+00
    1.8415  2.3998   -0.41642E+00 -0.96802E+00
    0.7432  2.7737   -0.84515E+00 -0.35869E+00
    0.7829  2.9218   -0.83775E+00 -0.37711E+00
    1.1576  2.7947   -0.71794E+00 -0.60580E+00
    0.0000  2.8716   -0.96857E+00  0.13796E+00
    0.0000  3.0249   -0.96857E+00  0.13796E+00
    0.3948  2.9990   -0.92352E+00 -0.12566E+00
    3.0730  0.8234    0.29039E+00 -0.13414E+01
    3.2241  0.8639    0.36592E+00 -0.13412E+01
    3.3092  0.4357    0.41926E+00 -0.13501E+01
    3.3378  0.0000    0.43718E+00 -0.13527E+01
    3.1814  0.0000    0.35913E+00 -0.13573E+01
    2.7551  1.5907    0.91517E-01 -0.12771E+01
    2.8906  1.6689    0.15840E+00 -0.12879E+01
    3.0837  1.2773    0.27814E+00 -0.13223E+01
    2.2496  2.2496   -0.20825E+00 -0.11222E+01
    2.3602  2.3602   -0.15773E+00 -0.11447E+01
    2.6481  2.0319    0.10910E-01 -0.12312E+01
    1.5907  2.7551   -0.54635E+00 -0.83204E+00
    1.6689  2.8906   -0.51790E+00 -0.85885E+00
    2.0319  2.6481   -0.33802E+00 -0.10219E+01
    0.8234  3.0730   -0.82984E+00 -0.39575E+00
    0.8639  3.2241   -0.82155E+00 -0.41422E+00
    1.2773  3.0837   -0.68372E+00 -0.65489E+00
    0.0000  3.1814   -0.96857E+00  0.13796E+00
    0.0000  3.3378   -0.96857E+00  0.13796E+00
    0.4357  3.3092   -0.91930E+00 -0.14568E+00
