     1   -0.10345913
     2   -0.03613945
     3    0.05281921
     4    0.03045625
     5   -0.00245806
     6   -0.09005868
     7   -0.16356209
     8   -0.12400936
     9    0.16741535
    10    0.29298750
    11    0.25089584
    12    0.20870081
    13    0.09967761
    14    0.42315418
    15    0.54401399
    16    0.46998439
    17    0.40492097
    18    0.31073044
    19    0.64367299
    20    0.71841054
    21    0.59931655
    22    0.50152496
    23    0.47459632
    24    0.76098469
    25    0.77543878
    26    0.60911007
    27    0.47944368
    28    0.51023121
    29   -0.04226227
    30   -0.08319364
    31   -0.16750237
    32   -0.24055184
    33   -0.20511389
    34    0.16222377
    35    0.11627941
    36    0.01271534
    37    0.33229106
    38    0.26646479
    39    0.19449055
    40    0.39555119
    41    0.30189527
    42    0.30418695
    43    0.36838581
    44    0.26840834
    45    0.30538293
    46   -0.14441410
    47   -0.18993924
    48   -0.23898222
    49   -0.27833316
    50   -0.26565989
    51    0.08580787
    52    0.05430923
    53    0.00696157
    54   -0.04222665
    55   -0.05896394
    56   -0.07518657
    57   -0.10408531
    58   -0.14643440
    59    0.01736952
    60   -0.01683883
    61   -0.05846971
    62    0.20459968
    63    0.14811356
    64    0.10274499
    65    0.10239889
    66    0.05966915
    67    0.02271987
    68    0.24930153
    69    0.19297249
    70    0.17613454
    71    0.21976119
    72    0.13946947
    73    0.13249356
    74    0.10961039
    75    0.15068430
    76    0.09107617
    77    0.17659525
    78    0.09226271
    79    0.12617171
    80   -0.21229000
    81   -0.22359464
    82   -0.25051856
    83   -0.26438558
    84   -0.27782724
    85   -0.13226878
    86   -0.15459108
    87   -0.19146275
    88   -0.05185999
    89   -0.08268633
    90   -0.11741144
    91    0.01600008
    92   -0.02378577
    93   -0.05215343
    94    0.05691827
    95    0.00816732
    96   -0.00130497
    97    0.06663926
    98    0.00027066
    99    0.01235962
   100    0.01583608
   101   -0.05175170
   102   -0.01855941
   103   -0.22073205
   104   -0.20784692
   105   -0.21339321
   106   -0.20335315
   107   -0.23902040
   108   -0.16932946
   109   -0.17851421
   110   -0.19937208
   111   -0.11028220
   112   -0.13285446
   113   -0.15579147
   114   -0.06260890
   115   -0.09606470
   116   -0.11373926
   117   -0.04106027
   118   -0.08390018
   119   -0.08484172
   120   -0.06479259
   121   -0.11907296
   122   -0.09529868
   123   -0.10941865
   124   -0.15616581
   125   -0.13239343
   126   -0.18566280
   127   -0.14936120
   128   -0.13467310
   129   -0.10981681
   130   -0.15947576
   131   -0.17949159
   132   -0.17819592
   133   -0.18281587
   134   -0.18450883
   135   -0.19543495
   136   -0.17257403
   137   -0.15640234
   138   -0.15471746
   139   -0.17470934
   140   -0.16725526
   141   -0.16369925
   142   -0.14966648
   143   -0.16165792
   144   -0.17032448
   145   -0.16884399
   146   -0.17101457
   147   -0.16997443
   148   -0.12448915
   149   -0.14679284
   150   -0.15388893
   151   -0.16287880
   152   -0.17315615
   153   -0.17199076
   154   -0.11720583
   155   -0.14417760
   156   -0.14297707
   157   -0.16477232
   158   -0.17952369
   159   -0.17518350
   160   -0.13689640
   161   -0.15409257
   162   -0.14735813
   163   -0.16396326
   164   -0.19699588
   165   -0.19284368
   166   -0.19083976
   167   -0.17485598
   168   -0.18394807
   169   -0.19122932
   170   -0.21418109
   171   -0.20514088
   172   -0.10763147
   173   -0.06129643
   174   -0.03633603
   175   -0.00373435
   176   -0.05700505
   177   -0.12801158
   178   -0.09491623
   179   -0.08137012
   180   -0.15485491
   181   -0.13850339
   182   -0.12014474
   183   -0.16826291
   184   -0.16080041
   185   -0.15119477
   186   -0.17781232
   187   -0.17677194
   188   -0.16887372
   189   -0.18908700
   190   -0.19196740
   191   -0.18440107
   192   -0.20463918
   193   -0.20822479
   194   -0.20049822
   195   -0.21525396
   196   -0.22170310
   197   -0.21597131
   198   -0.22499043
   199   -0.22405083
   200   -0.22474237
   201   -0.01216449
   202    0.03621090
   203    0.06305833
   204    0.09386704
   205    0.04736796
   206   -0.05107724
   207   -0.00396567
   208    0.01394020
   209   -0.12226480
   210   -0.10416687
   211   -0.09092432
   212   -0.07547176
   213   -0.08535096
   214   -0.05051873
   215   -0.02482248
   216   -0.01576393
   217   -0.08070539
   218   -0.05573090
   219   -0.04178483
   220   -0.14922479
   221   -0.13392799
   222   -0.12046551
   223   -0.11489952
   224   -0.09322825
   225   -0.07619232
   226   -0.17021116
   227   -0.15874193
   228   -0.14652660
   229   -0.14307428
   230   -0.12376018
   231   -0.10875020
   232   -0.18768301
   233   -0.17801605
   234   -0.16927380
   235   -0.16484074
   236   -0.14744821
   237   -0.13727219
   238   -0.20143994
   239   -0.19079240
   240   -0.18503300
   241   -0.20522026
   242   -0.19262974
   243   -0.18327914
   244   -0.17058010
   245   -0.18229696
   246   -0.16066001
   247   -0.21694483
   248   -0.20153659
   249   -0.19931477
   250   -0.21217853
   251   -0.19058538
   252   -0.19897554
   253    0.07982571
   254    0.11767873
   255    0.14093200
   256    0.16492819
   257    0.13363164
   258    0.03744507
   259    0.07582016
   260    0.09547557
   261    0.00930372
   262    0.04201512
   263    0.05734936
   264   -0.02338840
   265    0.00862859
   266    0.02317853
   267   -0.06855771
   268   -0.04264633
   269   -0.01879358
   270   -0.10046610
   271   -0.07488817
   272   -0.05904377
   273   -0.12121545
   274   -0.09094510
   275   -0.08547431
   276   -0.14997989
   277   -0.12485271
   278   -0.11086939
   279   -0.17171144
   280   -0.14405559
   281   -0.13705972
   282   -0.17722329
   283   -0.14546441
   284   -0.14766359
   285   -0.16082939
   286   -0.12474777
   287   -0.13826401
   288    0.14754370
   289    0.16852342
   290    0.18402865
   291    0.19758955
   292    0.18649486
   293    0.10927636
   294    0.13579199
   295    0.15196859
   296    0.07582375
   297    0.10460231
   298    0.11934188
   299    0.04554251
   300    0.07854248
   301    0.09029592
   302   -0.02124624
   303    0.00010371
   304    0.01187140
   305    0.02507231
   306    0.01638160
   307    0.04531130
   308    0.06395441
   309    0.07006469
   310    0.02216231
   311    0.04294078
   312    0.05239928
   313   -0.04970865
   314   -0.02422140
   315   -0.01222561
   316   -0.00145511
   317    0.02060631
   318    0.03161087
   319   -0.06588878
   320   -0.03977423
   321   -0.03298411
   322   -0.06431362
   323   -0.03470003
   324   -0.01946376
   325   -0.00171103
   326   -0.02079677
   327    0.00819354
   328   -0.09433881
   329   -0.06067944
   330   -0.05002902
   331   -0.11026671
   332   -0.07268979
   333   -0.06944629
   334   -0.10829317
   335   -0.06761836
   336   -0.07310112
   337   -0.08437449
   338   -0.04184946
   339   -0.05756099
   340    0.17974015
   341    0.18079781
   342    0.18632654
   343    0.18810075
   344    0.19801223
   345    0.15404050
   346    0.16318332
   347    0.17280719
   348    0.12721038
   349    0.14192989
   350    0.15256049
   351    0.10297599
   352    0.12101402
   353    0.13089852
   354    0.08582010
   355    0.10334645
   356    0.11122518
   357    0.06459550
   358    0.08336172
   359    0.09250752
   360    0.04421055
   361    0.06562827
   362    0.07435481
   363    0.02509475
   364    0.05034126
   365    0.05649387
   366   -0.00276920
   367    0.02865846
   368    0.03789984
   369   -0.02395347
   370    0.01273574
   371    0.01853312
   372   -0.03261771
   373    0.00739964
   374    0.00760044
   375   -0.02512623
   376    0.01663835
   377    0.00951206
   378    0.00067677
   379    0.04113988
   380    0.02679210
   381    0.17175859
   382    0.15341798
   383    0.14952870
   384    0.14110589
   385    0.16869969
   386    0.16272570
   387    0.15263116
   388    0.15450856
   389    0.14807110
   390    0.14504113
   391    0.14966084
   392    0.13212583
   393    0.13464611
   394    0.14004763
   395    0.11799612
   396    0.12464043
   397    0.12919278
   398    0.10006925
   399    0.11221942
   400    0.11892024
   401    0.08631930
   402    0.10284700
   403    0.10745374
   404    0.07949881
   405    0.10285660
   406    0.10133770
   407    0.06095624
   408    0.08925137
   409    0.09490477
   410    0.04910303
   411    0.08169420
   412    0.08387973
   413    0.04673487
   414    0.08194769
   415    0.08003010
   416    0.05608276
   417    0.09080162
   418    0.08468808
   419    0.07765197
   420    0.10858270
   421    0.09852365
   422    0.12623748
   423    0.09243251
   424    0.08251081
   425    0.06831311
   426    0.10699191
   427    0.13282772
   428    0.10505855
   429    0.10049744
   430    0.13226555
   431    0.11065967
   432    0.10918309
   433    0.12825351
   434    0.11262354
   435    0.11254665
   436    0.12361702
   437    0.11257743
   438    0.11304486
   439    0.11868482
   440    0.12162196
   441    0.12199208
   442    0.12214588
   443    0.12368367
   444    0.11849683
   445    0.11143281
   446    0.11208743
   447    0.12078649
   448    0.11593662
   449    0.11391949
   450    0.11401410
   451    0.12078399
   452    0.12119239
   453    0.12327480
   454    0.12174235
   455    0.11886997
   456    0.11372289
   457    0.12103404
   458    0.12067477
   459    0.11890514
   460    0.12963293
   461    0.12886967
   462    0.12712717
   463    0.12544248
   464    0.12464650
   465    0.11324072
   466    0.13034959
   467    0.12987906
   468    0.11047815
   469    0.13173228
   470    0.13045940
   471    0.11239191
   472    0.13501845
   473    0.13262431
   474    0.11988554
   475    0.14098866
   476    0.13733844
   477    0.13262848
   478    0.14886377
   479    0.14468058
   480    0.05258489
   481    0.01054694
   482   -0.00010586
   483   -0.01413829
   484    0.02720322
   485    0.06891127
   486    0.02874997
   487    0.02126091
   488    0.07987041
   489    0.04363918
   490    0.03768125
   491    0.08764125
   492    0.05623944
   493    0.05124677
   494    0.09318380
   495    0.06733670
   496    0.06288182
   497    0.09680106
   498    0.07737411
   499    0.07321198
   500    0.10523542
   501    0.08986603
   502    0.08444110
   503    0.11499241
   504    0.10329938
   505    0.09666840
   506    0.12460293
   507    0.11667772
   508    0.11071890
   509    0.13332728
   510    0.12941611
   511    0.12374897
   512    0.13980902
   513    0.13981145
   514    0.13518697
   515    0.14489127
   516    0.14764974
   517    0.14414913
   518    0.14938542
   519    0.15312909
   520    0.15072210
   521    0.15356517
   522    0.15623901
   523    0.15503531
   524    0.15677412
   525    0.15626971
   526    0.15677859
   527   -0.03400304
   528   -0.07477259
   529   -0.08207425
   530   -0.08905802
   531   -0.05355843
   532   -0.01630785
   533   -0.05870936
   534   -0.06689248
   535    0.00080731
   536   -0.04098604
   537   -0.04998024
   538    0.01752974
   539   -0.02184807
   540   -0.03151751
   541    0.03385885
   542   -0.00167746
   543   -0.01181776
   544    0.04960511
   545    0.01901236
   546    0.00867028
   547    0.06656501
   548    0.03960270
   549    0.02937732
   550    0.08370659
   551    0.05941274
   552    0.04964873
   553    0.10026940
   554    0.07775730
   555    0.06879550
   556    0.11585596
   557    0.09400943
   558    0.08615565
   559    0.12886646
   560    0.10765685
   561    0.10115449
   562    0.13871768
   563    0.11834433
   564    0.11335492
   565    0.14523655
   566    0.12589319
   567    0.12248849
   568    0.14835567
   569    0.13029986
   570    0.12846498
   571    0.14767746
   572    0.13171412
   573    0.13135993
   574   -0.16560874
   575   -0.14659658
   576   -0.19617796
   577   -0.22247176
   578   -0.18946199
   579   -0.13874962
   580   -0.16197017
   581   -0.22785511
   582   -0.22374728
   583   -0.18175059
   584   -0.06012344
   585   -0.10197738
   586   -0.21362761
   587   -0.19733721
   588   -0.13384874
   589    0.00928534
   590   -0.02154583
   591   -0.18966452
   592   -0.20342428
   593   -0.10944072
   594    0.03373248
   595    0.02746705
   596   -0.21818607
   597   -0.25175206
   598   -0.13195235
   599   -0.27327978
   600   -0.30528235
   601   -0.26661755
   602   -0.31120936
   603   -0.31158284
   604   -0.27039933
   605   -0.31607476
   606   -0.31495858
   607   -0.26207339
   608   -0.33129256
   609   -0.35819489
   610   -0.29319667
   611   -0.37128938
   612   -0.39346145
   613   -0.33731928
   614   -0.30582778
   615   -0.33351789
   616   -0.32512450
   617   -0.33278930
   618   -0.35677541
   619   -0.36365884
   620   -0.36959640
   621   -0.34359874
   622   -0.35470409
   623   -0.37348293
   624   -0.36768623
   625   -0.38665408
   626   -0.39781267
   627   -0.38724631
   628   -0.37662221
   629   -0.38076790
   630   -0.35243875
   631   -0.40643300
   632   -0.41255613
   633   -0.40069465
   634   -0.38605313
   635   -0.39303391
   636   -0.37659647
   637   -0.42543806
   638   -0.40346658
   639   -0.41068337
   640   -0.42113824
   641   -0.42301818
   642   -0.41691676
   643   -0.42814283
   644   -0.42757636
   645   -0.42282495
   646   -0.29410599
   647   -0.32230776
   648   -0.33400785
   649   -0.34667830
   650   -0.36719733
   651   -0.37470916
   652   -0.38357151
   653   -0.39578447
   654   -0.40111112
   655   -0.40453709
   656   -0.41119868
   657   -0.41657534
   658   -0.41531222
   659   -0.41555721
   660   -0.42398388
   661   -0.41386199
   662   -0.40637504
   663   -0.42511013
   664   -0.39486548
   665   -0.37302939
   666   -0.41005798
   667   -0.23462786
   668   -0.26044622
   669   -0.29829143
   670   -0.29619417
   671   -0.32535002
   672   -0.35105919
   673   -0.34447179
   674   -0.35738223
   675   -0.38106147
   676   -0.36444032
   677   -0.37010524
   678   -0.39535690
   679   -0.37013497
   680   -0.36263746
   681   -0.39451432
   682   -0.34384515
   683   -0.31156251
   684   -0.36708199
   685   -0.29122145
   686   -0.25376762
   687   -0.31971836
   688   -0.12976375
   689   -0.14483784
   690   -0.20593344
   691   -0.24918362
   692   -0.23122522
   693   -0.24863240
   694   -0.26252642
   695   -0.29737307
   696   -0.15067332
   697   -0.14989831
   698   -0.19182360
   699   -0.16542265
   700   -0.17495163
   701   -0.22072238
   702   -0.27789430
   703   -0.28713034
   704   -0.32584442
   705   -0.18766449
   706   -0.19334322
   707   -0.24249435
   708   -0.29148256
   709   -0.29519011
   710   -0.33623281
   711   -0.19540081
   712   -0.19728954
   713   -0.24847391
   714   -0.29346521
   715   -0.28434839
   716   -0.32664775
   717   -0.19520895
   718   -0.18483040
   719   -0.23649499
   720   -0.27463439
   721   -0.25953692
   722   -0.28824054
   723   -0.15657768
   724   -0.23919722
   725   -0.21161645
   726   -0.16076972
   727   -0.16334670
   728   -0.17700328
   729   -0.13442583
   730   -0.09988964
   731   -0.17912334
   732   -0.01659097
   733   -0.02483212
   734   -0.08522951
   735   -0.02878010
   736   -0.02410581
   737   -0.08747257
   738   -0.04872896
   739   -0.06672807
   740   -0.12165443
   741   -0.07910844
   742   -0.08425388
   743   -0.13966743
   744   -0.08423066
   745   -0.08439738
   746   -0.14162667
   747   -0.07893483
   748   -0.06488753
   749   -0.12541762
   750   -0.04283654
   751   -0.01070850
   752   -0.08566885
   753   -0.01001752
   754    0.00336272
   755   -0.07634241
   756    0.02487038
   757    0.05614188
   758   -0.02016190
   759    0.08873477
   760    0.08670306
   761    0.03335673
   762    0.08815315
   763    0.09438371
   764    0.03775056
   765    0.00877012
   766    0.04387094
   767    0.03719383
   768    0.03363209
   769   -0.01615122
   770    0.10436201
   771    0.11835683
   772    0.08258237
   773    0.12122383
   774    0.12837026
   775    0.08310446
   776    0.02705152
   777    0.02590615
   778   -0.02851789
   779    0.12477037
   780    0.12600333
   781    0.07808754
   782    0.02747533
   783    0.02865117
   784   -0.02707644
   785    0.12863500
   786    0.13074724
   787    0.08195415
   788    0.03269914
   789    0.04296444
   790   -0.01009686
   791    0.13450042
   792    0.14370876
   793    0.09576806
   794    0.04996757
   795    0.06097715
   796    0.02446564
   797    0.13307341
   798    0.06417640
   799    0.10479316
   800    0.14517070
   801    0.13660721
   802    0.14186879
   803    0.13621058
   804    0.14645637
   805    0.07896216
   806    0.16290738
   807    0.18465421
   808    0.12544349
   809    0.16625652
   810    0.16906525
   811    0.13225651
   812    0.17282051
   813    0.17913025
   814    0.14104201
   815    0.18595798
   816    0.19571178
   817    0.16086557
   818    0.20389526
   819    0.21561699
   820    0.17702474
   821    0.21001699
   822    0.20721388
   823    0.17019589
   824    0.21037726
   825    0.21298379
   826    0.17558655
   827    0.22229403
   828    0.23478165
   829    0.19482949
   830    0.23066894
   831    0.23095890
   832    0.19264032
   833    0.22947359
   834    0.23193760
   835    0.18814235
   836    0.23603562
   837    0.24367898
   838    0.20165618
   839    0.25296589
   840    0.26360434
   841    0.23129779
   842    0.20455371
   843    0.21145973
   844    0.19574050
   845    0.21822084
   846    0.22547160
   847    0.20791125
   848    0.23231346
   849    0.23975802
   850    0.22320901
   851    0.24654039
   852    0.25356228
   853    0.24022151
   854    0.23457306
   855    0.25021588
   856    0.25123226
   857    0.25290680
   858    0.23340949
   859    0.25906544
   860    0.26391765
   861    0.25955681
   862    0.26694506
   863    0.26979934
   864    0.26473850
   865    0.25539419
   866    0.25754707
   867    0.23869017
   868    0.27217872
   869    0.27423250
   870    0.26934452
   871    0.25986497
   872    0.26288165
   873    0.25051691
   874    0.27754523
   875    0.26251686
   876    0.27274922
   877    0.27726167
   878    0.27756481
   879    0.27578960
   880    0.27741135
   881    0.27791970
   882    0.26100525
   883    0.27843383
   884    0.27980167
   885    0.26314151
   886    0.28113048
   887    0.28259890
   888    0.27082390
   889    0.28322821
   890    0.28198609
   891    0.28057143
   892    0.19923779
   893    0.20905715
   894    0.21593410
   895    0.21807878
   896    0.22579947
   897    0.23154071
   898    0.23288762
   899    0.23846694
   900    0.24511635
   901    0.24364128
   902    0.24691210
   903    0.25589905
   904    0.24989303
   905    0.25063145
   906    0.26195117
   907    0.25454596
   908    0.25654117
   909    0.26736723
   910    0.25849168
   911    0.26016279
   912    0.27147843
   913    0.26198110
   914    0.26178854
   915    0.27453439
   916    0.26571099
   917    0.26750983
   918    0.27894066
   919    0.26974715
   920    0.26998802
   921    0.28109609
   922    0.27023336
   923    0.26843938
   924    0.28151426
   925    0.26576120
   926    0.26038955
   927    0.27891319
   928    0.25278027
   929    0.24112967
   930    0.26841030
   931    0.15367967
   932    0.16405056
   933    0.19134112
   934    0.17337246
   935    0.18004154
   936    0.20821419
   937    0.18658969
   938    0.18993326
   939    0.21964831
   940    0.19319945
   941    0.19249195
   942    0.22526054
   943    0.19151430
   944    0.18490219
   945    0.22386000
   946    0.19750707
   947    0.20571545
   948    0.23541135
   949    0.20677096
   950    0.20766984
   951    0.23825053
   952    0.20122690
   953    0.18962557
   954    0.23208223
   955    0.19916198
   956    0.20302403
   957    0.24145087
   958    0.20679907
   959    0.20606493
   960    0.24431160
   961    0.20530571
   962    0.20021803
   963    0.24059356
   964    0.19460318
   965    0.18445229
   966    0.22811226
   967    0.17160094
   968    0.15367651
   969    0.20206841
   970    0.07836720
   971    0.08573282
   972    0.12788073
   973    0.09258385
   974    0.09603231
   975    0.14148491
   976    0.09984154
   977    0.09957907
   978    0.14843612
   979    0.10029640
   980    0.09633972
   981    0.14798034
   982    0.09219618
   983    0.08307834
   984    0.13719215
   985    0.15962786
   986    0.13021084
   987    0.13389922
   988    0.13551329
   989    0.17299983
   990    0.07239114
   991    0.05795113
   992    0.09483798
   993    0.05608194
   994    0.05078865
   995    0.09414729
   996    0.13561815
   997    0.13570347
   998    0.17398484
   999    0.05016506
  1000    0.04960467
  1001    0.09364883
  1002    0.13420523
  1003    0.13049280
  1004    0.16179652
  1005    0.07946480
  1006    0.13830644
  1007    0.09342917
  1008    0.05470082
  1009    0.06887989
  1010    0.05388237
  1011    0.08856609
  1012    0.09242162
  1013    0.15164723
  1014    0.09622727
  1015    0.09457958
  1016    0.15428330
  1017    0.09402257
  1018    0.08812451
  1019    0.14775767
  1020    0.08223459
  1021    0.07111542
  1022    0.13063890
  1023    0.05832687
  1024    0.04049061
  1025    0.09879226
  1026   -0.01056659
  1027   -0.00980088
  1028    0.03832455
  1029   -0.00842939
  1030   -0.01049860
  1031    0.04321785
  1032   -0.01048401
  1033   -0.01444038
  1034    0.04294297
  1035   -0.01591439
  1036   -0.02176641
  1037    0.03742214
  1038   -0.02478155
  1039   -0.03233512
  1040    0.02511995
  1041   -0.03656423
  1042   -0.04502330
  1043    0.00581018
  1044   -0.04641593
  1045   -0.05198848
  1046   -0.00139499
  1047   -0.05344449
  1048   -0.05472658
  1049   -0.00338957
  1050   -0.05181789
  1051   -0.05321239
  1052    0.00001663
  1053   -0.04729950
  1054   -0.04584456
  1055    0.01643493
  1056   -0.04100384
  1057   -0.04119181
  1058    0.02541230
  1059   -0.03839569
  1060   -0.04075763
  1061    0.02667461
  1062   -0.04049146
  1063   -0.04526022
  1064    0.02096108
  1065   -0.04787378
  1066   -0.05523974
  1067    0.00705728
  1068   -0.06238655
  1069   -0.07384007
  1070   -0.01807619
  1071   -0.09571154
  1072   -0.10202483
  1073   -0.05887479
  1074   -0.10819809
  1075   -0.11399491
  1076   -0.06603759
  1077   -0.11957699
  1078   -0.12475963
  1079   -0.07401363
  1080   -0.12966777
  1081   -0.13416918
  1082   -0.08271418
  1083   -0.13835612
  1084   -0.14214543
  1085   -0.09199143
  1086   -0.14560316
  1087   -0.14868869
  1088   -0.10134139
  1089   -0.15144728
  1090   -0.15387251
  1091   -0.10737453
  1092   -0.15599493
  1093   -0.15783191
  1094   -0.11084162
  1095   -0.15940434
  1096   -0.16074300
  1097   -0.11184043
  1098   -0.16186303
  1099   -0.16280001
  1100   -0.10980841
  1101   -0.16356563
  1102   -0.16419383
  1103   -0.10863297
  1104   -0.16469321
  1105   -0.16509304
  1106   -0.10901695
  1107   -0.16539939
  1108   -0.16563411
  1109   -0.11132511
  1110   -0.16580152
  1111   -0.16591567
  1112   -0.11583823
  1113   -0.16597994
  1114   -0.16600097
  1115   -0.12396857
  1116    0.05281921
  1117   -0.03613945
  1118   -0.10345913
  1119   -0.12400936
  1120   -0.16356209
  1121   -0.09005868
  1122   -0.00245806
  1123    0.03045625
  1124    0.29298750
  1125    0.16741535
  1126    0.09967761
  1127    0.20870081
  1128    0.25089584
  1129    0.54401399
  1130    0.42315418
  1131    0.31073044
  1132    0.40492097
  1133    0.46998439
  1134    0.71841054
  1135    0.64367299
  1136    0.47459632
  1137    0.50152496
  1138    0.59931655
  1139    0.76098469
  1140    0.51023121
  1141   -0.20511389
  1142   -0.24055184
  1143   -0.16750237
  1144   -0.08319364
  1145   -0.04226227
  1146    0.01271534
  1147    0.11627941
  1148    0.16222377
  1149    0.19449055
  1150    0.26646479
  1151    0.33229106
  1152    0.30418695
  1153    0.30189527
  1154    0.39555119
  1155    0.30538293
  1156   -0.26565989
  1157   -0.27833316
  1158   -0.23898222
  1159   -0.18993924
  1160   -0.14441410
  1161   -0.05896394
  1162   -0.04222665
  1163    0.00696157
  1164    0.05430923
  1165    0.08580787
  1166   -0.14643440
  1167   -0.10408531
  1168   -0.07518657
  1169   -0.05846971
  1170   -0.01683883
  1171    0.01736952
  1172    0.10274499
  1173    0.14811356
  1174    0.20459968
  1175    0.02271987
  1176    0.05966915
  1177    0.10239889
  1178    0.17613454
  1179    0.19297249
  1180    0.24930153
  1181    0.13946947
  1182    0.21976119
  1183    0.15068430
  1184    0.10961039
  1185    0.13249356
  1186    0.09107617
  1187    0.12617171
  1188   -0.27782724
  1189   -0.26438558
  1190   -0.25051856
  1191   -0.22359464
  1192   -0.21229000
  1193   -0.19146275
  1194   -0.15459108
  1195   -0.13226878
  1196   -0.11741144
  1197   -0.08268633
  1198   -0.05185999
  1199   -0.05215343
  1200   -0.02378577
  1201    0.01600008
  1202   -0.00130497
  1203    0.00816732
  1204    0.05691827
  1205    0.01235962
  1206    0.00027066
  1207    0.06663926
  1208   -0.01855941
  1209   -0.23902040
  1210   -0.20335315
  1211   -0.21339321
  1212   -0.20784692
  1213   -0.22073205
  1214   -0.19937208
  1215   -0.17851421
  1216   -0.16932946
  1217   -0.15579147
  1218   -0.13285446
  1219   -0.11028220
  1220   -0.11373926
  1221   -0.09606470
  1222   -0.06260890
  1223   -0.08484172
  1224   -0.08390018
  1225   -0.04106027
  1226   -0.09529868
  1227   -0.11907296
  1228   -0.06479259
  1229   -0.13239343
  1230   -0.15947576
  1231   -0.10981681
  1232   -0.13467310
  1233   -0.14936120
  1234   -0.18566280
  1235   -0.19543495
  1236   -0.18450883
  1237   -0.18281587
  1238   -0.17819592
  1239   -0.17949159
  1240   -0.15471746
  1241   -0.15640234
  1242   -0.17257403
  1243   -0.16369925
  1244   -0.16725526
  1245   -0.17470934
  1246   -0.17032448
  1247   -0.16165792
  1248   -0.14966648
  1249   -0.16997443
  1250   -0.17101457
  1251   -0.16884399
  1252   -0.15388893
  1253   -0.14679284
  1254   -0.12448915
  1255   -0.17199076
  1256   -0.17315615
  1257   -0.16287880
  1258   -0.14297707
  1259   -0.14417760
  1260   -0.11720583
  1261   -0.17518350
  1262   -0.17952369
  1263   -0.16477232
  1264   -0.14735813
  1265   -0.15409257
  1266   -0.13689640
  1267   -0.19699588
  1268   -0.16396326
  1269   -0.17485598
  1270   -0.19083976
  1271   -0.19284368
  1272   -0.18394807
  1273   -0.20514088
  1274   -0.05700505
  1275   -0.00373435
  1276   -0.03633603
  1277   -0.06129643
  1278   -0.10763147
  1279   -0.08137012
  1280   -0.09491623
  1281   -0.12801158
  1282   -0.12014474
  1283   -0.13850339
  1284   -0.15485491
  1285   -0.15119477
  1286   -0.16080041
  1287   -0.16826291
  1288   -0.16887372
  1289   -0.17677194
  1290   -0.17781232
  1291   -0.18440107
  1292   -0.19196740
  1293   -0.18908700
  1294   -0.20049822
  1295   -0.20822479
  1296   -0.20463918
  1297   -0.21597131
  1298   -0.22170310
  1299   -0.21525396
  1300   -0.22474237
  1301    0.04736796
  1302    0.09386704
  1303    0.06305833
  1304    0.03621090
  1305   -0.01216449
  1306    0.01394020
  1307   -0.00396567
  1308   -0.05107724
  1309   -0.08535096
  1310   -0.07547176
  1311   -0.09092432
  1312   -0.10416687
  1313   -0.12226480
  1314   -0.01576393
  1315   -0.02482248
  1316   -0.05051873
  1317   -0.04178483
  1318   -0.05573090
  1319   -0.08070539
  1320   -0.12046551
  1321   -0.13392799
  1322   -0.14922479
  1323   -0.07619232
  1324   -0.09322825
  1325   -0.11489952
  1326   -0.14652660
  1327   -0.15874193
  1328   -0.17021116
  1329   -0.10875020
  1330   -0.12376018
  1331   -0.14307428
  1332   -0.16927380
  1333   -0.17801605
  1334   -0.18768301
  1335   -0.13727219
  1336   -0.14744821
  1337   -0.16484074
  1338   -0.18503300
  1339   -0.19079240
  1340   -0.20143994
  1341   -0.19262974
  1342   -0.20522026
  1343   -0.18229696
  1344   -0.17058010
  1345   -0.18327914
  1346   -0.16066001
  1347   -0.19931477
  1348   -0.20153659
  1349   -0.21694483
  1350   -0.19897554
  1351    0.13363164
  1352    0.16492819
  1353    0.14093200
  1354    0.11767873
  1355    0.07982571
  1356    0.09547557
  1357    0.07582016
  1358    0.03744507
  1359    0.05734936
  1360    0.04201512
  1361    0.00930372
  1362    0.02317853
  1363    0.00862859
  1364   -0.02338840
  1365   -0.01879358
  1366   -0.04264633
  1367   -0.06855771
  1368   -0.05904377
  1369   -0.07488817
  1370   -0.10046610
  1371   -0.08547431
  1372   -0.09094510
  1373   -0.12121545
  1374   -0.11086939
  1375   -0.12485271
  1376   -0.14997989
  1377   -0.13705972
  1378   -0.14405559
  1379   -0.17171144
  1380   -0.14766359
  1381   -0.14546441
  1382   -0.17722329
  1383   -0.13826401
  1384    0.18649486
  1385    0.19758955
  1386    0.18402865
  1387    0.16852342
  1388    0.14754370
  1389    0.15196859
  1390    0.13579199
  1391    0.10927636
  1392    0.11934188
  1393    0.10460231
  1394    0.07582375
  1395    0.09029592
  1396    0.07854248
  1397    0.04554251
  1398    0.01638160
  1399    0.02507231
  1400    0.01187140
  1401    0.00010371
  1402   -0.02124624
  1403    0.07006469
  1404    0.06395441
  1405    0.04531130
  1406    0.05239928
  1407    0.04294078
  1408    0.02216231
  1409   -0.01222561
  1410   -0.02422140
  1411   -0.04970865
  1412    0.03161087
  1413    0.02060631
  1414   -0.00145511
  1415   -0.03298411
  1416   -0.03977423
  1417   -0.06588878
  1418   -0.03470003
  1419   -0.06431362
  1420   -0.02079677
  1421   -0.00171103
  1422   -0.01946376
  1423    0.00819354
  1424   -0.05002902
  1425   -0.06067944
  1426   -0.09433881
  1427   -0.06944629
  1428   -0.07268979
  1429   -0.11026671
  1430   -0.07310112
  1431   -0.06761836
  1432   -0.10829317
  1433   -0.05756099
  1434    0.19801223
  1435    0.18810075
  1436    0.18632654
  1437    0.18079781
  1438    0.17974015
  1439    0.17280719
  1440    0.16318332
  1441    0.15404050
  1442    0.15256049
  1443    0.14192989
  1444    0.12721038
  1445    0.13089852
  1446    0.12101402
  1447    0.10297599
  1448    0.11122518
  1449    0.10334645
  1450    0.08582010
  1451    0.09250752
  1452    0.08336172
  1453    0.06459550
  1454    0.07435481
  1455    0.06562827
  1456    0.04421055
  1457    0.05649387
  1458    0.05034126
  1459    0.02509475
  1460    0.03789984
  1461    0.02865846
  1462   -0.00276920
  1463    0.01853312
  1464    0.01273574
  1465   -0.02395347
  1466    0.00760044
  1467    0.00739964
  1468   -0.03261771
  1469    0.00951206
  1470    0.01663835
  1471   -0.02512623
  1472    0.02679210
  1473    0.16869969
  1474    0.14110589
  1475    0.14952870
  1476    0.15341798
  1477    0.17175859
  1478    0.15450856
  1479    0.15263116
  1480    0.16272570
  1481    0.14966084
  1482    0.14504113
  1483    0.14807110
  1484    0.14004763
  1485    0.13464611
  1486    0.13212583
  1487    0.12919278
  1488    0.12464043
  1489    0.11799612
  1490    0.11892024
  1491    0.11221942
  1492    0.10006925
  1493    0.10745374
  1494    0.10284700
  1495    0.08631930
  1496    0.10133770
  1497    0.10285660
  1498    0.07949881
  1499    0.09490477
  1500    0.08925137
  1501    0.06095624
  1502    0.08387973
  1503    0.08169420
  1504    0.04910303
  1505    0.08003010
  1506    0.08194769
  1507    0.04673487
  1508    0.08468808
  1509    0.09080162
  1510    0.05608276
  1511    0.09852365
  1512    0.10699191
  1513    0.06831311
  1514    0.08251081
  1515    0.09243251
  1516    0.12623748
  1517    0.10049744
  1518    0.10505855
  1519    0.13282772
  1520    0.10918309
  1521    0.11065967
  1522    0.13226555
  1523    0.11254665
  1524    0.11262354
  1525    0.12825351
  1526    0.11304486
  1527    0.11257743
  1528    0.12361702
  1529    0.12368367
  1530    0.12214588
  1531    0.12199208
  1532    0.12162196
  1533    0.11868482
  1534    0.11208743
  1535    0.11143281
  1536    0.11849683
  1537    0.11391949
  1538    0.11593662
  1539    0.12078649
  1540    0.12119239
  1541    0.12078399
  1542    0.11401410
  1543    0.11886997
  1544    0.12174235
  1545    0.12327480
  1546    0.12067477
  1547    0.12103404
  1548    0.11372289
  1549    0.12963293
  1550    0.11890514
  1551    0.12544248
  1552    0.12712717
  1553    0.12886967
  1554    0.12464650
  1555    0.12987906
  1556    0.13034959
  1557    0.11324072
  1558    0.13045940
  1559    0.13173228
  1560    0.11047815
  1561    0.13262431
  1562    0.13501845
  1563    0.11239191
  1564    0.13733844
  1565    0.14098866
  1566    0.11988554
  1567    0.14468058
  1568    0.02720322
  1569   -0.01413829
  1570   -0.00010586
  1571    0.01054694
  1572    0.05258489
  1573    0.02126091
  1574    0.02874997
  1575    0.06891127
  1576    0.03768125
  1577    0.04363918
  1578    0.07987041
  1579    0.05124677
  1580    0.05623944
  1581    0.08764125
  1582    0.06288182
  1583    0.06733670
  1584    0.09318380
  1585    0.07321198
  1586    0.07737411
  1587    0.09680106
  1588    0.08444110
  1589    0.08986603
  1590    0.10523542
  1591    0.09666840
  1592    0.10329938
  1593    0.11499241
  1594    0.11071890
  1595    0.11667772
  1596    0.12460293
  1597    0.12374897
  1598    0.12941611
  1599    0.13332728
  1600    0.13518697
  1601    0.13981145
  1602    0.13980902
  1603    0.14414913
  1604    0.14764974
  1605    0.14489127
  1606    0.15072210
  1607    0.15312909
  1608    0.14938542
  1609    0.15503531
  1610    0.15623901
  1611    0.15356517
  1612    0.15677859
  1613   -0.05355843
  1614   -0.08905802
  1615   -0.08207425
  1616   -0.07477259
  1617   -0.03400304
  1618   -0.06689248
  1619   -0.05870936
  1620   -0.01630785
  1621   -0.04998024
  1622   -0.04098604
  1623    0.00080731
  1624   -0.03151751
  1625   -0.02184807
  1626    0.01752974
  1627   -0.01181776
  1628   -0.00167746
  1629    0.03385885
  1630    0.00867028
  1631    0.01901236
  1632    0.04960511
  1633    0.02937732
  1634    0.03960270
  1635    0.06656501
  1636    0.04964873
  1637    0.05941274
  1638    0.08370659
  1639    0.06879550
  1640    0.07775730
  1641    0.10026940
  1642    0.08615565
  1643    0.09400943
  1644    0.11585596
  1645    0.10115449
  1646    0.10765685
  1647    0.12886646
  1648    0.11335492
  1649    0.11834433
  1650    0.13871768
  1651    0.12248849
  1652    0.12589319
  1653    0.14523655
  1654    0.12846498
  1655    0.13029986
  1656    0.14835567
  1657    0.13135993
  1658   -0.14659658
  1659   -0.16560874
  1660   -0.18946199
  1661   -0.22247176
  1662   -0.19617796
  1663   -0.16197017
  1664   -0.13874962
  1665   -0.18175059
  1666   -0.22374728
  1667   -0.22785511
  1668   -0.10197738
  1669   -0.06012344
  1670   -0.13384874
  1671   -0.19733721
  1672   -0.21362761
  1673   -0.02154583
  1674    0.00928534
  1675   -0.10944072
  1676   -0.20342428
  1677   -0.18966452
  1678    0.02746705
  1679   -0.21818607
  1680   -0.26661755
  1681   -0.30528235
  1682   -0.27327978
  1683   -0.27039933
  1684   -0.31158284
  1685   -0.31120936
  1686   -0.26207339
  1687   -0.31495858
  1688   -0.31607476
  1689   -0.29319667
  1690   -0.35819489
  1691   -0.33129256
  1692   -0.37128938
  1693   -0.32512450
  1694   -0.33351789
  1695   -0.30582778
  1696   -0.34359874
  1697   -0.36959640
  1698   -0.36365884
  1699   -0.35677541
  1700   -0.33278930
  1701   -0.36768623
  1702   -0.37348293
  1703   -0.35470409
  1704   -0.38724631
  1705   -0.39781267
  1706   -0.38665408
  1707   -0.35243875
  1708   -0.38076790
  1709   -0.37662221
  1710   -0.40069465
  1711   -0.41255613
  1712   -0.40643300
  1713   -0.37659647
  1714   -0.39303391
  1715   -0.38605313
  1716   -0.40346658
  1717   -0.42543806
  1718   -0.42301818
  1719   -0.42113824
  1720   -0.41068337
  1721   -0.41691676
  1722   -0.42814283
  1723   -0.33400785
  1724   -0.32230776
  1725   -0.29410599
  1726   -0.37470916
  1727   -0.36719733
  1728   -0.34667830
  1729   -0.40111112
  1730   -0.39578447
  1731   -0.38357151
  1732   -0.41657534
  1733   -0.41119868
  1734   -0.40453709
  1735   -0.42398388
  1736   -0.41555721
  1737   -0.41531222
  1738   -0.42511013
  1739   -0.40637504
  1740   -0.41386199
  1741   -0.39486548
  1742   -0.29829143
  1743   -0.26044622
  1744   -0.23462786
  1745   -0.35105919
  1746   -0.32535002
  1747   -0.29619417
  1748   -0.38106147
  1749   -0.35738223
  1750   -0.34447179
  1751   -0.39535690
  1752   -0.37010524
  1753   -0.36444032
  1754   -0.39451432
  1755   -0.36263746
  1756   -0.37013497
  1757   -0.36708199
  1758   -0.31156251
  1759   -0.34384515
  1760   -0.29122145
  1761   -0.20593344
  1762   -0.14483784
  1763   -0.12976375
  1764   -0.29737307
  1765   -0.26252642
  1766   -0.24863240
  1767   -0.23122522
  1768   -0.24918362
  1769   -0.19182360
  1770   -0.14989831
  1771   -0.15067332
  1772   -0.22072238
  1773   -0.17495163
  1774   -0.16542265
  1775   -0.32584442
  1776   -0.28713034
  1777   -0.27789430
  1778   -0.24249435
  1779   -0.19334322
  1780   -0.18766449
  1781   -0.33623281
  1782   -0.29519011
  1783   -0.29148256
  1784   -0.24847391
  1785   -0.19728954
  1786   -0.19540081
  1787   -0.32664775
  1788   -0.28434839
  1789   -0.29346521
  1790   -0.23649499
  1791   -0.18483040
  1792   -0.19520895
  1793   -0.28824054
  1794   -0.25953692
  1795   -0.27463439
  1796   -0.23919722
  1797   -0.15657768
  1798   -0.16334670
  1799   -0.16076972
  1800   -0.21161645
  1801   -0.17700328
  1802   -0.13442583
  1803   -0.08522951
  1804   -0.02483212
  1805   -0.01659097
  1806   -0.08747257
  1807   -0.02410581
  1808   -0.02878010
  1809   -0.12165443
  1810   -0.06672807
  1811   -0.04872896
  1812   -0.13966743
  1813   -0.08425388
  1814   -0.07910844
  1815   -0.14162667
  1816   -0.08439738
  1817   -0.08423066
  1818   -0.12541762
  1819   -0.06488753
  1820   -0.07893483
  1821   -0.08566885
  1822   -0.01070850
  1823   -0.04283654
  1824   -0.07634241
  1825    0.00336272
  1826   -0.01001752
  1827    0.02487038
  1828    0.03335673
  1829    0.08670306
  1830    0.08873477
  1831    0.03775056
  1832    0.09438371
  1833    0.08815315
  1834   -0.01615122
  1835    0.03363209
  1836    0.03719383
  1837    0.04387094
  1838    0.00877012
  1839    0.08258237
  1840    0.11835683
  1841    0.10436201
  1842    0.08310446
  1843    0.12837026
  1844    0.12122383
  1845   -0.02851789
  1846    0.02590615
  1847    0.02705152
  1848    0.07808754
  1849    0.12600333
  1850    0.12477037
  1851   -0.02707644
  1852    0.02865117
  1853    0.02747533
  1854    0.08195415
  1855    0.13074724
  1856    0.12863500
  1857   -0.01009686
  1858    0.04296444
  1859    0.03269914
  1860    0.09576806
  1861    0.14370876
  1862    0.13450042
  1863    0.02446564
  1864    0.06097715
  1865    0.04996757
  1866    0.06417640
  1867    0.13307341
  1868    0.13660721
  1869    0.14517070
  1870    0.10479316
  1871    0.14186879
  1872    0.07896216
  1873    0.14645637
  1874    0.13621058
  1875    0.16290738
  1876    0.13225651
  1877    0.16906525
  1878    0.16625652
  1879    0.14104201
  1880    0.17913025
  1881    0.17282051
  1882    0.16086557
  1883    0.19571178
  1884    0.18595798
  1885    0.17702474
  1886    0.21561699
  1887    0.20389526
  1888    0.17019589
  1889    0.20721388
  1890    0.21001699
  1891    0.17558655
  1892    0.21298379
  1893    0.21037726
  1894    0.19482949
  1895    0.23478165
  1896    0.22229403
  1897    0.19264032
  1898    0.23095890
  1899    0.23066894
  1900    0.18814235
  1901    0.23193760
  1902    0.22947359
  1903    0.20165618
  1904    0.24367898
  1905    0.23603562
  1906    0.25296589
  1907    0.19574050
  1908    0.21145973
  1909    0.20455371
  1910    0.20791125
  1911    0.22547160
  1912    0.21822084
  1913    0.22320901
  1914    0.23975802
  1915    0.23231346
  1916    0.24022151
  1917    0.25356228
  1918    0.24654039
  1919    0.23340949
  1920    0.25290680
  1921    0.25123226
  1922    0.25021588
  1923    0.23457306
  1924    0.25955681
  1925    0.26391765
  1926    0.25906544
  1927    0.26473850
  1928    0.26979934
  1929    0.26694506
  1930    0.23869017
  1931    0.25754707
  1932    0.25539419
  1933    0.26934452
  1934    0.27423250
  1935    0.27217872
  1936    0.25051691
  1937    0.26288165
  1938    0.25986497
  1939    0.26251686
  1940    0.27754523
  1941    0.27756481
  1942    0.27726167
  1943    0.27274922
  1944    0.27578960
  1945    0.26100525
  1946    0.27791970
  1947    0.27741135
  1948    0.26314151
  1949    0.27980167
  1950    0.27843383
  1951    0.27082390
  1952    0.28259890
  1953    0.28113048
  1954    0.28322821
  1955    0.21593410
  1956    0.20905715
  1957    0.19923779
  1958    0.23154071
  1959    0.22579947
  1960    0.21807878
  1961    0.24511635
  1962    0.23846694
  1963    0.23288762
  1964    0.25589905
  1965    0.24691210
  1966    0.24364128
  1967    0.26195117
  1968    0.25063145
  1969    0.24989303
  1970    0.26736723
  1971    0.25654117
  1972    0.25454596
  1973    0.27147843
  1974    0.26016279
  1975    0.25849168
  1976    0.27453439
  1977    0.26178854
  1978    0.26198110
  1979    0.27894066
  1980    0.26750983
  1981    0.26571099
  1982    0.28109609
  1983    0.26998802
  1984    0.26974715
  1985    0.28151426
  1986    0.26843938
  1987    0.27023336
  1988    0.27891319
  1989    0.26038955
  1990    0.26576120
  1991    0.25278027
  1992    0.19134112
  1993    0.16405056
  1994    0.15367967
  1995    0.20821419
  1996    0.18004154
  1997    0.17337246
  1998    0.21964831
  1999    0.18993326
  2000    0.18658969
  2001    0.22526054
  2002    0.19249195
  2003    0.19319945
  2004    0.22386000
  2005    0.18490219
  2006    0.19151430
  2007    0.23541135
  2008    0.20571545
  2009    0.19750707
  2010    0.23825053
  2011    0.20766984
  2012    0.20677096
  2013    0.23208223
  2014    0.18962557
  2015    0.20122690
  2016    0.24145087
  2017    0.20302403
  2018    0.19916198
  2019    0.24431160
  2020    0.20606493
  2021    0.20679907
  2022    0.24059356
  2023    0.20021803
  2024    0.20530571
  2025    0.22811226
  2026    0.18445229
  2027    0.19460318
  2028    0.17160094
  2029    0.12788073
  2030    0.08573282
  2031    0.07836720
  2032    0.14148491
  2033    0.09603231
  2034    0.09258385
  2035    0.14843612
  2036    0.09957907
  2037    0.09984154
  2038    0.14798034
  2039    0.09633972
  2040    0.10029640
  2041    0.13719215
  2042    0.08307834
  2043    0.09219618
  2044    0.17299983
  2045    0.13551329
  2046    0.13389922
  2047    0.13021084
  2048    0.15962786
  2049    0.09483798
  2050    0.05795113
  2051    0.07239114
  2052    0.09414729
  2053    0.05078865
  2054    0.05608194
  2055    0.17398484
  2056    0.13570347
  2057    0.13561815
  2058    0.09364883
  2059    0.04960467
  2060    0.05016506
  2061    0.16179652
  2062    0.13049280
  2063    0.13420523
  2064    0.13830644
  2065    0.07946480
  2066    0.06887989
  2067    0.05470082
  2068    0.09342917
  2069    0.05388237
  2070    0.15164723
  2071    0.09242162
  2072    0.08856609
  2073    0.15428330
  2074    0.09457958
  2075    0.09622727
  2076    0.14775767
  2077    0.08812451
  2078    0.09402257
  2079    0.13063890
  2080    0.07111542
  2081    0.08223459
  2082    0.05832687
  2083    0.03832455
  2084   -0.00980088
  2085   -0.01056659
  2086    0.04321785
  2087   -0.01049860
  2088   -0.00842939
  2089    0.04294297
  2090   -0.01444038
  2091   -0.01048401
  2092    0.03742214
  2093   -0.02176641
  2094   -0.01591439
  2095    0.02511995
  2096   -0.03233512
  2097   -0.02478155
  2098    0.00581018
  2099   -0.04502330
  2100   -0.03656423
  2101   -0.00139499
  2102   -0.05198848
  2103   -0.04641593
  2104   -0.00338957
  2105   -0.05472658
  2106   -0.05344449
  2107    0.00001663
  2108   -0.05321239
  2109   -0.05181789
  2110    0.01643493
  2111   -0.04584456
  2112   -0.04729950
  2113    0.02541230
  2114   -0.04119181
  2115   -0.04100384
  2116    0.02667461
  2117   -0.04075763
  2118   -0.03839569
  2119    0.02096108
  2120   -0.04526022
  2121   -0.04049146
  2122    0.00705728
  2123   -0.05523974
  2124   -0.04787378
  2125   -0.06238655
  2126   -0.05887479
  2127   -0.10202483
  2128   -0.09571154
  2129   -0.06603759
  2130   -0.11399491
  2131   -0.10819809
  2132   -0.07401363
  2133   -0.12475963
  2134   -0.11957699
  2135   -0.08271418
  2136   -0.13416918
  2137   -0.12966777
  2138   -0.09199143
  2139   -0.14214543
  2140   -0.13835612
  2141   -0.10134139
  2142   -0.14868869
  2143   -0.14560316
  2144   -0.10737453
  2145   -0.15387251
  2146   -0.15144728
  2147   -0.11084162
  2148   -0.15783191
  2149   -0.15599493
  2150   -0.11184043
  2151   -0.16074300
  2152   -0.15940434
  2153   -0.10980841
  2154   -0.16280001
  2155   -0.16186303
  2156   -0.10863297
  2157   -0.16419383
  2158   -0.16356563
  2159   -0.10901695
  2160   -0.16509304
  2161   -0.16469321
  2162   -0.11132511
  2163   -0.16563411
  2164   -0.16539939
  2165   -0.11583823
  2166   -0.16591567
  2167   -0.16580152
  2168   -0.16597994
