         1      1.000000     0.000000    -1.500000
         2      0.992162     0.072669    -1.500000
         3      0.984325     0.145338    -1.500000
         4      0.970262     0.217247    -1.500000
         5      0.956199     0.289157    -1.500000
         6      0.930221     0.359442    -1.500000
         7      0.904243     0.429727    -1.500000
         8      0.865560     0.496555    -1.500000
         9      0.826878     0.563383    -1.500000
        10      0.777327     0.624409    -1.500000
        11      0.727776     0.685436    -1.500000
        12      0.668810     0.738706    -1.500000
        13      0.609844     0.791976    -1.500000
        14      0.542375     0.836051    -1.500000
        15      0.474906     0.880126    -1.500000
        16      0.400126     0.913337    -1.500000
        17      0.325347     0.946547    -1.500000
        18      0.245396     0.966418    -1.500000
        19      0.165445     0.986290    -1.500000
        20      0.082723     0.993145    -1.500000
        21      0.000000     1.000000    -1.500000
        22     -1.000000     0.000000    -1.500000
        23     -0.984325     0.145338    -1.500000
        24     -0.992162     0.072669    -1.500000
        25     -0.956199     0.289157    -1.500000
        26     -0.970262     0.217247    -1.500000
        27     -0.904243     0.429727    -1.500000
        28     -0.930221     0.359442    -1.500000
        29     -0.826878     0.563383    -1.500000
        30     -0.865560     0.496555    -1.500000
        31     -0.727776     0.685436    -1.500000
        32     -0.777327     0.624409    -1.500000
        33     -0.609844     0.791976    -1.500000
        34     -0.668810     0.738706    -1.500000
        35     -0.474906     0.880126    -1.500000
        36     -0.542375     0.836051    -1.500000
        37     -0.325347     0.946547    -1.500000
        38     -0.400126     0.913337    -1.500000
        39     -0.165445     0.986290    -1.500000
        40     -0.245396     0.966418    -1.500000
        41     -0.082723     0.993145    -1.500000
        42      0.984325    -0.145338    -1.500000
        43      0.992162    -0.072669    -1.500000
        44      0.956199    -0.289157    -1.500000
        45      0.970262    -0.217247    -1.500000
        46      0.904243    -0.429727    -1.500000
        47      0.930221    -0.359442    -1.500000
        48      0.826878    -0.563383    -1.500000
        49      0.865560    -0.496555    -1.500000
        50      0.727776    -0.685436    -1.500000
        51      0.777327    -0.624409    -1.500000
        52      0.609844    -0.791976    -1.500000
        53      0.668810    -0.738706    -1.500000
        54      0.474906    -0.880126    -1.500000
        55      0.542375    -0.836051    -1.500000
        56      0.325347    -0.946547    -1.500000
        57      0.400126    -0.913337    -1.500000
        58      0.165445    -0.986290    -1.500000
        59      0.245396    -0.966418    -1.500000
        60      0.000000    -1.000000    -1.500000
        61      0.082723    -0.993145    -1.500000
        62     -0.992162    -0.072669    -1.500000
        63     -0.984325    -0.145338    -1.500000
        64     -0.970262    -0.217247    -1.500000
        65     -0.956199    -0.289157    -1.500000
        66     -0.930221    -0.359442    -1.500000
        67     -0.904243    -0.429727    -1.500000
        68     -0.865560    -0.496555    -1.500000
        69     -0.826878    -0.563383    -1.500000
        70     -0.777327    -0.624409    -1.500000
        71     -0.727776    -0.685436    -1.500000
        72     -0.668810    -0.738706    -1.500000
        73     -0.609844    -0.791976    -1.500000
        74     -0.542375    -0.836051    -1.500000
        75     -0.474906    -0.880126    -1.500000
        76     -0.400126    -0.913337    -1.500000
        77     -0.325347    -0.946547    -1.500000
        78     -0.245396    -0.966418    -1.500000
        79     -0.165445    -0.986290    -1.500000
        80     -0.082723    -0.993145    -1.500000
        81      0.984300     0.145300    -1.600000
        82      0.984300     0.145300    -1.700000
        83      0.992200     0.072700    -1.700000
        84      1.000000     0.000000    -1.700000
        85      1.000000     0.000000    -1.600000
        86      0.956200     0.289200    -1.600000
        87      0.956200     0.289200    -1.700000
        88      0.970300     0.217200    -1.700000
        89      0.904200     0.429700    -1.600000
        90      0.904200     0.429700    -1.700000
        91      0.930200     0.359400    -1.700000
        92      0.826900     0.563400    -1.600000
        93      0.826900     0.563400    -1.700000
        94      0.865600     0.496600    -1.700000
        95      0.727800     0.685400    -1.600000
        96      0.727800     0.685400    -1.700000
        97      0.777300     0.624400    -1.700000
        98      0.609800     0.792000    -1.600000
        99      0.609800     0.792000    -1.700000
       100      0.668800     0.738700    -1.700000
       101      0.474900     0.880100    -1.600000
       102      0.474900     0.880100    -1.700000
       103      0.542400     0.836100    -1.700000
       104      0.325300     0.946500    -1.600000
       105      0.325300     0.946500    -1.700000
       106      0.400100     0.913300    -1.700000
       107      0.165400     0.986300    -1.600000
       108      0.165400     0.986300    -1.700000
       109      0.245400     0.966400    -1.700000
       110      0.000000     1.000000    -1.600000
       111      0.000000     1.000000    -1.700000
       112      0.082700     0.993100    -1.700000
       113      0.984300     0.145300    -1.800000
       114      0.984300     0.145300    -1.900000
       115      0.992200     0.072700    -1.900000
       116      1.000000     0.000000    -1.900000
       117      1.000000     0.000000    -1.800000
       118      0.956200     0.289200    -1.800000
       119      0.956200     0.289200    -1.900000
       120      0.970300     0.217200    -1.900000
       121      0.904200     0.429700    -1.800000
       122      0.904200     0.429700    -1.900000
       123      0.930200     0.359400    -1.900000
       124      0.826900     0.563400    -1.800000
       125      0.826900     0.563400    -1.900000
       126      0.865600     0.496600    -1.900000
       127      0.727800     0.685400    -1.800000
       128      0.727800     0.685400    -1.900000
       129      0.777300     0.624400    -1.900000
       130      0.609800     0.792000    -1.800000
       131      0.609800     0.792000    -1.900000
       132      0.668800     0.738700    -1.900000
       133      0.474900     0.880100    -1.800000
       134      0.474900     0.880100    -1.900000
       135      0.542400     0.836100    -1.900000
       136      0.325300     0.946500    -1.800000
       137      0.325300     0.946500    -1.900000
       138      0.400100     0.913300    -1.900000
       139      0.165400     0.986300    -1.800000
       140      0.165400     0.986300    -1.900000
       141      0.245400     0.966400    -1.900000
       142      0.000000     1.000000    -1.800000
       143      0.000000     1.000000    -1.900000
       144      0.082700     0.993100    -1.900000
       145      0.984300     0.145300    -2.000000
       146      0.984300     0.145300    -2.100000
       147      0.992200     0.072700    -2.100000
       148      1.000000     0.000000    -2.100000
       149      1.000000     0.000000    -2.000000
       150      0.956200     0.289200    -2.000000
       151      0.956200     0.289200    -2.100000
       152      0.970300     0.217200    -2.100000
       153      0.904200     0.429700    -2.000000
       154      0.904200     0.429700    -2.100000
       155      0.930200     0.359400    -2.100000
       156      0.826900     0.563400    -2.000000
       157      0.826900     0.563400    -2.100000
       158      0.865600     0.496600    -2.100000
       159      0.727800     0.685400    -2.000000
       160      0.727800     0.685400    -2.100000
       161      0.777300     0.624400    -2.100000
       162      0.609800     0.792000    -2.000000
       163      0.609800     0.792000    -2.100000
       164      0.668800     0.738700    -2.100000
       165      0.474900     0.880100    -2.000000
       166      0.474900     0.880100    -2.100000
       167      0.542400     0.836100    -2.100000
       168      0.325300     0.946500    -2.000000
       169      0.325300     0.946500    -2.100000
       170      0.400100     0.913300    -2.100000
       171      0.165400     0.986300    -2.000000
       172      0.165400     0.986300    -2.100000
       173      0.245400     0.966400    -2.100000
       174      0.000000     1.000000    -2.000000
       175      0.000000     1.000000    -2.100000
       176      0.082700     0.993100    -2.100000
       177      0.986900     0.145100    -2.200000
       178      0.989400     0.144900    -2.300000
       179      0.994700     0.072500    -2.300000
       180      1.000000     0.000000    -2.300000
       181      1.000000     0.000000    -2.200000
       182      0.956200     0.289200    -2.200000
       183      0.956200     0.289200    -2.300000
       184      0.972800     0.217000    -2.300000
       185      0.904200     0.429700    -2.200000
       186      0.904200     0.429700    -2.300000
       187      0.930200     0.359400    -2.300000
       188      0.826900     0.563400    -2.200000
       189      0.826900     0.563400    -2.300000
       190      0.865600     0.496600    -2.300000
       191      0.727800     0.685400    -2.200000
       192      0.727800     0.685400    -2.300000
       193      0.777300     0.624400    -2.300000
       194      0.609800     0.792000    -2.200000
       195      0.609800     0.792000    -2.300000
       196      0.668800     0.738700    -2.300000
       197      0.474900     0.880100    -2.200000
       198      0.474900     0.880100    -2.300000
       199      0.542400     0.836100    -2.300000
       200      0.325300     0.946500    -2.200000
       201      0.325300     0.946500    -2.300000
       202      0.400100     0.913300    -2.300000
       203      0.165400     0.986300    -2.200000
       204      0.165400     0.986300    -2.300000
       205      0.245400     0.966400    -2.300000
       206      0.000000     1.000000    -2.200000
       207      0.000000     1.000000    -2.300000
       208      0.082700     0.993100    -2.300000
       209      0.986900     0.145100    -2.400000
       210      0.984300     0.145300    -2.500000
       211      0.992200     0.072700    -2.500000
       212      1.000000     0.000000    -2.500000
       213      1.000000     0.000000    -2.400000
       214      0.956200     0.289200    -2.400000
       215      0.956200     0.289200    -2.500000
       216      0.970300     0.217200    -2.500000
       217      0.904200     0.429700    -2.400000
       218      0.904200     0.429700    -2.500000
       219      0.930200     0.359400    -2.500000
       220      0.826900     0.563400    -2.400000
       221      0.826900     0.563400    -2.500000
       222      0.865600     0.496600    -2.500000
       223      0.727800     0.685400    -2.400000
       224      0.727800     0.685400    -2.500000
       225      0.777300     0.624400    -2.500000
       226      0.609800     0.792000    -2.400000
       227      0.609800     0.792000    -2.500000
       228      0.668800     0.738700    -2.500000
       229      0.474900     0.880100    -2.400000
       230      0.474900     0.880100    -2.500000
       231      0.542400     0.836100    -2.500000
       232      0.325300     0.946500    -2.400000
       233      0.325300     0.946500    -2.500000
       234      0.400100     0.913300    -2.500000
       235      0.165400     0.986300    -2.400000
       236      0.165400     0.986300    -2.500000
       237      0.245400     0.966400    -2.500000
       238      0.000000     1.000000    -2.400000
       239      0.000000     1.000000    -2.500000
       240      0.082700     0.993100    -2.500000
       241     -1.000000     0.000000    -1.600000
       242     -1.000000     0.000000    -1.700000
       243     -0.992200     0.072700    -1.700000
       244     -0.984300     0.145300    -1.700000
       245     -0.984300     0.145300    -1.600000
       246     -0.970300     0.217200    -1.700000
       247     -0.956200     0.289200    -1.700000
       248     -0.956200     0.289200    -1.600000
       249     -0.930200     0.359400    -1.700000
       250     -0.904200     0.429700    -1.700000
       251     -0.904200     0.429700    -1.600000
       252     -0.865600     0.496600    -1.700000
       253     -0.826900     0.563400    -1.700000
       254     -0.826900     0.563400    -1.600000
       255     -0.777300     0.624400    -1.700000
       256     -0.727800     0.685400    -1.700000
       257     -0.727800     0.685400    -1.600000
       258     -0.668800     0.738700    -1.700000
       259     -0.609800     0.792000    -1.700000
       260     -0.609800     0.792000    -1.600000
       261     -0.542400     0.836100    -1.700000
       262     -0.474900     0.880100    -1.700000
       263     -0.474900     0.880100    -1.600000
       264     -0.400100     0.913300    -1.700000
       265     -0.325300     0.946500    -1.700000
       266     -0.325300     0.946500    -1.600000
       267     -0.245400     0.966400    -1.700000
       268     -0.165400     0.986300    -1.700000
       269     -0.165400     0.986300    -1.600000
       270     -0.082700     0.993100    -1.700000
       271     -1.000000     0.000000    -1.800000
       272     -1.000000     0.000000    -1.900000
       273     -0.992200     0.072700    -1.900000
       274     -0.984300     0.145300    -1.900000
       275     -0.984300     0.145300    -1.800000
       276     -0.970300     0.217200    -1.900000
       277     -0.956200     0.289200    -1.900000
       278     -0.956200     0.289200    -1.800000
       279     -0.930200     0.359400    -1.900000
       280     -0.904200     0.429700    -1.900000
       281     -0.904200     0.429700    -1.800000
       282     -0.865600     0.496600    -1.900000
       283     -0.826900     0.563400    -1.900000
       284     -0.826900     0.563400    -1.800000
       285     -0.777300     0.624400    -1.900000
       286     -0.727800     0.685400    -1.900000
       287     -0.727800     0.685400    -1.800000
       288     -0.668800     0.738700    -1.900000
       289     -0.609800     0.792000    -1.900000
       290     -0.609800     0.792000    -1.800000
       291     -0.542400     0.836100    -1.900000
       292     -0.474900     0.880100    -1.900000
       293     -0.474900     0.880100    -1.800000
       294     -0.400100     0.913300    -1.900000
       295     -0.325300     0.946500    -1.900000
       296     -0.325300     0.946500    -1.800000
       297     -0.245400     0.966400    -1.900000
       298     -0.165400     0.986300    -1.900000
       299     -0.165400     0.986300    -1.800000
       300     -0.082700     0.993100    -1.900000
       301     -1.000000     0.000000    -2.000000
       302     -1.000000     0.000000    -2.100000
       303     -0.992200     0.072700    -2.100000
       304     -0.984300     0.145300    -2.100000
       305     -0.984300     0.145300    -2.000000
       306     -0.970300     0.217200    -2.100000
       307     -0.956200     0.289200    -2.100000
       308     -0.956200     0.289200    -2.000000
       309     -0.930200     0.359400    -2.100000
       310     -0.904200     0.429700    -2.100000
       311     -0.904200     0.429700    -2.000000
       312     -0.865600     0.496600    -2.100000
       313     -0.826900     0.563400    -2.100000
       314     -0.826900     0.563400    -2.000000
       315     -0.777300     0.624400    -2.100000
       316     -0.727800     0.685400    -2.100000
       317     -0.727800     0.685400    -2.000000
       318     -0.668800     0.738700    -2.100000
       319     -0.609800     0.792000    -2.100000
       320     -0.609800     0.792000    -2.000000
       321     -0.542400     0.836100    -2.100000
       322     -0.474900     0.880100    -2.100000
       323     -0.474900     0.880100    -2.000000
       324     -0.400100     0.913300    -2.100000
       325     -0.325300     0.946500    -2.100000
       326     -0.325300     0.946500    -2.000000
       327     -0.245400     0.966400    -2.100000
       328     -0.165400     0.986300    -2.100000
       329     -0.165400     0.986300    -2.000000
       330     -0.082700     0.993100    -2.100000
       331     -1.000000     0.000000    -2.200000
       332     -1.000000     0.000000    -2.300000
       333     -0.994700     0.072500    -2.300000
       334     -0.989400     0.144900    -2.300000
       335     -0.986900     0.145100    -2.200000
       336     -0.972800     0.217000    -2.300000
       337     -0.956200     0.289200    -2.300000
       338     -0.956200     0.289200    -2.200000
       339     -0.930200     0.359400    -2.300000
       340     -0.904200     0.429700    -2.300000
       341     -0.904200     0.429700    -2.200000
       342     -0.865600     0.496600    -2.300000
       343     -0.826900     0.563400    -2.300000
       344     -0.826900     0.563400    -2.200000
       345     -0.777300     0.624400    -2.300000
       346     -0.727800     0.685400    -2.300000
       347     -0.727800     0.685400    -2.200000
       348     -0.668800     0.738700    -2.300000
       349     -0.609800     0.792000    -2.300000
       350     -0.609800     0.792000    -2.200000
       351     -0.542400     0.836100    -2.300000
       352     -0.474900     0.880100    -2.300000
       353     -0.474900     0.880100    -2.200000
       354     -0.400100     0.913300    -2.300000
       355     -0.325300     0.946500    -2.300000
       356     -0.325300     0.946500    -2.200000
       357     -0.245400     0.966400    -2.300000
       358     -0.165400     0.986300    -2.300000
       359     -0.165400     0.986300    -2.200000
       360     -0.082700     0.993100    -2.300000
       361     -1.000000     0.000000    -2.400000
       362     -1.000000     0.000000    -2.500000
       363     -0.992200     0.072700    -2.500000
       364     -0.984300     0.145300    -2.500000
       365     -0.986900     0.145100    -2.400000
       366     -0.970300     0.217200    -2.500000
       367     -0.956200     0.289200    -2.500000
       368     -0.956200     0.289200    -2.400000
       369     -0.930200     0.359400    -2.500000
       370     -0.904200     0.429700    -2.500000
       371     -0.904200     0.429700    -2.400000
       372     -0.865600     0.496600    -2.500000
       373     -0.826900     0.563400    -2.500000
       374     -0.826900     0.563400    -2.400000
       375     -0.777300     0.624400    -2.500000
       376     -0.727800     0.685400    -2.500000
       377     -0.727800     0.685400    -2.400000
       378     -0.668800     0.738700    -2.500000
       379     -0.609800     0.792000    -2.500000
       380     -0.609800     0.792000    -2.400000
       381     -0.542400     0.836100    -2.500000
       382     -0.474900     0.880100    -2.500000
       383     -0.474900     0.880100    -2.400000
       384     -0.400100     0.913300    -2.500000
       385     -0.325300     0.946500    -2.500000
       386     -0.325300     0.946500    -2.400000
       387     -0.245400     0.966400    -2.500000
       388     -0.165400     0.986300    -2.500000
       389     -0.165400     0.986300    -2.400000
       390     -0.082700     0.993100    -2.500000
       391      0.992200    -0.072700    -1.700000
       392      0.984300    -0.145300    -1.700000
       393      0.984300    -0.145300    -1.600000
       394      0.970300    -0.217200    -1.700000
       395      0.956200    -0.289200    -1.700000
       396      0.956200    -0.289200    -1.600000
       397      0.930200    -0.359400    -1.700000
       398      0.904200    -0.429700    -1.700000
       399      0.904200    -0.429700    -1.600000
       400      0.865600    -0.496600    -1.700000
       401      0.826900    -0.563400    -1.700000
       402      0.826900    -0.563400    -1.600000
       403      0.777300    -0.624400    -1.700000
       404      0.727800    -0.685400    -1.700000
       405      0.727800    -0.685400    -1.600000
       406      0.668800    -0.738700    -1.700000
       407      0.609800    -0.792000    -1.700000
       408      0.609800    -0.792000    -1.600000
       409      0.542400    -0.836100    -1.700000
       410      0.474900    -0.880100    -1.700000
       411      0.474900    -0.880100    -1.600000
       412      0.400100    -0.913300    -1.700000
       413      0.325300    -0.946500    -1.700000
       414      0.325300    -0.946500    -1.600000
       415      0.245400    -0.966400    -1.700000
       416      0.165400    -0.986300    -1.700000
       417      0.165400    -0.986300    -1.600000
       418      0.082700    -0.993100    -1.700000
       419      0.000000    -1.000000    -1.700000
       420      0.000000    -1.000000    -1.600000
       421      0.992200    -0.072700    -1.900000
       422      0.984300    -0.145300    -1.900000
       423      0.984300    -0.145300    -1.800000
       424      0.970300    -0.217200    -1.900000
       425      0.956200    -0.289200    -1.900000
       426      0.956200    -0.289200    -1.800000
       427      0.930200    -0.359400    -1.900000
       428      0.904200    -0.429700    -1.900000
       429      0.904200    -0.429700    -1.800000
       430      0.865600    -0.496600    -1.900000
       431      0.826900    -0.563400    -1.900000
       432      0.826900    -0.563400    -1.800000
       433      0.777300    -0.624400    -1.900000
       434      0.727800    -0.685400    -1.900000
       435      0.727800    -0.685400    -1.800000
       436      0.668800    -0.738700    -1.900000
       437      0.609800    -0.792000    -1.900000
       438      0.609800    -0.792000    -1.800000
       439      0.542400    -0.836100    -1.900000
       440      0.474900    -0.880100    -1.900000
       441      0.474900    -0.880100    -1.800000
       442      0.400100    -0.913300    -1.900000
       443      0.325300    -0.946500    -1.900000
       444      0.325300    -0.946500    -1.800000
       445      0.245400    -0.966400    -1.900000
       446      0.165400    -0.986300    -1.900000
       447      0.165400    -0.986300    -1.800000
       448      0.082700    -0.993100    -1.900000
       449      0.000000    -1.000000    -1.900000
       450      0.000000    -1.000000    -1.800000
       451      0.992200    -0.072700    -2.100000
       452      0.984300    -0.145300    -2.100000
       453      0.984300    -0.145300    -2.000000
       454      0.970300    -0.217200    -2.100000
       455      0.956200    -0.289200    -2.100000
       456      0.956200    -0.289200    -2.000000
       457      0.930200    -0.359400    -2.100000
       458      0.904200    -0.429700    -2.100000
       459      0.904200    -0.429700    -2.000000
       460      0.865600    -0.496600    -2.100000
       461      0.826900    -0.563400    -2.100000
       462      0.826900    -0.563400    -2.000000
       463      0.777300    -0.624400    -2.100000
       464      0.727800    -0.685400    -2.100000
       465      0.727800    -0.685400    -2.000000
       466      0.668800    -0.738700    -2.100000
       467      0.609800    -0.792000    -2.100000
       468      0.609800    -0.792000    -2.000000
       469      0.542400    -0.836100    -2.100000
       470      0.474900    -0.880100    -2.100000
       471      0.474900    -0.880100    -2.000000
       472      0.400100    -0.913300    -2.100000
       473      0.325300    -0.946500    -2.100000
       474      0.325300    -0.946500    -2.000000
       475      0.245400    -0.966400    -2.100000
       476      0.165400    -0.986300    -2.100000
       477      0.165400    -0.986300    -2.000000
       478      0.082700    -0.993100    -2.100000
       479      0.000000    -1.000000    -2.100000
       480      0.000000    -1.000000    -2.000000
       481      0.994700    -0.072500    -2.300000
       482      0.989400    -0.144900    -2.300000
       483      0.986900    -0.145100    -2.200000
       484      0.972800    -0.217000    -2.300000
       485      0.956200    -0.289200    -2.300000
       486      0.956200    -0.289200    -2.200000
       487      0.930200    -0.359400    -2.300000
       488      0.904200    -0.429700    -2.300000
       489      0.904200    -0.429700    -2.200000
       490      0.865600    -0.496600    -2.300000
       491      0.826900    -0.563400    -2.300000
       492      0.826900    -0.563400    -2.200000
       493      0.777300    -0.624400    -2.300000
       494      0.727800    -0.685400    -2.300000
       495      0.727800    -0.685400    -2.200000
       496      0.668800    -0.738700    -2.300000
       497      0.609800    -0.792000    -2.300000
       498      0.609800    -0.792000    -2.200000
       499      0.542400    -0.836100    -2.300000
       500      0.474900    -0.880100    -2.300000
       501      0.474900    -0.880100    -2.200000
       502      0.400100    -0.913300    -2.300000
       503      0.325300    -0.946500    -2.300000
       504      0.325300    -0.946500    -2.200000
       505      0.245400    -0.966400    -2.300000
       506      0.165400    -0.986300    -2.300000
       507      0.165400    -0.986300    -2.200000
       508      0.082700    -0.993100    -2.300000
       509      0.000000    -1.000000    -2.300000
       510      0.000000    -1.000000    -2.200000
       511      0.992200    -0.072700    -2.500000
       512      0.984300    -0.145300    -2.500000
       513      0.986900    -0.145100    -2.400000
       514      0.970300    -0.217200    -2.500000
       515      0.956200    -0.289200    -2.500000
       516      0.956200    -0.289200    -2.400000
       517      0.930200    -0.359400    -2.500000
       518      0.904200    -0.429700    -2.500000
       519      0.904200    -0.429700    -2.400000
       520      0.865600    -0.496600    -2.500000
       521      0.826900    -0.563400    -2.500000
       522      0.826900    -0.563400    -2.400000
       523      0.777300    -0.624400    -2.500000
       524      0.727800    -0.685400    -2.500000
       525      0.727800    -0.685400    -2.400000
       526      0.668800    -0.738700    -2.500000
       527      0.609800    -0.792000    -2.500000
       528      0.609800    -0.792000    -2.400000
       529      0.542400    -0.836100    -2.500000
       530      0.474900    -0.880100    -2.500000
       531      0.474900    -0.880100    -2.400000
       532      0.400100    -0.913300    -2.500000
       533      0.325300    -0.946500    -2.500000
       534      0.325300    -0.946500    -2.400000
       535      0.245400    -0.966400    -2.500000
       536      0.165400    -0.986300    -2.500000
       537      0.165400    -0.986300    -2.400000
       538      0.082700    -0.993100    -2.500000
       539      0.000000    -1.000000    -2.500000
       540      0.000000    -1.000000    -2.400000
       541     -0.984300    -0.145300    -1.600000
       542     -0.984300    -0.145300    -1.700000
       543     -0.992200    -0.072700    -1.700000
       544     -0.956200    -0.289200    -1.600000
       545     -0.956200    -0.289200    -1.700000
       546     -0.970300    -0.217200    -1.700000
       547     -0.904200    -0.429700    -1.600000
       548     -0.904200    -0.429700    -1.700000
       549     -0.930200    -0.359400    -1.700000
       550     -0.826900    -0.563400    -1.600000
       551     -0.826900    -0.563400    -1.700000
       552     -0.865600    -0.496600    -1.700000
       553     -0.727800    -0.685400    -1.600000
       554     -0.727800    -0.685400    -1.700000
       555     -0.777300    -0.624400    -1.700000
       556     -0.609800    -0.792000    -1.600000
       557     -0.609800    -0.792000    -1.700000
       558     -0.668800    -0.738700    -1.700000
       559     -0.474900    -0.880100    -1.600000
       560     -0.474900    -0.880100    -1.700000
       561     -0.542400    -0.836100    -1.700000
       562     -0.325300    -0.946500    -1.600000
       563     -0.325300    -0.946500    -1.700000
       564     -0.400100    -0.913300    -1.700000
       565     -0.165400    -0.986300    -1.600000
       566     -0.165400    -0.986300    -1.700000
       567     -0.245400    -0.966400    -1.700000
       568     -0.082700    -0.993100    -1.700000
       569     -0.984300    -0.145300    -1.800000
       570     -0.984300    -0.145300    -1.900000
       571     -0.992200    -0.072700    -1.900000
       572     -0.956200    -0.289200    -1.800000
       573     -0.956200    -0.289200    -1.900000
       574     -0.970300    -0.217200    -1.900000
       575     -0.904200    -0.429700    -1.800000
       576     -0.904200    -0.429700    -1.900000
       577     -0.930200    -0.359400    -1.900000
       578     -0.826900    -0.563400    -1.800000
       579     -0.826900    -0.563400    -1.900000
       580     -0.865600    -0.496600    -1.900000
       581     -0.727800    -0.685400    -1.800000
       582     -0.727800    -0.685400    -1.900000
       583     -0.777300    -0.624400    -1.900000
       584     -0.609800    -0.792000    -1.800000
       585     -0.609800    -0.792000    -1.900000
       586     -0.668800    -0.738700    -1.900000
       587     -0.474900    -0.880100    -1.800000
       588     -0.474900    -0.880100    -1.900000
       589     -0.542400    -0.836100    -1.900000
       590     -0.325300    -0.946500    -1.800000
       591     -0.325300    -0.946500    -1.900000
       592     -0.400100    -0.913300    -1.900000
       593     -0.165400    -0.986300    -1.800000
       594     -0.165400    -0.986300    -1.900000
       595     -0.245400    -0.966400    -1.900000
       596     -0.082700    -0.993100    -1.900000
       597     -0.984300    -0.145300    -2.000000
       598     -0.984300    -0.145300    -2.100000
       599     -0.992200    -0.072700    -2.100000
       600     -0.956200    -0.289200    -2.000000
       601     -0.956200    -0.289200    -2.100000
       602     -0.970300    -0.217200    -2.100000
       603     -0.904200    -0.429700    -2.000000
       604     -0.904200    -0.429700    -2.100000
       605     -0.930200    -0.359400    -2.100000
       606     -0.826900    -0.563400    -2.000000
       607     -0.826900    -0.563400    -2.100000
       608     -0.865600    -0.496600    -2.100000
       609     -0.727800    -0.685400    -2.000000
       610     -0.727800    -0.685400    -2.100000
       611     -0.777300    -0.624400    -2.100000
       612     -0.609800    -0.792000    -2.000000
       613     -0.609800    -0.792000    -2.100000
       614     -0.668800    -0.738700    -2.100000
       615     -0.474900    -0.880100    -2.000000
       616     -0.474900    -0.880100    -2.100000
       617     -0.542400    -0.836100    -2.100000
       618     -0.325300    -0.946500    -2.000000
       619     -0.325300    -0.946500    -2.100000
       620     -0.400100    -0.913300    -2.100000
       621     -0.165400    -0.986300    -2.000000
       622     -0.165400    -0.986300    -2.100000
       623     -0.245400    -0.966400    -2.100000
       624     -0.082700    -0.993100    -2.100000
       625     -0.986900    -0.145100    -2.200000
       626     -0.989400    -0.144900    -2.300000
       627     -0.994700    -0.072500    -2.300000
       628     -0.956200    -0.289200    -2.200000
       629     -0.956200    -0.289200    -2.300000
       630     -0.972800    -0.217000    -2.300000
       631     -0.904200    -0.429700    -2.200000
       632     -0.904200    -0.429700    -2.300000
       633     -0.930200    -0.359400    -2.300000
       634     -0.826900    -0.563400    -2.200000
       635     -0.826900    -0.563400    -2.300000
       636     -0.865600    -0.496600    -2.300000
       637     -0.727800    -0.685400    -2.200000
       638     -0.727800    -0.685400    -2.300000
       639     -0.777300    -0.624400    -2.300000
       640     -0.609800    -0.792000    -2.200000
       641     -0.609800    -0.792000    -2.300000
       642     -0.668800    -0.738700    -2.300000
       643     -0.474900    -0.880100    -2.200000
       644     -0.474900    -0.880100    -2.300000
       645     -0.542400    -0.836100    -2.300000
       646     -0.325300    -0.946500    -2.200000
       647     -0.325300    -0.946500    -2.300000
       648     -0.400100    -0.913300    -2.300000
       649     -0.165400    -0.986300    -2.200000
       650     -0.165400    -0.986300    -2.300000
       651     -0.245400    -0.966400    -2.300000
       652     -0.082700    -0.993100    -2.300000
       653     -0.986900    -0.145100    -2.400000
       654     -0.984300    -0.145300    -2.500000
       655     -0.992200    -0.072700    -2.500000
       656     -0.956200    -0.289200    -2.400000
       657     -0.956200    -0.289200    -2.500000
       658     -0.970300    -0.217200    -2.500000
       659     -0.904200    -0.429700    -2.400000
       660     -0.904200    -0.429700    -2.500000
       661     -0.930200    -0.359400    -2.500000
       662     -0.826900    -0.563400    -2.400000
       663     -0.826900    -0.563400    -2.500000
       664     -0.865600    -0.496600    -2.500000
       665     -0.727800    -0.685400    -2.400000
       666     -0.727800    -0.685400    -2.500000
       667     -0.777300    -0.624400    -2.500000
       668     -0.609800    -0.792000    -2.400000
       669     -0.609800    -0.792000    -2.500000
       670     -0.668800    -0.738700    -2.500000
       671     -0.474900    -0.880100    -2.400000
       672     -0.474900    -0.880100    -2.500000
       673     -0.542400    -0.836100    -2.500000
       674     -0.325300    -0.946500    -2.400000
       675     -0.325300    -0.946500    -2.500000
       676     -0.400100    -0.913300    -2.500000
       677     -0.165400    -0.986300    -2.400000
       678     -0.165400    -0.986300    -2.500000
       679     -0.245400    -0.966400    -2.500000
       680     -0.082700    -0.993100    -2.500000
