         1      1.000000     0.000000     0.000000
         2      0.992162     0.072669     0.000000
         3      0.984325     0.145338     0.000000
         4      0.970262     0.217247     0.000000
         5      0.956199     0.289157     0.000000
         6      0.930221     0.359442     0.000000
         7      0.904243     0.429727     0.000000
         8      0.865560     0.496555     0.000000
         9      0.826878     0.563383     0.000000
        10      0.777327     0.624409     0.000000
        11      0.727776     0.685436     0.000000
        12      0.668810     0.738706     0.000000
        13      0.609844     0.791976     0.000000
        14      0.542375     0.836051     0.000000
        15      0.474906     0.880126     0.000000
        16      0.400126     0.913337     0.000000
        17      0.325347     0.946547     0.000000
        18      0.245396     0.966418     0.000000
        19      0.165445     0.986290     0.000000
        20      0.082723     0.993145     0.000000
        21      0.000000     1.000000     0.000000
        22     -1.000000     0.000000     0.000000
        23     -0.984325     0.145338     0.000000
        24     -0.992162     0.072669     0.000000
        25     -0.956199     0.289157     0.000000
        26     -0.970262     0.217247     0.000000
        27     -0.904243     0.429727     0.000000
        28     -0.930221     0.359442     0.000000
        29     -0.826878     0.563383     0.000000
        30     -0.865560     0.496555     0.000000
        31     -0.727776     0.685436     0.000000
        32     -0.777327     0.624409     0.000000
        33     -0.609844     0.791976     0.000000
        34     -0.668810     0.738706     0.000000
        35     -0.474906     0.880126     0.000000
        36     -0.542375     0.836051     0.000000
        37     -0.325347     0.946547     0.000000
        38     -0.400126     0.913337     0.000000
        39     -0.165445     0.986290     0.000000
        40     -0.245396     0.966418     0.000000
        41     -0.082723     0.993145     0.000000
        42      0.984325    -0.145338     0.000000
        43      0.992162    -0.072669     0.000000
        44      0.956199    -0.289157     0.000000
        45      0.970262    -0.217247     0.000000
        46      0.904243    -0.429727     0.000000
        47      0.930221    -0.359442     0.000000
        48      0.826878    -0.563383     0.000000
        49      0.865560    -0.496555     0.000000
        50      0.727776    -0.685436     0.000000
        51      0.777327    -0.624409     0.000000
        52      0.609844    -0.791976     0.000000
        53      0.668810    -0.738706     0.000000
        54      0.474906    -0.880126     0.000000
        55      0.542375    -0.836051     0.000000
        56      0.325347    -0.946547     0.000000
        57      0.400126    -0.913337     0.000000
        58      0.165445    -0.986290     0.000000
        59      0.245396    -0.966418     0.000000
        60      0.000000    -1.000000     0.000000
        61      0.082723    -0.993145     0.000000
        62     -0.992162    -0.072669     0.000000
        63     -0.984325    -0.145338     0.000000
        64     -0.970262    -0.217247     0.000000
        65     -0.956199    -0.289157     0.000000
        66     -0.930221    -0.359442     0.000000
        67     -0.904243    -0.429727     0.000000
        68     -0.865560    -0.496555     0.000000
        69     -0.826878    -0.563383     0.000000
        70     -0.777327    -0.624409     0.000000
        71     -0.727776    -0.685436     0.000000
        72     -0.668810    -0.738706     0.000000
        73     -0.609844    -0.791976     0.000000
        74     -0.542375    -0.836051     0.000000
        75     -0.474906    -0.880126     0.000000
        76     -0.400126    -0.913337     0.000000
        77     -0.325347    -0.946547     0.000000
        78     -0.245396    -0.966418     0.000000
        79     -0.165445    -0.986290     0.000000
        80     -0.082723    -0.993145     0.000000
        81      0.984300     0.145300    -0.100000
        82      0.984300     0.145300    -0.200000
        83      0.992200     0.072700    -0.200000
        84      1.000000     0.000000    -0.200000
        85      1.000000     0.000000    -0.100000
        86      0.956200     0.289200    -0.100000
        87      0.956200     0.289200    -0.200000
        88      0.970300     0.217200    -0.200000
        89      0.904200     0.429700    -0.100000
        90      0.904200     0.429700    -0.200000
        91      0.930200     0.359400    -0.200000
        92      0.826900     0.563400    -0.100000
        93      0.826900     0.563400    -0.200000
        94      0.865600     0.496600    -0.200000
        95      0.727800     0.685400    -0.100000
        96      0.727800     0.685400    -0.200000
        97      0.777300     0.624400    -0.200000
        98      0.609800     0.792000    -0.100000
        99      0.609800     0.792000    -0.200000
       100      0.668800     0.738700    -0.200000
       101      0.474900     0.880100    -0.100000
       102      0.474900     0.880100    -0.200000
       103      0.542400     0.836100    -0.200000
       104      0.325300     0.946500    -0.100000
       105      0.325300     0.946500    -0.200000
       106      0.400100     0.913300    -0.200000
       107      0.165400     0.986300    -0.100000
       108      0.165400     0.986300    -0.200000
       109      0.245400     0.966400    -0.200000
       110      0.000000     1.000000    -0.100000
       111      0.000000     1.000000    -0.200000
       112      0.082700     0.993100    -0.200000
       113      0.984300     0.145300    -0.300000
       114      0.984300     0.145300    -0.400000
       115      0.992200     0.072700    -0.400000
       116      1.000000     0.000000    -0.400000
       117      1.000000     0.000000    -0.300000
       118      0.956200     0.289200    -0.300000
       119      0.956200     0.289200    -0.400000
       120      0.970300     0.217200    -0.400000
       121      0.904200     0.429700    -0.300000
       122      0.904200     0.429700    -0.400000
       123      0.930200     0.359400    -0.400000
       124      0.826900     0.563400    -0.300000
       125      0.826900     0.563400    -0.400000
       126      0.865600     0.496600    -0.400000
       127      0.727800     0.685400    -0.300000
       128      0.727800     0.685400    -0.400000
       129      0.777300     0.624400    -0.400000
       130      0.609800     0.792000    -0.300000
       131      0.609800     0.792000    -0.400000
       132      0.668800     0.738700    -0.400000
       133      0.474900     0.880100    -0.300000
       134      0.474900     0.880100    -0.400000
       135      0.542400     0.836100    -0.400000
       136      0.325300     0.946500    -0.300000
       137      0.325300     0.946500    -0.400000
       138      0.400100     0.913300    -0.400000
       139      0.165400     0.986300    -0.300000
       140      0.165400     0.986300    -0.400000
       141      0.245400     0.966400    -0.400000
       142      0.000000     1.000000    -0.300000
       143      0.000000     1.000000    -0.400000
       144      0.082700     0.993100    -0.400000
       145      0.984300     0.145300    -0.500000
       146      0.984300     0.145300    -0.600000
       147      0.992200     0.072700    -0.600000
       148      1.000000     0.000000    -0.600000
       149      1.000000     0.000000    -0.500000
       150      0.956200     0.289200    -0.500000
       151      0.956200     0.289200    -0.600000
       152      0.970300     0.217200    -0.600000
       153      0.904200     0.429700    -0.500000
       154      0.904200     0.429700    -0.600000
       155      0.930200     0.359400    -0.600000
       156      0.826900     0.563400    -0.500000
       157      0.826900     0.563400    -0.600000
       158      0.865600     0.496600    -0.600000
       159      0.727800     0.685400    -0.500000
       160      0.727800     0.685400    -0.600000
       161      0.777300     0.624400    -0.600000
       162      0.609800     0.792000    -0.500000
       163      0.609800     0.792000    -0.600000
       164      0.668800     0.738700    -0.600000
       165      0.474900     0.880100    -0.500000
       166      0.474900     0.880100    -0.600000
       167      0.542400     0.836100    -0.600000
       168      0.325300     0.946500    -0.500000
       169      0.325300     0.946500    -0.600000
       170      0.400100     0.913300    -0.600000
       171      0.165400     0.986300    -0.500000
       172      0.165400     0.986300    -0.600000
       173      0.245400     0.966400    -0.600000
       174      0.000000     1.000000    -0.500000
       175      0.000000     1.000000    -0.600000
       176      0.082700     0.993100    -0.600000
       177      0.986900     0.145100    -0.700000
       178      0.989400     0.144900    -0.800000
       179      0.994700     0.072500    -0.800000
       180      1.000000     0.000000    -0.800000
       181      1.000000     0.000000    -0.700000
       182      0.956200     0.289200    -0.700000
       183      0.956200     0.289200    -0.800000
       184      0.972800     0.217000    -0.800000
       185      0.904200     0.429700    -0.700000
       186      0.904200     0.429700    -0.800000
       187      0.930200     0.359400    -0.800000
       188      0.826900     0.563400    -0.700000
       189      0.826900     0.563400    -0.800000
       190      0.865600     0.496600    -0.800000
       191      0.727800     0.685400    -0.700000
       192      0.727800     0.685400    -0.800000
       193      0.777300     0.624400    -0.800000
       194      0.609800     0.792000    -0.700000
       195      0.609800     0.792000    -0.800000
       196      0.668800     0.738700    -0.800000
       197      0.474900     0.880100    -0.700000
       198      0.474900     0.880100    -0.800000
       199      0.542400     0.836100    -0.800000
       200      0.325300     0.946500    -0.700000
       201      0.325300     0.946500    -0.800000
       202      0.400100     0.913300    -0.800000
       203      0.165400     0.986300    -0.700000
       204      0.165400     0.986300    -0.800000
       205      0.245400     0.966400    -0.800000
       206      0.000000     1.000000    -0.700000
       207      0.000000     1.000000    -0.800000
       208      0.082700     0.993100    -0.800000
       209      0.986900     0.145100    -0.900000
       210      0.984300     0.145300    -1.000000
       211      0.992200     0.072700    -1.000000
       212      1.000000     0.000000    -1.000000
       213      1.000000     0.000000    -0.900000
       214      0.956200     0.289200    -0.900000
       215      0.956200     0.289200    -1.000000
       216      0.970300     0.217200    -1.000000
       217      0.904200     0.429700    -0.900000
       218      0.904200     0.429700    -1.000000
       219      0.930200     0.359400    -1.000000
       220      0.826900     0.563400    -0.900000
       221      0.826900     0.563400    -1.000000
       222      0.865600     0.496600    -1.000000
       223      0.727800     0.685400    -0.900000
       224      0.727800     0.685400    -1.000000
       225      0.777300     0.624400    -1.000000
       226      0.609800     0.792000    -0.900000
       227      0.609800     0.792000    -1.000000
       228      0.668800     0.738700    -1.000000
       229      0.474900     0.880100    -0.900000
       230      0.474900     0.880100    -1.000000
       231      0.542400     0.836100    -1.000000
       232      0.325300     0.946500    -0.900000
       233      0.325300     0.946500    -1.000000
       234      0.400100     0.913300    -1.000000
       235      0.165400     0.986300    -0.900000
       236      0.165400     0.986300    -1.000000
       237      0.245400     0.966400    -1.000000
       238      0.000000     1.000000    -0.900000
       239      0.000000     1.000000    -1.000000
       240      0.082700     0.993100    -1.000000
       241     -1.000000     0.000000    -0.100000
       242     -1.000000     0.000000    -0.200000
       243     -0.992200     0.072700    -0.200000
       244     -0.984300     0.145300    -0.200000
       245     -0.984300     0.145300    -0.100000
       246     -0.970300     0.217200    -0.200000
       247     -0.956200     0.289200    -0.200000
       248     -0.956200     0.289200    -0.100000
       249     -0.930200     0.359400    -0.200000
       250     -0.904200     0.429700    -0.200000
       251     -0.904200     0.429700    -0.100000
       252     -0.865600     0.496600    -0.200000
       253     -0.826900     0.563400    -0.200000
       254     -0.826900     0.563400    -0.100000
       255     -0.777300     0.624400    -0.200000
       256     -0.727800     0.685400    -0.200000
       257     -0.727800     0.685400    -0.100000
       258     -0.668800     0.738700    -0.200000
       259     -0.609800     0.792000    -0.200000
       260     -0.609800     0.792000    -0.100000
       261     -0.542400     0.836100    -0.200000
       262     -0.474900     0.880100    -0.200000
       263     -0.474900     0.880100    -0.100000
       264     -0.400100     0.913300    -0.200000
       265     -0.325300     0.946500    -0.200000
       266     -0.325300     0.946500    -0.100000
       267     -0.245400     0.966400    -0.200000
       268     -0.165400     0.986300    -0.200000
       269     -0.165400     0.986300    -0.100000
       270     -0.082700     0.993100    -0.200000
       271     -1.000000     0.000000    -0.300000
       272     -1.000000     0.000000    -0.400000
       273     -0.992200     0.072700    -0.400000
       274     -0.984300     0.145300    -0.400000
       275     -0.984300     0.145300    -0.300000
       276     -0.970300     0.217200    -0.400000
       277     -0.956200     0.289200    -0.400000
       278     -0.956200     0.289200    -0.300000
       279     -0.930200     0.359400    -0.400000
       280     -0.904200     0.429700    -0.400000
       281     -0.904200     0.429700    -0.300000
       282     -0.865600     0.496600    -0.400000
       283     -0.826900     0.563400    -0.400000
       284     -0.826900     0.563400    -0.300000
       285     -0.777300     0.624400    -0.400000
       286     -0.727800     0.685400    -0.400000
       287     -0.727800     0.685400    -0.300000
       288     -0.668800     0.738700    -0.400000
       289     -0.609800     0.792000    -0.400000
       290     -0.609800     0.792000    -0.300000
       291     -0.542400     0.836100    -0.400000
       292     -0.474900     0.880100    -0.400000
       293     -0.474900     0.880100    -0.300000
       294     -0.400100     0.913300    -0.400000
       295     -0.325300     0.946500    -0.400000
       296     -0.325300     0.946500    -0.300000
       297     -0.245400     0.966400    -0.400000
       298     -0.165400     0.986300    -0.400000
       299     -0.165400     0.986300    -0.300000
       300     -0.082700     0.993100    -0.400000
       301     -1.000000     0.000000    -0.500000
       302     -1.000000     0.000000    -0.600000
       303     -0.992200     0.072700    -0.600000
       304     -0.984300     0.145300    -0.600000
       305     -0.984300     0.145300    -0.500000
       306     -0.970300     0.217200    -0.600000
       307     -0.956200     0.289200    -0.600000
       308     -0.956200     0.289200    -0.500000
       309     -0.930200     0.359400    -0.600000
       310     -0.904200     0.429700    -0.600000
       311     -0.904200     0.429700    -0.500000
       312     -0.865600     0.496600    -0.600000
       313     -0.826900     0.563400    -0.600000
       314     -0.826900     0.563400    -0.500000
       315     -0.777300     0.624400    -0.600000
       316     -0.727800     0.685400    -0.600000
       317     -0.727800     0.685400    -0.500000
       318     -0.668800     0.738700    -0.600000
       319     -0.609800     0.792000    -0.600000
       320     -0.609800     0.792000    -0.500000
       321     -0.542400     0.836100    -0.600000
       322     -0.474900     0.880100    -0.600000
       323     -0.474900     0.880100    -0.500000
       324     -0.400100     0.913300    -0.600000
       325     -0.325300     0.946500    -0.600000
       326     -0.325300     0.946500    -0.500000
       327     -0.245400     0.966400    -0.600000
       328     -0.165400     0.986300    -0.600000
       329     -0.165400     0.986300    -0.500000
       330     -0.082700     0.993100    -0.600000
       331     -1.000000     0.000000    -0.700000
       332     -1.000000     0.000000    -0.800000
       333     -0.994700     0.072500    -0.800000
       334     -0.989400     0.144900    -0.800000
       335     -0.986900     0.145100    -0.700000
       336     -0.972800     0.217000    -0.800000
       337     -0.956200     0.289200    -0.800000
       338     -0.956200     0.289200    -0.700000
       339     -0.930200     0.359400    -0.800000
       340     -0.904200     0.429700    -0.800000
       341     -0.904200     0.429700    -0.700000
       342     -0.865600     0.496600    -0.800000
       343     -0.826900     0.563400    -0.800000
       344     -0.826900     0.563400    -0.700000
       345     -0.777300     0.624400    -0.800000
       346     -0.727800     0.685400    -0.800000
       347     -0.727800     0.685400    -0.700000
       348     -0.668800     0.738700    -0.800000
       349     -0.609800     0.792000    -0.800000
       350     -0.609800     0.792000    -0.700000
       351     -0.542400     0.836100    -0.800000
       352     -0.474900     0.880100    -0.800000
       353     -0.474900     0.880100    -0.700000
       354     -0.400100     0.913300    -0.800000
       355     -0.325300     0.946500    -0.800000
       356     -0.325300     0.946500    -0.700000
       357     -0.245400     0.966400    -0.800000
       358     -0.165400     0.986300    -0.800000
       359     -0.165400     0.986300    -0.700000
       360     -0.082700     0.993100    -0.800000
       361     -1.000000     0.000000    -0.900000
       362     -1.000000     0.000000    -1.000000
       363     -0.992200     0.072700    -1.000000
       364     -0.984300     0.145300    -1.000000
       365     -0.986900     0.145100    -0.900000
       366     -0.970300     0.217200    -1.000000
       367     -0.956200     0.289200    -1.000000
       368     -0.956200     0.289200    -0.900000
       369     -0.930200     0.359400    -1.000000
       370     -0.904200     0.429700    -1.000000
       371     -0.904200     0.429700    -0.900000
       372     -0.865600     0.496600    -1.000000
       373     -0.826900     0.563400    -1.000000
       374     -0.826900     0.563400    -0.900000
       375     -0.777300     0.624400    -1.000000
       376     -0.727800     0.685400    -1.000000
       377     -0.727800     0.685400    -0.900000
       378     -0.668800     0.738700    -1.000000
       379     -0.609800     0.792000    -1.000000
       380     -0.609800     0.792000    -0.900000
       381     -0.542400     0.836100    -1.000000
       382     -0.474900     0.880100    -1.000000
       383     -0.474900     0.880100    -0.900000
       384     -0.400100     0.913300    -1.000000
       385     -0.325300     0.946500    -1.000000
       386     -0.325300     0.946500    -0.900000
       387     -0.245400     0.966400    -1.000000
       388     -0.165400     0.986300    -1.000000
       389     -0.165400     0.986300    -0.900000
       390     -0.082700     0.993100    -1.000000
       391      0.992200    -0.072700    -0.200000
       392      0.984300    -0.145300    -0.200000
       393      0.984300    -0.145300    -0.100000
       394      0.970300    -0.217200    -0.200000
       395      0.956200    -0.289200    -0.200000
       396      0.956200    -0.289200    -0.100000
       397      0.930200    -0.359400    -0.200000
       398      0.904200    -0.429700    -0.200000
       399      0.904200    -0.429700    -0.100000
       400      0.865600    -0.496600    -0.200000
       401      0.826900    -0.563400    -0.200000
       402      0.826900    -0.563400    -0.100000
       403      0.777300    -0.624400    -0.200000
       404      0.727800    -0.685400    -0.200000
       405      0.727800    -0.685400    -0.100000
       406      0.668800    -0.738700    -0.200000
       407      0.609800    -0.792000    -0.200000
       408      0.609800    -0.792000    -0.100000
       409      0.542400    -0.836100    -0.200000
       410      0.474900    -0.880100    -0.200000
       411      0.474900    -0.880100    -0.100000
       412      0.400100    -0.913300    -0.200000
       413      0.325300    -0.946500    -0.200000
       414      0.325300    -0.946500    -0.100000
       415      0.245400    -0.966400    -0.200000
       416      0.165400    -0.986300    -0.200000
       417      0.165400    -0.986300    -0.100000
       418      0.082700    -0.993100    -0.200000
       419      0.000000    -1.000000    -0.200000
       420      0.000000    -1.000000    -0.100000
       421      0.992200    -0.072700    -0.400000
       422      0.984300    -0.145300    -0.400000
       423      0.984300    -0.145300    -0.300000
       424      0.970300    -0.217200    -0.400000
       425      0.956200    -0.289200    -0.400000
       426      0.956200    -0.289200    -0.300000
       427      0.930200    -0.359400    -0.400000
       428      0.904200    -0.429700    -0.400000
       429      0.904200    -0.429700    -0.300000
       430      0.865600    -0.496600    -0.400000
       431      0.826900    -0.563400    -0.400000
       432      0.826900    -0.563400    -0.300000
       433      0.777300    -0.624400    -0.400000
       434      0.727800    -0.685400    -0.400000
       435      0.727800    -0.685400    -0.300000
       436      0.668800    -0.738700    -0.400000
       437      0.609800    -0.792000    -0.400000
       438      0.609800    -0.792000    -0.300000
       439      0.542400    -0.836100    -0.400000
       440      0.474900    -0.880100    -0.400000
       441      0.474900    -0.880100    -0.300000
       442      0.400100    -0.913300    -0.400000
       443      0.325300    -0.946500    -0.400000
       444      0.325300    -0.946500    -0.300000
       445      0.245400    -0.966400    -0.400000
       446      0.165400    -0.986300    -0.400000
       447      0.165400    -0.986300    -0.300000
       448      0.082700    -0.993100    -0.400000
       449      0.000000    -1.000000    -0.400000
       450      0.000000    -1.000000    -0.300000
       451      0.992200    -0.072700    -0.600000
       452      0.984300    -0.145300    -0.600000
       453      0.984300    -0.145300    -0.500000
       454      0.970300    -0.217200    -0.600000
       455      0.956200    -0.289200    -0.600000
       456      0.956200    -0.289200    -0.500000
       457      0.930200    -0.359400    -0.600000
       458      0.904200    -0.429700    -0.600000
       459      0.904200    -0.429700    -0.500000
       460      0.865600    -0.496600    -0.600000
       461      0.826900    -0.563400    -0.600000
       462      0.826900    -0.563400    -0.500000
       463      0.777300    -0.624400    -0.600000
       464      0.727800    -0.685400    -0.600000
       465      0.727800    -0.685400    -0.500000
       466      0.668800    -0.738700    -0.600000
       467      0.609800    -0.792000    -0.600000
       468      0.609800    -0.792000    -0.500000
       469      0.542400    -0.836100    -0.600000
       470      0.474900    -0.880100    -0.600000
       471      0.474900    -0.880100    -0.500000
       472      0.400100    -0.913300    -0.600000
       473      0.325300    -0.946500    -0.600000
       474      0.325300    -0.946500    -0.500000
       475      0.245400    -0.966400    -0.600000
       476      0.165400    -0.986300    -0.600000
       477      0.165400    -0.986300    -0.500000
       478      0.082700    -0.993100    -0.600000
       479      0.000000    -1.000000    -0.600000
       480      0.000000    -1.000000    -0.500000
       481      0.994700    -0.072500    -0.800000
       482      0.989400    -0.144900    -0.800000
       483      0.986900    -0.145100    -0.700000
       484      0.972800    -0.217000    -0.800000
       485      0.956200    -0.289200    -0.800000
       486      0.956200    -0.289200    -0.700000
       487      0.930200    -0.359400    -0.800000
       488      0.904200    -0.429700    -0.800000
       489      0.904200    -0.429700    -0.700000
       490      0.865600    -0.496600    -0.800000
       491      0.826900    -0.563400    -0.800000
       492      0.826900    -0.563400    -0.700000
       493      0.777300    -0.624400    -0.800000
       494      0.727800    -0.685400    -0.800000
       495      0.727800    -0.685400    -0.700000
       496      0.668800    -0.738700    -0.800000
       497      0.609800    -0.792000    -0.800000
       498      0.609800    -0.792000    -0.700000
       499      0.542400    -0.836100    -0.800000
       500      0.474900    -0.880100    -0.800000
       501      0.474900    -0.880100    -0.700000
       502      0.400100    -0.913300    -0.800000
       503      0.325300    -0.946500    -0.800000
       504      0.325300    -0.946500    -0.700000
       505      0.245400    -0.966400    -0.800000
       506      0.165400    -0.986300    -0.800000
       507      0.165400    -0.986300    -0.700000
       508      0.082700    -0.993100    -0.800000
       509      0.000000    -1.000000    -0.800000
       510      0.000000    -1.000000    -0.700000
       511      0.992200    -0.072700    -1.000000
       512      0.984300    -0.145300    -1.000000
       513      0.986900    -0.145100    -0.900000
       514      0.970300    -0.217200    -1.000000
       515      0.956200    -0.289200    -1.000000
       516      0.956200    -0.289200    -0.900000
       517      0.930200    -0.359400    -1.000000
       518      0.904200    -0.429700    -1.000000
       519      0.904200    -0.429700    -0.900000
       520      0.865600    -0.496600    -1.000000
       521      0.826900    -0.563400    -1.000000
       522      0.826900    -0.563400    -0.900000
       523      0.777300    -0.624400    -1.000000
       524      0.727800    -0.685400    -1.000000
       525      0.727800    -0.685400    -0.900000
       526      0.668800    -0.738700    -1.000000
       527      0.609800    -0.792000    -1.000000
       528      0.609800    -0.792000    -0.900000
       529      0.542400    -0.836100    -1.000000
       530      0.474900    -0.880100    -1.000000
       531      0.474900    -0.880100    -0.900000
       532      0.400100    -0.913300    -1.000000
       533      0.325300    -0.946500    -1.000000
       534      0.325300    -0.946500    -0.900000
       535      0.245400    -0.966400    -1.000000
       536      0.165400    -0.986300    -1.000000
       537      0.165400    -0.986300    -0.900000
       538      0.082700    -0.993100    -1.000000
       539      0.000000    -1.000000    -1.000000
       540      0.000000    -1.000000    -0.900000
       541     -0.984300    -0.145300    -0.100000
       542     -0.984300    -0.145300    -0.200000
       543     -0.992200    -0.072700    -0.200000
       544     -0.956200    -0.289200    -0.100000
       545     -0.956200    -0.289200    -0.200000
       546     -0.970300    -0.217200    -0.200000
       547     -0.904200    -0.429700    -0.100000
       548     -0.904200    -0.429700    -0.200000
       549     -0.930200    -0.359400    -0.200000
       550     -0.826900    -0.563400    -0.100000
       551     -0.826900    -0.563400    -0.200000
       552     -0.865600    -0.496600    -0.200000
       553     -0.727800    -0.685400    -0.100000
       554     -0.727800    -0.685400    -0.200000
       555     -0.777300    -0.624400    -0.200000
       556     -0.609800    -0.792000    -0.100000
       557     -0.609800    -0.792000    -0.200000
       558     -0.668800    -0.738700    -0.200000
       559     -0.474900    -0.880100    -0.100000
       560     -0.474900    -0.880100    -0.200000
       561     -0.542400    -0.836100    -0.200000
       562     -0.325300    -0.946500    -0.100000
       563     -0.325300    -0.946500    -0.200000
       564     -0.400100    -0.913300    -0.200000
       565     -0.165400    -0.986300    -0.100000
       566     -0.165400    -0.986300    -0.200000
       567     -0.245400    -0.966400    -0.200000
       568     -0.082700    -0.993100    -0.200000
       569     -0.984300    -0.145300    -0.300000
       570     -0.984300    -0.145300    -0.400000
       571     -0.992200    -0.072700    -0.400000
       572     -0.956200    -0.289200    -0.300000
       573     -0.956200    -0.289200    -0.400000
       574     -0.970300    -0.217200    -0.400000
       575     -0.904200    -0.429700    -0.300000
       576     -0.904200    -0.429700    -0.400000
       577     -0.930200    -0.359400    -0.400000
       578     -0.826900    -0.563400    -0.300000
       579     -0.826900    -0.563400    -0.400000
       580     -0.865600    -0.496600    -0.400000
       581     -0.727800    -0.685400    -0.300000
       582     -0.727800    -0.685400    -0.400000
       583     -0.777300    -0.624400    -0.400000
       584     -0.609800    -0.792000    -0.300000
       585     -0.609800    -0.792000    -0.400000
       586     -0.668800    -0.738700    -0.400000
       587     -0.474900    -0.880100    -0.300000
       588     -0.474900    -0.880100    -0.400000
       589     -0.542400    -0.836100    -0.400000
       590     -0.325300    -0.946500    -0.300000
       591     -0.325300    -0.946500    -0.400000
       592     -0.400100    -0.913300    -0.400000
       593     -0.165400    -0.986300    -0.300000
       594     -0.165400    -0.986300    -0.400000
       595     -0.245400    -0.966400    -0.400000
       596     -0.082700    -0.993100    -0.400000
       597     -0.984300    -0.145300    -0.500000
       598     -0.984300    -0.145300    -0.600000
       599     -0.992200    -0.072700    -0.600000
       600     -0.956200    -0.289200    -0.500000
       601     -0.956200    -0.289200    -0.600000
       602     -0.970300    -0.217200    -0.600000
       603     -0.904200    -0.429700    -0.500000
       604     -0.904200    -0.429700    -0.600000
       605     -0.930200    -0.359400    -0.600000
       606     -0.826900    -0.563400    -0.500000
       607     -0.826900    -0.563400    -0.600000
       608     -0.865600    -0.496600    -0.600000
       609     -0.727800    -0.685400    -0.500000
       610     -0.727800    -0.685400    -0.600000
       611     -0.777300    -0.624400    -0.600000
       612     -0.609800    -0.792000    -0.500000
       613     -0.609800    -0.792000    -0.600000
       614     -0.668800    -0.738700    -0.600000
       615     -0.474900    -0.880100    -0.500000
       616     -0.474900    -0.880100    -0.600000
       617     -0.542400    -0.836100    -0.600000
       618     -0.325300    -0.946500    -0.500000
       619     -0.325300    -0.946500    -0.600000
       620     -0.400100    -0.913300    -0.600000
       621     -0.165400    -0.986300    -0.500000
       622     -0.165400    -0.986300    -0.600000
       623     -0.245400    -0.966400    -0.600000
       624     -0.082700    -0.993100    -0.600000
       625     -0.986900    -0.145100    -0.700000
       626     -0.989400    -0.144900    -0.800000
       627     -0.994700    -0.072500    -0.800000
       628     -0.956200    -0.289200    -0.700000
       629     -0.956200    -0.289200    -0.800000
       630     -0.972800    -0.217000    -0.800000
       631     -0.904200    -0.429700    -0.700000
       632     -0.904200    -0.429700    -0.800000
       633     -0.930200    -0.359400    -0.800000
       634     -0.826900    -0.563400    -0.700000
       635     -0.826900    -0.563400    -0.800000
       636     -0.865600    -0.496600    -0.800000
       637     -0.727800    -0.685400    -0.700000
       638     -0.727800    -0.685400    -0.800000
       639     -0.777300    -0.624400    -0.800000
       640     -0.609800    -0.792000    -0.700000
       641     -0.609800    -0.792000    -0.800000
       642     -0.668800    -0.738700    -0.800000
       643     -0.474900    -0.880100    -0.700000
       644     -0.474900    -0.880100    -0.800000
       645     -0.542400    -0.836100    -0.800000
       646     -0.325300    -0.946500    -0.700000
       647     -0.325300    -0.946500    -0.800000
       648     -0.400100    -0.913300    -0.800000
       649     -0.165400    -0.986300    -0.700000
       650     -0.165400    -0.986300    -0.800000
       651     -0.245400    -0.966400    -0.800000
       652     -0.082700    -0.993100    -0.800000
       653     -0.986900    -0.145100    -0.900000
       654     -0.984300    -0.145300    -1.000000
       655     -0.992200    -0.072700    -1.000000
       656     -0.956200    -0.289200    -0.900000
       657     -0.956200    -0.289200    -1.000000
       658     -0.970300    -0.217200    -1.000000
       659     -0.904200    -0.429700    -0.900000
       660     -0.904200    -0.429700    -1.000000
       661     -0.930200    -0.359400    -1.000000
       662     -0.826900    -0.563400    -0.900000
       663     -0.826900    -0.563400    -1.000000
       664     -0.865600    -0.496600    -1.000000
       665     -0.727800    -0.685400    -0.900000
       666     -0.727800    -0.685400    -1.000000
       667     -0.777300    -0.624400    -1.000000
       668     -0.609800    -0.792000    -0.900000
       669     -0.609800    -0.792000    -1.000000
       670     -0.668800    -0.738700    -1.000000
       671     -0.474900    -0.880100    -0.900000
       672     -0.474900    -0.880100    -1.000000
       673     -0.542400    -0.836100    -1.000000
       674     -0.325300    -0.946500    -0.900000
       675     -0.325300    -0.946500    -1.000000
       676     -0.400100    -0.913300    -1.000000
       677     -0.165400    -0.986300    -0.900000
       678     -0.165400    -0.986300    -1.000000
       679     -0.245400    -0.966400    -1.000000
       680     -0.082700    -0.993100    -1.000000
