       1  0.0000000000 -3.1316130349
       2 -0.4635044515 -3.0971218614
       3 -0.9069244179 -2.9974136019
       4 -1.0633320423 -2.9455602470
       5 -1.2167985618 -2.8855504606
       6 -0.6207128783 -3.0694813443
       7  0.0000000000 -3.1316130349
       8  0.0000000000 -3.1316130349
       9 -1.3429006210 -2.8290666523
      10 -1.7191028483 -2.6175724627
      11 -1.9200026682 -2.4739826101
      12 -2.1089664503 -2.3150077132
      13 -1.6871732378 -2.6382658445
      14 -2.0344120274 -2.3807914448
      15 -2.2764317960 -2.1505484135
      16 -2.4951582072 -1.8924021036
      17 -2.6847577088 -1.6121650802
      18 -2.4459336816 -1.9556095279
      19 -2.4461096766 -1.9553893860
      20 -2.5579388331 -1.8066402870
      21 -2.8175071131 -1.3669871501
      22 -3.0021859082 -0.8909994239
      23 -2.8662441483 -1.2616040120
      24 -2.6162250404 -1.7211527353
      25 -2.6351615046 -1.6920177439
      26 -2.9549824788 -1.0368600438
      27 -3.1146504606 -0.3255037771
      28 -3.0714602589 -0.6108453801
      29 -1.4444440117 -2.7785934747
      30 -1.6627717525 -2.6537125503
      31 -0.8650446793 -3.0097670846
      32  0.0000000000 -3.1316130349
      33  0.0000000000 -3.1316130349
      34 -2.3305017427 -2.0918321701
      35 -2.5285382947 -1.8475644218
      36 -2.1340650853 -2.2918914486
      37 -2.8641535356 -1.2663430519
      38 -2.9992229621 -0.9009227625
      39 -2.8218548171 -1.3579895405
      40 -3.1179690081 -0.2920093576
      41 -3.1154194081  0.3180599191
      42 -3.1174817599 -0.2971660766
      43 -3.1055104467  0.4034910978
      44 -2.9280588419  1.1106176745
      45 -3.0476125234  0.7204568743
      46 -1.6381327746 -2.6689925465
      47 -1.6133533925 -2.6840437835
      48 -0.8371405645 -3.0176474075
      49  0.0000000000 -3.1316130349
      50  0.0000000000 -3.1316130349
      51 -2.7235975656 -1.5456443645
      52 -2.8827743792 -1.2233609766
      53 -2.6990153414 -1.5881802126
      54 -2.4693321864 -1.9259799464
      55 -2.0978487615 -2.3250872617
      56 -2.5407411377 -1.8307470256
      57 -2.6084793834 -1.7328691547
      58 -2.1638279253 -2.2638129141
      59 -2.9815660738 -0.9577389770
      60 -3.0559401061 -0.6842735333
      61 -2.8803292680 -1.2291067929
      62 -3.0688757340 -0.6237001923
      63 -3.1129608153 -0.3412845778
      64 -3.0364305464 -0.7662178134
      65 -3.1316120370 -0.0025000503
      66 -3.1135017604  0.3363138249
      67 -3.1280818404 -0.1486748143
      68 -3.1106693640  0.3615747621
      69 -3.1053119582  0.4050158547
      70 -3.1314485714  0.0320943168
      71 -2.9491178065  1.0534250633
      72 -2.6118840178  1.7277332196
      73 -2.7718735023  1.4572980092
      74 -2.9039583611  1.1721885675
      75 -3.0290214485  0.7950026825
      76 -3.0376188412  0.7614932541
      77 -2.5919113614  1.7575538955
      78 -2.1152893008  2.3092317715
      79 -2.3814023259  2.0336969202
      80 -1.7066001435 -2.6257410670
      81 -1.7977422856 -2.5642002409
      82 -0.9425823391 -2.9863922607
      83  0.0000000000 -3.1316130349
      84  0.0000000000 -3.1316130349
      85 -2.7203457092 -1.5513605071
      86 -2.8196034808 -1.3626578483
      87 -2.3855610141 -2.0288171058
      88 -3.1085158764 -0.3796435784
      89 -3.1308010046 -0.0713110827
      90 -3.0444573028 -0.7336756314
      91 -3.0489415823  0.7148114636
      92 -2.9385477961  1.0825604143
      93 -3.0836538812  0.5459660629
      94 -2.6887775658  1.6054517751
      95 -2.4094337499  2.0004072599
      96 -2.7130863167  1.5640213677
      97 -2.1867893874  2.2416405546
      98 -1.6625107614  2.6538760651
      99 -2.0620228892  2.3569178613
     100 -1.5240233795  2.7357545466
     101 -0.8501558492  3.0140065084
     102 -1.2691731527  2.8629005762
     103 -1.9998297258 -2.4099131247
     104 -2.1887373229 -2.2397386303
     105 -1.1817371771 -2.9000857651
     106  0.0000000000 -3.1316130349
     107  0.0000000000 -3.1316130349
     108 -2.9414066322 -1.0747684517
     109 -3.0339025753 -0.7761670983
     110 -2.7119177784 -1.5660466672
     111 -3.1191466404  0.2791494872
     112 -3.0683849670  0.6261101302
     113 -3.1306666492 -0.0769839740
     114 -2.7767427839  1.4479985196
     115 -2.5697131719  1.7898531825
     116 -2.8654180087  1.2634792583
     117 -2.0754378215  2.3451136539
     118 -1.6926878813  2.6347310939
     119 -2.1726643449  2.2553336438
     120 -1.0332344668  2.9562521437
     121 -0.3526051510  3.1116988621
     122 -1.0500859298  2.9503084145
     123 -0.1302145445  3.1289046603
     124  0.5967840918  3.0742233081
     125  0.1235205634  3.1291760690
     126 -2.1030470488 -2.3203864573
     127 -2.0143850008 -2.3977600525
     128 -1.0719491298 -2.9424352607
     129  0.0000000000 -3.1316130349
     130  0.0000000000 -3.1316130349
     131 -3.1114059544 -0.3551804997
     132 -3.1307749597  0.0724455125
     133 -3.0912376011 -0.5012487350
     134 -2.9474638359 -1.0580440146
     135 -2.6351919604 -1.6919703107
     136 -2.9837562309 -0.9508937667
     137 -3.0161547697 -0.8425025851
     138 -2.6327341383 -1.6957921917
     139 -3.1079504666  0.3842448411
     140 -3.0541511203  0.6922146596
     141 -3.1306536717 -0.0775099249
     142 -2.9696110067  0.9941884476
     143 -2.8268568894  1.3475460390
     144 -3.0462788202  0.7260754437
     145 -2.6521355947  1.6652858578
     146 -2.4418561251  1.9606985655
     147 -2.8202458697  1.3613278207
     148 -2.3367952078  2.0847993567
     149 -2.0702195100  2.3497215539
     150 -2.4818802648  1.9097828546
     151 -1.7624209406  2.5886043786
     152 -1.4273442123  2.7874161333
     153 -1.9563440191  2.4453462494
     154 -1.4003796057  2.8010600066
     155 -1.0919199950  2.9350827800
     156 -1.6079327798  2.6872946203
     157 -0.6970911943  3.0530417730
     158 -0.2901925512  3.1181386249
     159 -0.8745441527  3.0070205729
     160 -0.2896437543  3.1181896505
     161 -0.2265671582  3.1234063974
     162 -0.6659328057  3.0599891665
     163  0.4838527460  3.0940081966
     164  1.2857727913  2.8554839397
     165  1.0100042730  2.9642691459
     166  0.7251818573  3.0464916666
     167  0.2522576280  3.1214365747
     168  0.2204251478  3.1238458597
     169  1.2914412430  2.8529247653
     170  1.9161021468  2.4770047969
     171  1.6120845894  2.6848060409
     172 -2.0337858089 -2.3813264128
     173 -2.0530525542 -2.3647358013
     174 -1.0958031690 -2.9336352220
     175  0.0000000000 -3.1316130349
     176  0.0000000000 -3.1316130349
     177 -3.0751091152 -0.5922027780
     178 -3.1133292767 -0.3379068151
     179 -2.7748672524 -1.4515894503
     180 -2.9602541371  1.0217121143
     181 -2.8309229542  1.3389829827
     182 -3.0881259509  0.5200752947
     183 -2.1899188243  2.2385834234
     184 -1.9065671705  2.4843513892
     185 -2.4369900220  1.9667434590
     186 -1.0627801835  2.9457594067
     187 -0.6810959850  3.0566498753
     188 -1.3002343827  2.8489280003
     189  0.1616488429  3.1274382252
     190  0.6101236303  3.0716037108
     191 -0.0362653151  3.1314030446
     192  1.3336377244  2.8334450093
     193  1.8855783266  2.5003188946
     194  1.2801278485  2.8580190504
     195  1.9226396985  2.4719338159
     196  2.4511490587  1.9490686218
     197  2.1858111354  2.2425944531
     198  2.4369146798  1.9668368118
     199  2.8256533392  1.3500679269
     200  2.6553458051  1.6601622980
     201 -2.0280194355 -2.3862391686
     202 -2.0027611083 -2.4074775479
     203 -1.0648282496 -2.9450196943
     204  0.0000000000 -3.1316130349
     205  0.0000000000 -3.1316130349
     206 -3.0941575689 -0.4828966137
     207 -3.0682367098 -0.6268362570
     208 -2.6872710265 -1.6079722109
     209 -2.6183515091  1.7179160560
     210 -2.3553788961  2.0637806222
     211 -2.7082201046  1.5724325314
     212 -2.9600129306  1.0224107058
     213 -3.1119105596  0.3507319056
     214 -2.9358278553  1.0899151365
     215 -2.9101035387  1.1568481296
     216 -3.1193783663  0.2765480221
     217 -2.1392979762  2.2870077327
     218 -1.9021619088  2.4877259240
     219 -2.4964551529  1.8906908447
     220 -1.5829663392  2.7020765662
     221 -1.2348112502  2.8778883538
     222 -1.8406681318  2.5335629121
     223 -0.8791799369  3.0056684513
     224 -0.5107498259  3.0896819927
     225 -1.2434335973  2.8741734620
     226 -0.2996017577  3.1172486246
     227  0.0864476745  3.1304196205
     228 -0.5635092213  3.0804963169
     229  0.4900707209  3.0930294032
     230  0.8854799632  3.0038184758
     231  0.2169419233  3.1240896918
     232  0.9383088831  2.9877377128
     233  1.2555161934  2.8689160477
     234  0.6836043259  3.0560898753
     235  1.6567444667  2.6574796279
     236  2.0232270002  2.3903038941
     237  1.4863512332  2.7564034923
     238  1.9476499775  2.4522764456
     239  2.0085004758  2.4026914158
     240  1.6485728847  2.6625565993
     241  2.4745431830  1.9192801349
     242  2.8907969723  1.2042811406
     243  2.7746020681  1.4520962655
     244  2.6372125680  1.6888191354
     245  2.3501203861  2.0697667432
     246  2.3564676103  2.0625374184
     247  2.8473170050  1.3037584414
     248  3.0770148210  0.5822198826
     249  3.0000724078  0.8980900558
     250  3.0612460585  0.6601308732
     251  3.1309262160 -0.0655837698
     252  3.1208243402  0.2597222332
     253 -1.9962150205 -2.4129081608
     254 -1.9896542073 -2.4183209745
     255 -1.0568256585 -2.9479009020
     256  0.0000000000 -3.1316130349
     257  0.0000000000 -3.1316130349
     258 -3.0672494275 -0.6316495469
     259 -3.0662552308 -0.6364582155
     260 -2.6803578353 -1.6194696895
     261 -2.8645796922  1.2653787526
     262 -2.8150113119  1.3721193514
     263 -3.1073974302  0.3886919233
     264 -1.5952174110  2.6948620767
     265 -1.2659687730  2.8643189883
     266 -2.1726169825  2.2553792693
     267 -0.1171408823  3.1294213865
     268  0.2783374803  3.1192192048
     269 -0.5099990181  3.0898060137
     270  1.2821652905  2.8571055928
     271  1.6554607109  2.6582795255
     272  1.0173940115  2.9617409789
     273  2.4257909426  1.9805399525
     274  2.7467372456  1.5041391904
     275  2.2754882312  2.1515467716
     276  2.9219756928  1.1265248561
     277  3.0883745534  0.5185969714
     278  2.9588769420  1.0256936397
     279  3.0907274161  0.5043850118
     280  3.1236801806 -0.2227607018
     281  3.1280679027  0.1489677698
     282  3.1278027223 -0.1544355248
     283  3.0046930347 -0.8825077723
     284  3.0818919236 -0.5558258470
     285  3.0309165180 -0.7877469529
     286  2.7666381156 -1.4672129149
     287  2.9004377709 -1.1808729559
     288 -1.9950710779 -2.4138540956
     289 -2.0004779200 -2.4093750833
     290 -1.0634321907 -2.9455240920
     291  0.0000000000 -3.1316130349
     292  0.0000000000 -3.1316130349
     293 -3.0702916427 -0.6166923297
     294 -3.0742000429 -0.5969039258
     295 -2.6943184725 -1.5961353857
     296 -2.7959891887  1.4104767483
     297 -2.7764458858  1.4485677215
     298 -3.0989516958  0.4511081774
     299 -1.3003625831  2.8488694869
     300 -1.3345678928  2.8330070138
     301 -2.1689333118  2.2589219751
     302  0.7016293575  3.0520020389
     303  1.1117790696  2.9276180593
     304  0.5970822887  3.0741654056
     305  0.0649492137  3.1309394437
     306 -0.6151274043  3.0706055554
     307  0.2007031726  3.1251749450
     308  0.3360792938  3.1135270850
     309 -0.5185712551  3.0883788715
     310  1.4054323754  2.7985281916
     311  1.6843370423  2.6400774475
     312  1.0375751772  2.9547314518
     313  1.9018402121  2.4879718664
     314  2.1308253083  2.2949038555
     315  1.6652080784  2.6521844310
     316  2.3925327780  2.0205907816
     317  2.6191752798  1.7166598540
     318  2.2133818750  2.2153872971
     319  2.7418963288  1.5129457105
     320  2.7370256550  1.5217393879
     321  2.4644348386  1.9322425124
     322  3.0416431478  0.7452564404
     323  3.1309590005 -0.0639995129
     324  3.1149073946  0.3230357931
     325  3.0511962258  0.7051253735
     326  2.9227714155  1.1244587379
     327  2.8799436126  1.2300101580
     328  3.1250197466 -0.2031053513
     329  2.9952648971 -0.9139958406
     330  3.0924550523 -0.4936820336
     331  2.9862102682 -0.9431587538
     332  2.6849597036 -1.6118286481
     333  2.8614641173 -1.2724084667
     334  2.7177220604 -1.5559521211
     335  2.2822456414 -2.1443775397
     336  2.4978359264 -1.8888662963
     337  2.3524142307 -2.0671592797
     338  1.8106922989 -2.5550721319
     339  2.0567468524 -2.3615233612
     340 -2.0141572045 -2.3979514082
     341 -2.0277712556 -2.3864500698
     342 -1.0801778569 -2.9394244331
     343  0.0000000000 -3.1316130349
     344  0.0000000000 -3.1316130349
     345 -3.0817109463 -0.5568283791
     346 -3.0886994443 -0.5166584400
     347 -2.7237103903 -1.5454455378
     348 -2.7425909463  1.5116861783
     349 -2.7072997682  1.5740165710
     350 -3.0807681215  0.5620213363
     351 -1.2305391057  2.8797176441
     352 -1.1248815729  2.9226087059
     353 -2.0312763194  2.3834673723
     354  0.5802054395  3.0773953026
     355  0.8207314364  3.0221515696
     356 -0.1600141314  3.1275222906
     357  1.9758796755  2.4295883825
     358  2.2413708478  2.1870658251
     359  1.5869655478  2.6997297181
     360  2.8332080652  1.3341410194
     361  2.9917340401  0.9254877817
     362  2.7021710221  1.5828050948
     363  3.1284506986  0.1406997756
     364  3.1021748895 -0.4283820208
     365  3.1212453237  0.2546130980
     366  3.0361317263 -0.7674010304
     367  2.7853444621 -1.4313826980
     368  2.9861725394 -0.9432782015
     369  2.6992937193 -1.5877070314
     370  2.2542831882 -2.1737542427
     371  2.5470062016 -1.8220207489
     372  2.2340446954 -2.1945488146
     373  1.6594594410 -2.6557851126
     374  1.9716588394 -2.4330149243
     375  1.7175092324 -2.6186183833
     376  1.0575281344 -2.9476489692
     377  1.3663108537 -2.8178351356
     378  1.1708370370 -2.9045035433
     379  0.4675250753 -3.0965174801
     380  0.7661509522 -3.0364474175
     381 -2.0466223674 -2.3703031633
     382 -2.0653449080 -2.3540073517
     383 -1.1034386313 -2.9307718075
     384  0.0000000000 -3.1316130349
     385  0.0000000000 -3.1316130349
     386 -3.0971828656 -0.4630966395
     387 -3.1047371223 -0.4093990745
     388 -2.7618501887 -1.4762058582
     389 -2.6576430912  1.6564822366
     390 -2.6054752785  1.7373827366
     391 -3.0502133721  0.7093649168
     392 -0.9627088885  2.9799650664
     393 -0.7976315139  3.0283302608
     394 -1.8198694942  2.5485437459
     395  1.1939399274  2.8950833581
     396  1.5482284156  2.7221294925
     397  0.4053253691  3.1052715736
     398  2.5128518879  1.8688433829
     399  2.7394994185  1.5172814955
     400  2.2268963085  2.2018022236
     401  3.0965844572  0.4670812565
     402  3.1316124862 -0.0018539762
     403  3.0377746498  0.7608714593
     404  2.9394546558 -1.0800956103
     405  2.6414952729 -1.6821126370
     406  3.0063284237 -0.8769205262
     407  2.3675380238 -2.0498204571
     408  1.8152553193 -2.5518323468
     409  2.2704084779 -2.1569064755
     410  1.6667512636 -2.6512148962
     411  0.9818073681 -2.9737273736
     412  1.4143496106 -2.7940321007
     413  0.9712712662 -2.9771853029
     414  0.2259476373 -3.1234512748
     415  0.6084985462 -3.0719260603
     416  0.3310628456 -3.1140644812
     417 -0.4141499775 -3.1041069564
     418 -0.0945969390 -3.1301839594
     419 -0.2611288011 -3.1207069632
     420 -0.9756269949 -2.9757607712
     421 -0.6978453941 -3.0528694709
     422 -2.0858117569 -2.3358915890
     423 -2.1061220314 -2.3175957778
     424 -1.1289789753 -2.9210283590
     425  0.0000000000 -3.1316130349
     426  0.0000000000 -3.1316130349
     427 -3.1117197755 -0.3524205433
     428 -3.1176568406 -0.2953235931
     429 -2.8007789316 -1.4009416752
     430 -2.5569767122  1.8080017405
     431 -2.5065664872  1.8772652039
     432 -3.0146322380  0.8479343548
     433 -0.7066102254  3.0508526988
     434 -0.6149554494  3.0706399978
     435 -1.6709310727  2.6485825550
     436  1.5331951334  2.7306249987
     437  1.5181152357  2.7390374827
     438  0.4810555653  3.0944443352
     439  2.9357250554  1.0901920013
     440  3.0658219515  0.6385420597
     441  2.8948568945  1.1944889121
     442  2.6240314785  1.7092276034
     443  2.1467255799  2.2800371675
     444  2.7072174321  1.5741581800
     445  2.7834584074  1.4350468615
     446  2.2474400411  2.1808286183
     447  3.1195480437  0.2746273910
     448  3.1302295334 -0.0930766814
     449  3.0539673633  0.6930249235
     450  3.1133043669 -0.3381362442
     451  3.0589899323 -0.6705078633
     452  3.1314591055 -0.0310494959
     453  2.9353356270 -1.0912401008
     454  2.7541206744 -1.4905769056
     455  3.0195224871 -0.8303518233
     456  2.6459184644 -1.6751464654
     457  2.6503249528 -1.6681660125
     458  2.8979135598 -1.1870540008
     459  2.0304435397 -2.3841768459
     460  1.2400402116 -2.8756391419
     461  1.6280598770 -2.6751488253
     462  1.9844146277 -2.4226222954
     463  2.3478711527 -2.0723178450
     464  2.4146658505 -1.9940885214
     465  1.0790499414 -2.9398386732
     466  0.2666445967 -3.1202405131
     467  0.7632052382 -3.0371891553
     468  0.1843588408 -3.1261816995
     469 -0.6254780898 -3.0685138683
     470 -0.1812712895 -3.1263622503
     471 -0.5629856496 -3.0805920468
     472 -1.3160827713 -2.8416414869
     473 -0.9773854990 -2.9751836560
     474 -1.1548370291 -2.9109022033
     475 -1.8265252621 -2.5437778337
     476 -1.5783462871 -2.7047778465
     477 -1.6372484283 -2.6695351252
     478 -2.2101369458 -2.2186245472
     479 -2.0248671000 -2.3889146966
     480 -2.1262074539 -2.2991829122
     481 -2.1461319076 -2.2805959826
     482 -1.1543517865 -2.9110946658
     483  0.0000000000 -3.1316130349
     484  0.0000000000 -3.1316130349
     485 -3.1228415424 -0.2342240414
     486 -3.1268289364 -0.1730346875
     487 -2.8392750252 -1.3211803555
     488 -2.4459662492  1.9555687941
     489 -2.3829228648  2.0319150624
     490 -2.9672874900  1.0011019690
     491 -0.4853666085  3.0937710736
     492 -0.3549201572  3.1114356626
     493 -1.4714928993  2.7643640947
     494  1.6571218121  2.6572443434
     495  1.7917328936  2.5684028965
     496  0.7680031615  3.0359794704
     497  2.8987331687  1.1850511456
     498  2.9916081461  0.9258946490
     499  2.5287439987  1.8472828667
     500  3.0892722163 -0.5132225385
     501  2.9921797414 -0.9240457758
     502  3.1316128855  0.0009676070
     503  2.4598096688 -1.9381270840
     504  2.0935328332 -2.3289741255
     505  2.6264422244 -1.7055208714
     506  1.4325086611 -2.7847655443
     507  0.8169499650 -3.0231759716
     508  1.4960636953 -2.7511440566
     509  0.4401618546 -3.1005253978
     510 -0.3906992817 -3.1071456792
     511  0.2172229680 -3.1240701629
     512 -0.5987617587 -3.0738387331
     513 -1.4183112016 -2.7920231976
     514 -0.9181244621 -2.9940019494
     515 -1.4388691777 -2.7814844400
     516 -2.1431006832 -2.2834446922
     517 -1.7987695979 -2.5634796926
     518 -2.0256481669 -2.3882524374
     519 -2.5887594962 -1.7621930858
     520 -2.3802407766 -2.0350562759
     521 -2.4086194631 -2.0013876393
     522 -2.8352424553 -1.3298121748
     523 -2.7206042721 -1.5509070234
     524 -2.6632384066 -1.6474712108
     525 -2.9719984134 -0.9870286882
     526 -2.9086749787 -1.1604352928
     527 -2.1603005472 -2.2671792488
     528 -2.1743853126 -2.2536744913
     529 -1.1737545795 -2.9033257461
     530  0.0000000000 -3.1316130349
     531  0.0000000000 -3.1316130349
     532 -3.1296262031 -0.1115348810
     533 -3.1312139824 -0.0499919703
     534 -2.8743168441 -1.2431021198
     535 -2.3065095591  2.1182572682
     536 -2.2269674414  2.2017302777
     537 -2.9030314260  1.1744823286
     538 -0.1783885842  3.1265280606
     539 -0.0012860081  3.1316127709
     540 -1.1962304536  2.8941376786
     541  1.9932150710  2.4153869009
     542  2.1816900502  2.2466038203
     543  1.1913686230  2.8961424352
     544  3.0799843282  0.5663009258
     545  3.1252974617  0.1987862589
     546  2.8524898607  1.2924015612
     547  2.8038672042 -1.3947504802
     548  2.5420701522 -1.8289011843
     549  3.0029495534 -0.8884222983
     550  1.5763513938 -2.7059409609
     551  0.9933320713 -2.9698975734
     552  1.8356776398 -2.5371810742
     553  0.0571528583 -3.1310914633
     554 -0.7060764351 -3.0509762812
     555  0.1196432977 -3.1293267138
     556 -1.2482663085 -2.8720778930
     557 -2.0051933053 -2.4054521423
     558 -1.4216354945 -2.7903320092
     559 -2.1849034825 -2.2434787658
     560 -2.7535322569 -1.4916636051
     561 -2.4432653129 -1.9589422685
     562 -2.7299051886 -1.5344764129
     563 -3.0647103341 -0.6438561707
     564 -2.9509159402 -1.0483774674
     565 -2.9897982193 -0.9317224953
     566 -3.1315462753 -0.0204481416
     567 -3.1170145970 -0.3020268250
     568 -3.0892226172 -0.5135210042
     569 -3.1129880947  0.3410356620
     570 -3.1257712108  0.1911924120
     571 -3.1196831505 -0.2730883398
     572 -3.0982871814  0.4556498025
     573 -3.1023607942  0.4270336089
     574  0.9069244179 -2.9974136019
     575  0.4635044515 -3.0971218614
     576  0.6207128783 -3.0694813443
     577  1.2167985618 -2.8855504606
     578  1.0633320423 -2.9455602470
     579  1.7191028483 -2.6175724627
     580  1.3429006210 -2.8290666523
     581  1.6871732378 -2.6382658445
     582  2.1089664503 -2.3150077132
     583  1.9200026682 -2.4739826101
     584  2.2764317960 -2.1505484135
     585  2.0344120274 -2.3807914448
     586  2.4459336816 -1.9556095279
     587  2.6847577088 -1.6121650802
     588  2.4951582072 -1.8924021036
     589  2.5579388331 -1.8066402870
     590  2.4461096766 -1.9553893860
     591  2.8662441483 -1.2616040120
     592  3.0021859082 -0.8909994239
     593  2.8175071131 -1.3669871501
     594  2.6351615046 -1.6920177439
     595  2.6162250404 -1.7211527353
     596  3.0714602589 -0.6108453801
     597  3.1146504606 -0.3255037771
     598  2.9549824788 -1.0368600438
     599  0.8650446793 -3.0097670846
     600  1.6627717525 -2.6537125503
     601  1.4444440117 -2.7785934747
     602  2.1340650853 -2.2918914486
     603  2.5285382947 -1.8475644218
     604  2.3305017427 -2.0918321701
     605  2.8218548171 -1.3579895405
     606  2.9992229621 -0.9009227625
     607  2.8641535356 -1.2663430519
     608  3.1174817599 -0.2971660766
     609  3.1154194081  0.3180599191
     610  3.1179690081 -0.2920093576
     611  3.0476125234  0.7204568743
     612  2.9280588419  1.1106176745
     613  3.1055104467  0.4034910978
     614  0.8371405645 -3.0176474075
     615  1.6133533925 -2.6840437835
     616  1.6381327746 -2.6689925465
     617  2.0978487615 -2.3250872617
     618  2.4693321864 -1.9259799464
     619  2.6990153414 -1.5881802126
     620  2.8827743792 -1.2233609766
     621  2.7235975656 -1.5456443645
     622  2.1638279253 -2.2638129141
     623  2.6084793834 -1.7328691547
     624  2.5407411377 -1.8307470256
     625  2.8803292680 -1.2291067929
     626  3.0559401061 -0.6842735333
     627  2.9815660738 -0.9577389770
     628  3.0364305464 -0.7662178134
     629  3.1129608153 -0.3412845778
     630  3.0688757340 -0.6237001923
     631  3.1280818404 -0.1486748143
     632  3.1135017604  0.3363138249
     633  3.1316120370 -0.0025000503
     634  3.1314485714  0.0320943168
     635  3.1053119582  0.4050158547
     636  3.1106693640  0.3615747621
     637  2.6118840178  1.7277332196
     638  2.9491178065  1.0534250633
     639  3.0290214485  0.7950026825
     640  2.9039583611  1.1721885675
     641  2.7718735023  1.4572980092
     642  3.0376188412  0.7614932541
     643  2.3814023259  2.0336969202
     644  2.1152893008  2.3092317715
     645  2.5919113614  1.7575538955
     646  0.9425823391 -2.9863922607
     647  1.7977422856 -2.5642002409
     648  1.7066001435 -2.6257410670
     649  2.3855610141 -2.0288171058
     650  2.8196034808 -1.3626578483
     651  2.7203457092 -1.5513605071
     652  3.0444573028 -0.7336756314
     653  3.1308010046 -0.0713110827
     654  3.1085158764 -0.3796435784
     655  3.0836538812  0.5459660629
     656  2.9385477961  1.0825604143
     657  3.0489415823  0.7148114636
     658  2.7130863167  1.5640213677
     659  2.4094337499  2.0004072599
     660  2.6887775658  1.6054517751
     661  2.0620228892  2.3569178613
     662  1.6625107614  2.6538760651
     663  2.1867893874  2.2416405546
     664  1.2691731527  2.8629005762
     665  0.8501558492  3.0140065084
     666  1.5240233795  2.7357545466
     667  1.1817371771 -2.9000857651
     668  2.1887373229 -2.2397386303
     669  1.9998297258 -2.4099131247
     670  2.7119177784 -1.5660466672
     671  3.0339025753 -0.7761670983
     672  2.9414066322 -1.0747684517
     673  3.1306666492 -0.0769839740
     674  3.0683849670  0.6261101302
     675  3.1191466404  0.2791494872
     676  2.8654180087  1.2634792583
     677  2.5697131719  1.7898531825
     678  2.7767427839  1.4479985196
     679  2.1726643449  2.2553336438
     680  1.6926878813  2.6347310939
     681  2.0754378215  2.3451136539
     682  1.0500859298  2.9503084145
     683  0.3526051510  3.1116988621
     684  1.0332344668  2.9562521437
     685 -0.1235205634  3.1291760690
     686 -0.5967840918  3.0742233081
     687  0.1302145445  3.1289046603
     688  1.0719491298 -2.9424352607
     689  2.0143850008 -2.3977600525
     690  2.1030470488 -2.3203864573
     691  2.6351919604 -1.6919703107
     692  2.9474638359 -1.0580440146
     693  3.0912376011 -0.5012487350
     694  3.1307749597  0.0724455125
     695  3.1114059544 -0.3551804997
     696  2.6327341383 -1.6957921917
     697  3.0161547697 -0.8425025851
     698  2.9837562309 -0.9508937667
     699  3.1306536717 -0.0775099249
     700  3.0541511203  0.6922146596
     701  3.1079504666  0.3842448411
     702  3.0462788202  0.7260754437
     703  2.8268568894  1.3475460390
     704  2.9696110067  0.9941884476
     705  2.8202458697  1.3613278207
     706  2.4418561251  1.9606985655
     707  2.6521355947  1.6652858578
     708  2.4818802648  1.9097828546
     709  2.0702195100  2.3497215539
     710  2.3367952078  2.0847993567
     711  1.9563440191  2.4453462494
     712  1.4273442123  2.7874161333
     713  1.7624209406  2.5886043786
     714  1.6079327798  2.6872946203
     715  1.0919199950  2.9350827800
     716  1.4003796057  2.8010600066
     717  0.8745441527  3.0070205729
     718  0.2901925512  3.1181386249
     719  0.6970911943  3.0530417730
     720  0.6659328057  3.0599891665
     721  0.2265671582  3.1234063974
     722  0.2896437543  3.1181896505
     723 -1.2857727913  2.8554839397
     724 -0.4838527460  3.0940081966
     725 -0.2522576280  3.1214365747
     726 -0.7251818573  3.0464916666
     727 -1.0100042730  2.9642691459
     728 -0.2204251478  3.1238458597
     729 -1.6120845894  2.6848060409
     730 -1.9161021468  2.4770047969
     731 -1.2914412430  2.8529247653
     732  1.0958031690 -2.9336352220
     733  2.0530525542 -2.3647358013
     734  2.0337858089 -2.3813264128
     735  2.7748672524 -1.4515894503
     736  3.1133292767 -0.3379068151
     737  3.0751091152 -0.5922027780
     738  3.0881259509  0.5200752947
     739  2.8309229542  1.3389829827
     740  2.9602541371  1.0217121143
     741  2.4369900220  1.9667434590
     742  1.9065671705  2.4843513892
     743  2.1899188243  2.2385834234
     744  1.3002343827  2.8489280003
     745  0.6810959850  3.0566498753
     746  1.0627801835  2.9457594067
     747  0.0362653151  3.1314030446
     748 -0.6101236303  3.0716037108
     749 -0.1616488429  3.1274382252
     750 -1.2801278485  2.8580190504
     751 -1.8855783266  2.5003188946
     752 -1.3336377244  2.8334450093
     753 -2.1858111354  2.2425944531
     754 -2.4511490587  1.9490686218
     755 -1.9226396985  2.4719338159
     756 -2.6553458051  1.6601622980
     757 -2.8256533392  1.3500679269
     758 -2.4369146798  1.9668368118
     759  1.0648282496 -2.9450196943
     760  2.0027611083 -2.4074775479
     761  2.0280194355 -2.3862391686
     762  2.6872710265 -1.6079722109
     763  3.0682367098 -0.6268362570
     764  3.0941575689 -0.4828966137
     765  3.1119105596  0.3507319056
     766  2.9600129306  1.0224107058
     767  2.7082201046  1.5724325314
     768  2.3553788961  2.0637806222
     769  2.6183515091  1.7179160560
     770  3.1193783663  0.2765480221
     771  2.9101035387  1.1568481296
     772  2.9358278553  1.0899151365
     773  2.4964551529  1.8906908447
     774  1.9021619088  2.4877259240
     775  2.1392979762  2.2870077327
     776  1.8406681318  2.5335629121
     777  1.2348112502  2.8778883538
     778  1.5829663392  2.7020765662
     779  1.2434335973  2.8741734620
     780  0.5107498259  3.0896819927
     781  0.8791799369  3.0056684513
     782  0.5635092213  3.0804963169
     783 -0.0864476745  3.1304196205
     784  0.2996017577  3.1172486246
     785 -0.2169419233  3.1240896918
     786 -0.8854799632  3.0038184758
     787 -0.4900707209  3.0930294032
     788 -0.6836043259  3.0560898753
     789 -1.2555161934  2.8689160477
     790 -0.9383088831  2.9877377128
     791 -1.4863512332  2.7564034923
     792 -2.0232270002  2.3903038941
     793 -1.6567444667  2.6574796279
     794 -1.6485728847  2.6625565993
     795 -2.0085004758  2.4026914158
     796 -1.9476499775  2.4522764456
     797 -2.8907969723  1.2042811406
     798 -2.4745431830  1.9192801349
     799 -2.3501203861  2.0697667432
     800 -2.6372125680  1.6888191354
     801 -2.7746020681  1.4520962655
     802 -2.3564676103  2.0625374184
     803 -3.0000724078  0.8980900558
     804 -3.0770148210  0.5822198826
     805 -2.8473170050  1.3037584414
     806 -3.1208243402  0.2597222332
     807 -3.1309262160 -0.0655837698
     808 -3.0612460585  0.6601308732
     809  1.0568256585 -2.9479009020
     810  1.9896542073 -2.4183209745
     811  1.9962150205 -2.4129081608
     812  2.6803578353 -1.6194696895
     813  3.0662552308 -0.6364582155
     814  3.0672494275 -0.6316495469
     815  3.1073974302  0.3886919233
     816  2.8150113119  1.3721193514
     817  2.8645796922  1.2653787526
     818  2.1726169825  2.2553792693
     819  1.2659687730  2.8643189883
     820  1.5952174110  2.6948620767
     821  0.5099990181  3.0898060137
     822 -0.2783374803  3.1192192048
     823  0.1171408823  3.1294213865
     824 -1.0173940115  2.9617409789
     825 -1.6554607109  2.6582795255
     826 -1.2821652905  2.8571055928
     827 -2.2754882312  2.1515467716
     828 -2.7467372456  1.5041391904
     829 -2.4257909426  1.9805399525
     830 -2.9588769420  1.0256936397
     831 -3.0883745534  0.5185969714
     832 -2.9219756928  1.1265248561
     833 -3.1280679027  0.1489677698
     834 -3.1236801806 -0.2227607018
     835 -3.0907274161  0.5043850118
     836 -3.0818919236 -0.5558258470
     837 -3.0046930347 -0.8825077723
     838 -3.1278027223 -0.1544355248
     839 -2.9004377709 -1.1808729559
     840 -2.7666381156 -1.4672129149
     841 -3.0309165180 -0.7877469529
     842  1.0634321907 -2.9455240920
     843  2.0004779200 -2.4093750833
     844  1.9950710779 -2.4138540956
     845  2.6943184725 -1.5961353857
     846  3.0742000429 -0.5969039258
     847  3.0702916427 -0.6166923297
     848  3.0989516958  0.4511081774
     849  2.7764458858  1.4485677215
     850  2.7959891887  1.4104767483
     851  2.1689333118  2.2589219751
     852  1.3345678928  2.8330070138
     853  1.3003625831  2.8488694869
     854  0.6151274043  3.0706055554
     855 -0.0649492137  3.1309394437
     856 -0.5970822887  3.0741654056
     857 -1.1117790696  2.9276180593
     858 -0.7016293575  3.0520020389
     859  0.5185712551  3.0883788715
     860 -0.3360792938  3.1135270850
     861 -0.2007031726  3.1251749450
     862 -1.0375751772  2.9547314518
     863 -1.6843370423  2.6400774475
     864 -1.4054323754  2.7985281916
     865 -1.6652080784  2.6521844310
     866 -2.1308253083  2.2949038555
     867 -1.9018402121  2.4879718664
     868 -2.2133818750  2.2153872971
     869 -2.6191752798  1.7166598540
     870 -2.3925327780  2.0205907816
     871 -2.4644348386  1.9322425124
     872 -2.7370256550  1.5217393879
     873 -2.7418963288  1.5129457105
     874 -3.1309590005 -0.0639995129
     875 -3.0416431478  0.7452564404
     876 -2.9227714155  1.1244587379
     877 -3.0511962258  0.7051253735
     878 -3.1149073946  0.3230357931
     879 -2.8799436126  1.2300101580
     880 -3.0924550523 -0.4936820336
     881 -2.9952648971 -0.9139958406
     882 -3.1250197466 -0.2031053513
     883 -2.8614641173 -1.2724084667
     884 -2.6849597036 -1.6118286481
     885 -2.9862102682 -0.9431587538
     886 -2.4978359264 -1.8888662963
     887 -2.2822456414 -2.1443775397
     888 -2.7177220604 -1.5559521211
     889 -2.0567468524 -2.3615233612
     890 -1.8106922989 -2.5550721319
     891 -2.3524142307 -2.0671592797
     892  1.0801778569 -2.9394244331
     893  2.0277712556 -2.3864500698
     894  2.0141572045 -2.3979514082
     895  2.7237103903 -1.5454455378
     896  3.0886994443 -0.5166584400
     897  3.0817109463 -0.5568283791
     898  3.0807681215  0.5620213363
     899  2.7072997682  1.5740165710
     900  2.7425909463  1.5116861783
     901  2.0312763194  2.3834673723
     902  1.1248815729  2.9226087059
     903  1.2305391057  2.8797176441
     904  0.1600141314  3.1275222906
     905 -0.8207314364  3.0221515696
     906 -0.5802054395  3.0773953026
     907 -1.5869655478  2.6997297181
     908 -2.2413708478  2.1870658251
     909 -1.9758796755  2.4295883825
     910 -2.7021710221  1.5828050948
     911 -2.9917340401  0.9254877817
     912 -2.8332080652  1.3341410194
     913 -3.1212453237  0.2546130980
     914 -3.1021748895 -0.4283820208
     915 -3.1284506986  0.1406997756
     916 -2.9861725394 -0.9432782015
     917 -2.7853444621 -1.4313826980
     918 -3.0361317263 -0.7674010304
     919 -2.5470062016 -1.8220207489
     920 -2.2542831882 -2.1737542427
     921 -2.6992937193 -1.5877070314
     922 -1.9716588394 -2.4330149243
     923 -1.6594594410 -2.6557851126
     924 -2.2340446954 -2.1945488146
     925 -1.3663108537 -2.8178351356
     926 -1.0575281344 -2.9476489692
     927 -1.7175092324 -2.6186183833
     928 -0.7661509522 -3.0364474175
     929 -0.4675250753 -3.0965174801
     930 -1.1708370370 -2.9045035433
     931  1.1034386313 -2.9307718075
     932  2.0653449080 -2.3540073517
     933  2.0466223674 -2.3703031633
     934  2.7618501887 -1.4762058582
     935  3.1047371223 -0.4093990745
     936  3.0971828656 -0.4630966395
     937  3.0502133721  0.7093649168
     938  2.6054752785  1.7373827366
     939  2.6576430912  1.6564822366
     940  1.8198694942  2.5485437459
     941  0.7976315139  3.0283302608
     942  0.9627088885  2.9799650664
     943 -0.4053253691  3.1052715736
     944 -1.5482284156  2.7221294925
     945 -1.1939399274  2.8950833581
     946 -2.2268963085  2.2018022236
     947 -2.7394994185  1.5172814955
     948 -2.5128518879  1.8688433829
     949 -3.0377746498  0.7608714593
     950 -3.1316124862 -0.0018539762
     951 -3.0965844572  0.4670812565
     952 -3.0063284237 -0.8769205262
     953 -2.6414952729 -1.6821126370
     954 -2.9394546558 -1.0800956103
     955 -2.2704084779 -2.1569064755
     956 -1.8152553193 -2.5518323468
     957 -2.3675380238 -2.0498204571
     958 -1.4143496106 -2.7940321007
     959 -0.9818073681 -2.9737273736
     960 -1.6667512636 -2.6512148962
     961 -0.6084985462 -3.0719260603
     962 -0.2259476373 -3.1234512748
     963 -0.9712712662 -2.9771853029
     964  0.0945969390 -3.1301839594
     965  0.4141499775 -3.1041069564
     966 -0.3310628456 -3.1140644812
     967  0.6978453941 -3.0528694709
     968  0.9756269949 -2.9757607712
     969  0.2611288011 -3.1207069632
     970  1.1289789753 -2.9210283590
     971  2.1061220314 -2.3175957778
     972  2.0858117569 -2.3358915890
     973  2.8007789316 -1.4009416752
     974  3.1176568406 -0.2953235931
     975  3.1117197755 -0.3524205433
     976  3.0146322380  0.8479343548
     977  2.5065664872  1.8772652039
     978  2.5569767122  1.8080017405
     979  1.6709310727  2.6485825550
     980  0.6149554494  3.0706399978
     981  0.7066102254  3.0508526988
     982 -0.4810555653  3.0944443352
     983 -1.5181152357  2.7390374827
     984 -1.5331951334  2.7306249987
     985 -2.1467255799  2.2800371675
     986 -2.6240314785  1.7092276034
     987 -2.8948568945  1.1944889121
     988 -3.0658219515  0.6385420597
     989 -2.9357250554  1.0901920013
     990 -2.2474400411  2.1808286183
     991 -2.7834584074  1.4350468615
     992 -2.7072174321  1.5741581800
     993 -3.0539673633  0.6930249235
     994 -3.1302295334 -0.0930766814
     995 -3.1195480437  0.2746273910
     996 -3.1314591055 -0.0310494959
     997 -3.0589899323 -0.6705078633
     998 -3.1133043669 -0.3381362442
     999 -3.0195224871 -0.8303518233
    1000 -2.7541206744 -1.4905769056
    1001 -2.9353356270 -1.0912401008
    1002 -2.8979135598 -1.1870540008
    1003 -2.6503249528 -1.6681660125
    1004 -2.6459184644 -1.6751464654
    1005 -1.2400402116 -2.8756391419
    1006 -2.0304435397 -2.3841768459
    1007 -2.3478711527 -2.0723178450
    1008 -1.9844146277 -2.4226222954
    1009 -1.6280598770 -2.6751488253
    1010 -2.4146658505 -1.9940885214
    1011 -0.7632052382 -3.0371891553
    1012 -0.2666445967 -3.1202405131
    1013 -1.0790499414 -2.9398386732
    1014  0.1812712895 -3.1263622503
    1015  0.6254780898 -3.0685138683
    1016 -0.1843588408 -3.1261816995
    1017  0.9773854990 -2.9751836560
    1018  1.3160827713 -2.8416414869
    1019  0.5629856496 -3.0805920468
    1020  1.5783462871 -2.7047778465
    1021  1.8265252621 -2.5437778337
    1022  1.1548370291 -2.9109022033
    1023  2.0248671000 -2.3889146966
    1024  2.2101369458 -2.2186245472
    1025  1.6372484283 -2.6695351252
    1026  1.1543517865 -2.9110946658
    1027  2.1461319076 -2.2805959826
    1028  2.1262074539 -2.2991829122
    1029  2.8392750252 -1.3211803555
    1030  3.1268289364 -0.1730346875
    1031  3.1228415424 -0.2342240414
    1032  2.9672874900  1.0011019690
    1033  2.3829228648  2.0319150624
    1034  2.4459662492  1.9555687941
    1035  1.4714928993  2.7643640947
    1036  0.3549201572  3.1114356626
    1037  0.4853666085  3.0937710736
    1038 -0.7680031615  3.0359794704
    1039 -1.7917328936  2.5684028965
    1040 -1.6571218121  2.6572443434
    1041 -2.5287439987  1.8472828667
    1042 -2.9916081461  0.9258946490
    1043 -2.8987331687  1.1850511456
    1044 -3.1316128855  0.0009676070
    1045 -2.9921797414 -0.9240457758
    1046 -3.0892722163 -0.5132225385
    1047 -2.6264422244 -1.7055208714
    1048 -2.0935328332 -2.3289741255
    1049 -2.4598096688 -1.9381270840
    1050 -1.4960636953 -2.7511440566
    1051 -0.8169499650 -3.0231759716
    1052 -1.4325086611 -2.7847655443
    1053 -0.2172229680 -3.1240701629
    1054  0.3906992817 -3.1071456792
    1055 -0.4401618546 -3.1005253978
    1056  0.9181244621 -2.9940019494
    1057  1.4183112016 -2.7920231976
    1058  0.5987617587 -3.0738387331
    1059  1.7987695979 -2.5634796926
    1060  2.1431006832 -2.2834446922
    1061  1.4388691777 -2.7814844400
    1062  2.3802407766 -2.0350562759
    1063  2.5887594962 -1.7621930858
    1064  2.0256481669 -2.3882524374
    1065  2.7206042721 -1.5509070234
    1066  2.8352424553 -1.3298121748
    1067  2.4086194631 -2.0013876393
    1068  2.9086749787 -1.1604352928
    1069  2.9719984134 -0.9870286882
    1070  2.6632384066 -1.6474712108
    1071  1.1737545795 -2.9033257461
    1072  2.1743853126 -2.2536744913
    1073  2.1603005472 -2.2671792488
    1074  2.8743168441 -1.2431021198
    1075  3.1312139824 -0.0499919703
    1076  3.1296262031 -0.1115348810
    1077  2.9030314260  1.1744823286
    1078  2.2269674414  2.2017302777
    1079  2.3065095591  2.1182572682
    1080  1.1962304536  2.8941376786
    1081  0.0012860081  3.1316127709
    1082  0.1783885842  3.1265280606
    1083 -1.1913686230  2.8961424352
    1084 -2.1816900502  2.2466038203
    1085 -1.9932150710  2.4153869009
    1086 -2.8524898607  1.2924015612
    1087 -3.1252974617  0.1987862589
    1088 -3.0799843282  0.5663009258
    1089 -3.0029495534 -0.8884222983
    1090 -2.5420701522 -1.8289011843
    1091 -2.8038672042 -1.3947504802
    1092 -1.8356776398 -2.5371810742
    1093 -0.9933320713 -2.9698975734
    1094 -1.5763513938 -2.7059409609
    1095 -0.1196432977 -3.1293267138
    1096  0.7060764351 -3.0509762812
    1097 -0.0571528583 -3.1310914633
    1098  1.4216354945 -2.7903320092
    1099  2.0051933053 -2.4054521423
    1100  1.2482663085 -2.8720778930
    1101  2.4432653129 -1.9589422685
    1102  2.7535322569 -1.4916636051
    1103  2.1849034825 -2.2434787658
    1104  2.9509159402 -1.0483774674
    1105  3.0647103341 -0.6438561707
    1106  2.7299051886 -1.5344764129
    1107  3.1170145970 -0.3020268250
    1108  3.1315462753 -0.0204481416
    1109  2.9897982193 -0.9317224953
    1110  3.1257712108  0.1911924120
    1111  3.1129880947  0.3410356620
    1112  3.0892226172 -0.5135210042
    1113  3.1023607942  0.4270336089
    1114  3.0982871814  0.4556498025
    1115  3.1196831505 -0.2730883398
    1116 -0.9069244179 -2.9974136019
    1117 -0.4635044515 -3.0971218614
    1118  0.0000000000 -3.1316130349
    1119  0.0000000000 -3.1316130349
    1120  0.0000000000 -3.1316130349
    1121 -0.6207128783 -3.0694813443
    1122 -1.2167985618 -2.8855504606
    1123 -1.0633320423 -2.9455602470
    1124 -1.7191028483 -2.6175724627
    1125 -1.3429006210 -2.8290666523
    1126 -1.6871732378 -2.6382658445
    1127 -2.1089664503 -2.3150077132
    1128 -1.9200026682 -2.4739826101
    1129 -2.2764317960 -2.1505484135
    1130 -2.0344120274 -2.3807914448
    1131 -2.4459336816 -1.9556095279
    1132 -2.6847577088 -1.6121650802
    1133 -2.4951582072 -1.8924021036
    1134 -2.5579388331 -1.8066402870
    1135 -2.4461096766 -1.9553893860
    1136 -2.8662441483 -1.2616040120
    1137 -3.0021859082 -0.8909994239
    1138 -2.8175071131 -1.3669871501
    1139 -2.6162250404 -1.7211527353
    1140 -3.0714602589 -0.6108453801
    1141  0.0000000000 -3.1316130349
    1142  0.0000000000 -3.1316130349
    1143 -0.8650446793 -3.0097670846
    1144 -1.6627717525 -2.6537125503
    1145 -1.4444440117 -2.7785934747
    1146 -2.1340650853 -2.2918914486
    1147 -2.5285382947 -1.8475644218
    1148 -2.3305017427 -2.0918321701
    1149 -2.8218548171 -1.3579895405
    1150 -2.9992229621 -0.9009227625
    1151 -2.8641535356 -1.2663430519
    1152 -3.1174817599 -0.2971660766
    1153 -3.1154194081  0.3180599191
    1154 -3.1179690081 -0.2920093576
    1155 -3.0476125234  0.7204568743
    1156  0.0000000000 -3.1316130349
    1157  0.0000000000 -3.1316130349
    1158 -0.8371405645 -3.0176474075
    1159 -1.6133533925 -2.6840437835
    1160 -1.6381327746 -2.6689925465
    1161 -2.0978487615 -2.3250872617
    1162 -2.4693321864 -1.9259799464
    1163 -2.6990153414 -1.5881802126
    1164 -2.8827743792 -1.2233609766
    1165 -2.7235975656 -1.5456443645
    1166 -2.1638279253 -2.2638129141
    1167 -2.6084793834 -1.7328691547
    1168 -2.5407411377 -1.8307470256
    1169 -2.8803292680 -1.2291067929
    1170 -3.0559401061 -0.6842735333
    1171 -2.9815660738 -0.9577389770
    1172 -3.0364305464 -0.7662178134
    1173 -3.1129608153 -0.3412845778
    1174 -3.0688757340 -0.6237001923
    1175 -3.1280818404 -0.1486748143
    1176 -3.1135017604  0.3363138249
    1177 -3.1316120370 -0.0025000503
    1178 -3.1314485714  0.0320943168
    1179 -3.1053119582  0.4050158547
    1180 -3.1106693640  0.3615747621
    1181 -2.6118840178  1.7277332196
    1182 -2.9491178065  1.0534250633
    1183 -3.0290214485  0.7950026825
    1184 -2.9039583611  1.1721885675
    1185 -2.7718735023  1.4572980092
    1186 -3.0376188412  0.7614932541
    1187 -2.3814023259  2.0336969202
    1188  0.0000000000 -3.1316130349
    1189  0.0000000000 -3.1316130349
    1190 -0.9425823391 -2.9863922607
    1191 -1.7977422856 -2.5642002409
    1192 -1.7066001435 -2.6257410670
    1193 -2.3855610141 -2.0288171058
    1194 -2.8196034808 -1.3626578483
    1195 -2.7203457092 -1.5513605071
    1196 -3.0444573028 -0.7336756314
    1197 -3.1308010046 -0.0713110827
    1198 -3.1085158764 -0.3796435784
    1199 -3.0836538812  0.5459660629
    1200 -2.9385477961  1.0825604143
    1201 -3.0489415823  0.7148114636
    1202 -2.7130863167  1.5640213677
    1203 -2.4094337499  2.0004072599
    1204 -2.6887775658  1.6054517751
    1205 -2.0620228892  2.3569178613
    1206 -1.6625107614  2.6538760651
    1207 -2.1867893874  2.2416405546
    1208 -1.2691731527  2.8629005762
    1209  0.0000000000 -3.1316130349
    1210  0.0000000000 -3.1316130349
    1211 -1.1817371771 -2.9000857651
    1212 -2.1887373229 -2.2397386303
    1213 -1.9998297258 -2.4099131247
    1214 -2.7119177784 -1.5660466672
    1215 -3.0339025753 -0.7761670983
    1216 -2.9414066322 -1.0747684517
    1217 -3.1306666492 -0.0769839740
    1218 -3.0683849670  0.6261101302
    1219 -3.1191466404  0.2791494872
    1220 -2.8654180087  1.2634792583
    1221 -2.5697131719  1.7898531825
    1222 -2.7767427839  1.4479985196
    1223 -2.1726643449  2.2553336438
    1224 -1.6926878813  2.6347310939
    1225 -2.0754378215  2.3451136539
    1226 -1.0500859298  2.9503084145
    1227 -0.3526051510  3.1116988621
    1228 -1.0332344668  2.9562521437
    1229  0.1235205634  3.1291760690
    1230  0.0000000000 -3.1316130349
    1231  0.0000000000 -3.1316130349
    1232 -1.0719491298 -2.9424352607
    1233 -2.0143850008 -2.3977600525
    1234 -2.1030470488 -2.3203864573
    1235 -2.6351919604 -1.6919703107
    1236 -2.9474638359 -1.0580440146
    1237 -3.0912376011 -0.5012487350
    1238 -3.1307749597  0.0724455125
    1239 -3.1114059544 -0.3551804997
    1240 -2.6327341383 -1.6957921917
    1241 -3.0161547697 -0.8425025851
    1242 -2.9837562309 -0.9508937667
    1243 -3.1306536717 -0.0775099249
    1244 -3.0541511203  0.6922146596
    1245 -3.1079504666  0.3842448411
    1246 -3.0462788202  0.7260754437
    1247 -2.8268568894  1.3475460390
    1248 -2.9696110067  0.9941884476
    1249 -2.8202458697  1.3613278207
    1250 -2.4418561251  1.9606985655
    1251 -2.6521355947  1.6652858578
    1252 -2.4818802648  1.9097828546
    1253 -2.0702195100  2.3497215539
    1254 -2.3367952078  2.0847993567
    1255 -1.9563440191  2.4453462494
    1256 -1.4273442123  2.7874161333
    1257 -1.7624209406  2.5886043786
    1258 -1.6079327798  2.6872946203
    1259 -1.0919199950  2.9350827800
    1260 -1.4003796057  2.8010600066
    1261 -0.8745441527  3.0070205729
    1262 -0.2901925512  3.1181386249
    1263 -0.6970911943  3.0530417730
    1264 -0.6659328057  3.0599891665
    1265 -0.2265671582  3.1234063974
    1266 -0.2896437543  3.1181896505
    1267  1.2857727913  2.8554839397
    1268  0.4838527460  3.0940081966
    1269  0.2522576280  3.1214365747
    1270  0.7251818573  3.0464916666
    1271  1.0100042730  2.9642691459
    1272  0.2204251478  3.1238458597
    1273  1.6120845894  2.6848060409
    1274  0.0000000000 -3.1316130349
    1275  0.0000000000 -3.1316130349
    1276 -1.0958031690 -2.9336352220
    1277 -2.0530525542 -2.3647358013
    1278 -2.0337858089 -2.3813264128
    1279 -2.7748672524 -1.4515894503
    1280 -3.1133292767 -0.3379068151
    1281 -3.0751091152 -0.5922027780
    1282 -3.0881259509  0.5200752947
    1283 -2.8309229542  1.3389829827
    1284 -2.9602541371  1.0217121143
    1285 -2.4369900220  1.9667434590
    1286 -1.9065671705  2.4843513892
    1287 -2.1899188243  2.2385834234
    1288 -1.3002343827  2.8489280003
    1289 -0.6810959850  3.0566498753
    1290 -1.0627801835  2.9457594067
    1291 -0.0362653151  3.1314030446
    1292  0.6101236303  3.0716037108
    1293  0.1616488429  3.1274382252
    1294  1.2801278485  2.8580190504
    1295  1.8855783266  2.5003188946
    1296  1.3336377244  2.8334450093
    1297  2.1858111354  2.2425944531
    1298  2.4511490587  1.9490686218
    1299  1.9226396985  2.4719338159
    1300  2.6553458051  1.6601622980
    1301  0.0000000000 -3.1316130349
    1302  0.0000000000 -3.1316130349
    1303 -1.0648282496 -2.9450196943
    1304 -2.0027611083 -2.4074775479
    1305 -2.0280194355 -2.3862391686
    1306 -2.6872710265 -1.6079722109
    1307 -3.0682367098 -0.6268362570
    1308 -3.0941575689 -0.4828966137
    1309 -3.1119105596  0.3507319056
    1310 -2.9600129306  1.0224107058
    1311 -2.7082201046  1.5724325314
    1312 -2.3553788961  2.0637806222
    1313 -2.6183515091  1.7179160560
    1314 -3.1193783663  0.2765480221
    1315 -2.9101035387  1.1568481296
    1316 -2.9358278553  1.0899151365
    1317 -2.4964551529  1.8906908447
    1318 -1.9021619088  2.4877259240
    1319 -2.1392979762  2.2870077327
    1320 -1.8406681318  2.5335629121
    1321 -1.2348112502  2.8778883538
    1322 -1.5829663392  2.7020765662
    1323 -1.2434335973  2.8741734620
    1324 -0.5107498259  3.0896819927
    1325 -0.8791799369  3.0056684513
    1326 -0.5635092213  3.0804963169
    1327  0.0864476745  3.1304196205
    1328 -0.2996017577  3.1172486246
    1329  0.2169419233  3.1240896918
    1330  0.8854799632  3.0038184758
    1331  0.4900707209  3.0930294032
    1332  0.6836043259  3.0560898753
    1333  1.2555161934  2.8689160477
    1334  0.9383088831  2.9877377128
    1335  1.4863512332  2.7564034923
    1336  2.0232270002  2.3903038941
    1337  1.6567444667  2.6574796279
    1338  1.6485728847  2.6625565993
    1339  2.0085004758  2.4026914158
    1340  1.9476499775  2.4522764456
    1341  2.8907969723  1.2042811406
    1342  2.4745431830  1.9192801349
    1343  2.3501203861  2.0697667432
    1344  2.6372125680  1.6888191354
    1345  2.7746020681  1.4520962655
    1346  2.3564676103  2.0625374184
    1347  3.0000724078  0.8980900558
    1348  3.0770148210  0.5822198826
    1349  2.8473170050  1.3037584414
    1350  3.1208243402  0.2597222332
    1351  0.0000000000 -3.1316130349
    1352  0.0000000000 -3.1316130349
    1353 -1.0568256585 -2.9479009020
    1354 -1.9896542073 -2.4183209745
    1355 -1.9962150205 -2.4129081608
    1356 -2.6803578353 -1.6194696895
    1357 -3.0662552308 -0.6364582155
    1358 -3.0672494275 -0.6316495469
    1359 -3.1073974302  0.3886919233
    1360 -2.8150113119  1.3721193514
    1361 -2.8645796922  1.2653787526
    1362 -2.1726169825  2.2553792693
    1363 -1.2659687730  2.8643189883
    1364 -1.5952174110  2.6948620767
    1365 -0.5099990181  3.0898060137
    1366  0.2783374803  3.1192192048
    1367 -0.1171408823  3.1294213865
    1368  1.0173940115  2.9617409789
    1369  1.6554607109  2.6582795255
    1370  1.2821652905  2.8571055928
    1371  2.2754882312  2.1515467716
    1372  2.7467372456  1.5041391904
    1373  2.4257909426  1.9805399525
    1374  2.9588769420  1.0256936397
    1375  3.0883745534  0.5185969714
    1376  2.9219756928  1.1265248561
    1377  3.1280679027  0.1489677698
    1378  3.1236801806 -0.2227607018
    1379  3.0907274161  0.5043850118
    1380  3.0818919236 -0.5558258470
    1381  3.0046930347 -0.8825077723
    1382  3.1278027223 -0.1544355248
    1383  2.9004377709 -1.1808729559
    1384  0.0000000000 -3.1316130349
    1385  0.0000000000 -3.1316130349
    1386 -1.0634321907 -2.9455240920
    1387 -2.0004779200 -2.4093750833
    1388 -1.9950710779 -2.4138540956
    1389 -2.6943184725 -1.5961353857
    1390 -3.0742000429 -0.5969039258
    1391 -3.0702916427 -0.6166923297
    1392 -3.0989516958  0.4511081774
    1393 -2.7764458858  1.4485677215
    1394 -2.7959891887  1.4104767483
    1395 -2.1689333118  2.2589219751
    1396 -1.3345678928  2.8330070138
    1397 -1.3003625831  2.8488694869
    1398 -0.6151274043  3.0706055554
    1399  0.0649492137  3.1309394437
    1400  0.5970822887  3.0741654056
    1401  1.1117790696  2.9276180593
    1402  0.7016293575  3.0520020389
    1403 -0.5185712551  3.0883788715
    1404  0.3360792938  3.1135270850
    1405  0.2007031726  3.1251749450
    1406  1.0375751772  2.9547314518
    1407  1.6843370423  2.6400774475
    1408  1.4054323754  2.7985281916
    1409  1.6652080784  2.6521844310
    1410  2.1308253083  2.2949038555
    1411  1.9018402121  2.4879718664
    1412  2.2133818750  2.2153872971
    1413  2.6191752798  1.7166598540
    1414  2.3925327780  2.0205907816
    1415  2.4644348386  1.9322425124
    1416  2.7370256550  1.5217393879
    1417  2.7418963288  1.5129457105
    1418  3.1309590005 -0.0639995129
    1419  3.0416431478  0.7452564404
    1420  2.9227714155  1.1244587379
    1421  3.0511962258  0.7051253735
    1422  3.1149073946  0.3230357931
    1423  2.8799436126  1.2300101580
    1424  3.0924550523 -0.4936820336
    1425  2.9952648971 -0.9139958406
    1426  3.1250197466 -0.2031053513
    1427  2.8614641173 -1.2724084667
    1428  2.6849597036 -1.6118286481
    1429  2.9862102682 -0.9431587538
    1430  2.4978359264 -1.8888662963
    1431  2.2822456414 -2.1443775397
    1432  2.7177220604 -1.5559521211
    1433  2.0567468524 -2.3615233612
    1434  0.0000000000 -3.1316130349
    1435  0.0000000000 -3.1316130349
    1436 -1.0801778569 -2.9394244331
    1437 -2.0277712556 -2.3864500698
    1438 -2.0141572045 -2.3979514082
    1439 -2.7237103903 -1.5454455378
    1440 -3.0886994443 -0.5166584400
    1441 -3.0817109463 -0.5568283791
    1442 -3.0807681215  0.5620213363
    1443 -2.7072997682  1.5740165710
    1444 -2.7425909463  1.5116861783
    1445 -2.0312763194  2.3834673723
    1446 -1.1248815729  2.9226087059
    1447 -1.2305391057  2.8797176441
    1448 -0.1600141314  3.1275222906
    1449  0.8207314364  3.0221515696
    1450  0.5802054395  3.0773953026
    1451  1.5869655478  2.6997297181
    1452  2.2413708478  2.1870658251
    1453  1.9758796755  2.4295883825
    1454  2.7021710221  1.5828050948
    1455  2.9917340401  0.9254877817
    1456  2.8332080652  1.3341410194
    1457  3.1212453237  0.2546130980
    1458  3.1021748895 -0.4283820208
    1459  3.1284506986  0.1406997756
    1460  2.9861725394 -0.9432782015
    1461  2.7853444621 -1.4313826980
    1462  3.0361317263 -0.7674010304
    1463  2.5470062016 -1.8220207489
    1464  2.2542831882 -2.1737542427
    1465  2.6992937193 -1.5877070314
    1466  1.9716588394 -2.4330149243
    1467  1.6594594410 -2.6557851126
    1468  2.2340446954 -2.1945488146
    1469  1.3663108537 -2.8178351356
    1470  1.0575281344 -2.9476489692
    1471  1.7175092324 -2.6186183833
    1472  0.7661509522 -3.0364474175
    1473  0.0000000000 -3.1316130349
    1474  0.0000000000 -3.1316130349
    1475 -1.1034386313 -2.9307718075
    1476 -2.0653449080 -2.3540073517
    1477 -2.0466223674 -2.3703031633
    1478 -2.7618501887 -1.4762058582
    1479 -3.1047371223 -0.4093990745
    1480 -3.0971828656 -0.4630966395
    1481 -3.0502133721  0.7093649168
    1482 -2.6054752785  1.7373827366
    1483 -2.6576430912  1.6564822366
    1484 -1.8198694942  2.5485437459
    1485 -0.7976315139  3.0283302608
    1486 -0.9627088885  2.9799650664
    1487  0.4053253691  3.1052715736
    1488  1.5482284156  2.7221294925
    1489  1.1939399274  2.8950833581
    1490  2.2268963085  2.2018022236
    1491  2.7394994185  1.5172814955
    1492  2.5128518879  1.8688433829
    1493  3.0377746498  0.7608714593
    1494  3.1316124862 -0.0018539762
    1495  3.0965844572  0.4670812565
    1496  3.0063284237 -0.8769205262
    1497  2.6414952729 -1.6821126370
    1498  2.9394546558 -1.0800956103
    1499  2.2704084779 -2.1569064755
    1500  1.8152553193 -2.5518323468
    1501  2.3675380238 -2.0498204571
    1502  1.4143496106 -2.7940321007
    1503  0.9818073681 -2.9737273736
    1504  1.6667512636 -2.6512148962
    1505  0.6084985462 -3.0719260603
    1506  0.2259476373 -3.1234512748
    1507  0.9712712662 -2.9771853029
    1508 -0.0945969390 -3.1301839594
    1509 -0.4141499775 -3.1041069564
    1510  0.3310628456 -3.1140644812
    1511 -0.6978453941 -3.0528694709
    1512  0.0000000000 -3.1316130349
    1513  0.0000000000 -3.1316130349
    1514 -1.1289789753 -2.9210283590
    1515 -2.1061220314 -2.3175957778
    1516 -2.0858117569 -2.3358915890
    1517 -2.8007789316 -1.4009416752
    1518 -3.1176568406 -0.2953235931
    1519 -3.1117197755 -0.3524205433
    1520 -3.0146322380  0.8479343548
    1521 -2.5065664872  1.8772652039
    1522 -2.5569767122  1.8080017405
    1523 -1.6709310727  2.6485825550
    1524 -0.6149554494  3.0706399978
    1525 -0.7066102254  3.0508526988
    1526  0.4810555653  3.0944443352
    1527  1.5181152357  2.7390374827
    1528  1.5331951334  2.7306249987
    1529  2.1467255799  2.2800371675
    1530  2.6240314785  1.7092276034
    1531  2.8948568945  1.1944889121
    1532  3.0658219515  0.6385420597
    1533  2.9357250554  1.0901920013
    1534  2.2474400411  2.1808286183
    1535  2.7834584074  1.4350468615
    1536  2.7072174321  1.5741581800
    1537  3.0539673633  0.6930249235
    1538  3.1302295334 -0.0930766814
    1539  3.1195480437  0.2746273910
    1540  3.1314591055 -0.0310494959
    1541  3.0589899323 -0.6705078633
    1542  3.1133043669 -0.3381362442
    1543  3.0195224871 -0.8303518233
    1544  2.7541206744 -1.4905769056
    1545  2.9353356270 -1.0912401008
    1546  2.8979135598 -1.1870540008
    1547  2.6503249528 -1.6681660125
    1548  2.6459184644 -1.6751464654
    1549  1.2400402116 -2.8756391419
    1550  2.0304435397 -2.3841768459
    1551  2.3478711527 -2.0723178450
    1552  1.9844146277 -2.4226222954
    1553  1.6280598770 -2.6751488253
    1554  2.4146658505 -1.9940885214
    1555  0.7632052382 -3.0371891553
    1556  0.2666445967 -3.1202405131
    1557  1.0790499414 -2.9398386732
    1558 -0.1812712895 -3.1263622503
    1559 -0.6254780898 -3.0685138683
    1560  0.1843588408 -3.1261816995
    1561 -0.9773854990 -2.9751836560
    1562 -1.3160827713 -2.8416414869
    1563 -0.5629856496 -3.0805920468
    1564 -1.5783462871 -2.7047778465
    1565 -1.8265252621 -2.5437778337
    1566 -1.1548370291 -2.9109022033
    1567 -2.0248671000 -2.3889146966
    1568  0.0000000000 -3.1316130349
    1569  0.0000000000 -3.1316130349
    1570 -1.1543517865 -2.9110946658
    1571 -2.1461319076 -2.2805959826
    1572 -2.1262074539 -2.2991829122
    1573 -2.8392750252 -1.3211803555
    1574 -3.1268289364 -0.1730346875
    1575 -3.1228415424 -0.2342240414
    1576 -2.9672874900  1.0011019690
    1577 -2.3829228648  2.0319150624
    1578 -2.4459662492  1.9555687941
    1579 -1.4714928993  2.7643640947
    1580 -0.3549201572  3.1114356626
    1581 -0.4853666085  3.0937710736
    1582  0.7680031615  3.0359794704
    1583  1.7917328936  2.5684028965
    1584  1.6571218121  2.6572443434
    1585  2.5287439987  1.8472828667
    1586  2.9916081461  0.9258946490
    1587  2.8987331687  1.1850511456
    1588  3.1316128855  0.0009676070
    1589  2.9921797414 -0.9240457758
    1590  3.0892722163 -0.5132225385
    1591  2.6264422244 -1.7055208714
    1592  2.0935328332 -2.3289741255
    1593  2.4598096688 -1.9381270840
    1594  1.4960636953 -2.7511440566
    1595  0.8169499650 -3.0231759716
    1596  1.4325086611 -2.7847655443
    1597  0.2172229680 -3.1240701629
    1598 -0.3906992817 -3.1071456792
    1599  0.4401618546 -3.1005253978
    1600 -0.9181244621 -2.9940019494
    1601 -1.4183112016 -2.7920231976
    1602 -0.5987617587 -3.0738387331
    1603 -1.7987695979 -2.5634796926
    1604 -2.1431006832 -2.2834446922
    1605 -1.4388691777 -2.7814844400
    1606 -2.3802407766 -2.0350562759
    1607 -2.5887594962 -1.7621930858
    1608 -2.0256481669 -2.3882524374
    1609 -2.7206042721 -1.5509070234
    1610 -2.8352424553 -1.3298121748
    1611 -2.4086194631 -2.0013876393
    1612 -2.9086749787 -1.1604352928
    1613  0.0000000000 -3.1316130349
    1614  0.0000000000 -3.1316130349
    1615 -1.1737545795 -2.9033257461
    1616 -2.1743853126 -2.2536744913
    1617 -2.1603005472 -2.2671792488
    1618 -2.8743168441 -1.2431021198
    1619 -3.1312139824 -0.0499919703
    1620 -3.1296262031 -0.1115348810
    1621 -2.9030314260  1.1744823286
    1622 -2.2269674414  2.2017302777
    1623 -2.3065095591  2.1182572682
    1624 -1.1962304536  2.8941376786
    1625 -0.0012860081  3.1316127709
    1626 -0.1783885842  3.1265280606
    1627  1.1913686230  2.8961424352
    1628  2.1816900502  2.2466038203
    1629  1.9932150710  2.4153869009
    1630  2.8524898607  1.2924015612
    1631  3.1252974617  0.1987862589
    1632  3.0799843282  0.5663009258
    1633  3.0029495534 -0.8884222983
    1634  2.5420701522 -1.8289011843
    1635  2.8038672042 -1.3947504802
    1636  1.8356776398 -2.5371810742
    1637  0.9933320713 -2.9698975734
    1638  1.5763513938 -2.7059409609
    1639  0.1196432977 -3.1293267138
    1640 -0.7060764351 -3.0509762812
    1641  0.0571528583 -3.1310914633
    1642 -1.4216354945 -2.7903320092
    1643 -2.0051933053 -2.4054521423
    1644 -1.2482663085 -2.8720778930
    1645 -2.4432653129 -1.9589422685
    1646 -2.7535322569 -1.4916636051
    1647 -2.1849034825 -2.2434787658
    1648 -2.9509159402 -1.0483774674
    1649 -3.0647103341 -0.6438561707
    1650 -2.7299051886 -1.5344764129
    1651 -3.1170145970 -0.3020268250
    1652 -3.1315462753 -0.0204481416
    1653 -2.9897982193 -0.9317224953
    1654 -3.1257712108  0.1911924120
    1655 -3.1129880947  0.3410356620
    1656 -3.0892226172 -0.5135210042
    1657 -3.1023607942  0.4270336089
    1658  0.4635044515 -3.0971218614
    1659  0.9069244179 -2.9974136019
    1660  1.0633320423 -2.9455602470
    1661  1.2167985618 -2.8855504606
    1662  0.6207128783 -3.0694813443
    1663  1.3429006210 -2.8290666523
    1664  1.7191028483 -2.6175724627
    1665  1.9200026682 -2.4739826101
    1666  2.1089664503 -2.3150077132
    1667  1.6871732378 -2.6382658445
    1668  2.0344120274 -2.3807914448
    1669  2.2764317960 -2.1505484135
    1670  2.4951582072 -1.8924021036
    1671  2.6847577088 -1.6121650802
    1672  2.4459336816 -1.9556095279
    1673  2.4461096766 -1.9553893860
    1674  2.5579388331 -1.8066402870
    1675  2.8175071131 -1.3669871501
    1676  3.0021859082 -0.8909994239
    1677  2.8662441483 -1.2616040120
    1678  2.6162250404 -1.7211527353
    1679  3.0714602589 -0.6108453801
    1680  1.4444440117 -2.7785934747
    1681  1.6627717525 -2.6537125503
    1682  0.8650446793 -3.0097670846
    1683  2.3305017427 -2.0918321701
    1684  2.5285382947 -1.8475644218
    1685  2.1340650853 -2.2918914486
    1686  2.8641535356 -1.2663430519
    1687  2.9992229621 -0.9009227625
    1688  2.8218548171 -1.3579895405
    1689  3.1179690081 -0.2920093576
    1690  3.1154194081  0.3180599191
    1691  3.1174817599 -0.2971660766
    1692  3.0476125234  0.7204568743
    1693  1.6381327746 -2.6689925465
    1694  1.6133533925 -2.6840437835
    1695  0.8371405645 -3.0176474075
    1696  2.7235975656 -1.5456443645
    1697  2.8827743792 -1.2233609766
    1698  2.6990153414 -1.5881802126
    1699  2.4693321864 -1.9259799464
    1700  2.0978487615 -2.3250872617
    1701  2.5407411377 -1.8307470256
    1702  2.6084793834 -1.7328691547
    1703  2.1638279253 -2.2638129141
    1704  2.9815660738 -0.9577389770
    1705  3.0559401061 -0.6842735333
    1706  2.8803292680 -1.2291067929
    1707  3.0688757340 -0.6237001923
    1708  3.1129608153 -0.3412845778
    1709  3.0364305464 -0.7662178134
    1710  3.1316120370 -0.0025000503
    1711  3.1135017604  0.3363138249
    1712  3.1280818404 -0.1486748143
    1713  3.1106693640  0.3615747621
    1714  3.1053119582  0.4050158547
    1715  3.1314485714  0.0320943168
    1716  2.9491178065  1.0534250633
    1717  2.6118840178  1.7277332196
    1718  2.7718735023  1.4572980092
    1719  2.9039583611  1.1721885675
    1720  3.0290214485  0.7950026825
    1721  3.0376188412  0.7614932541
    1722  2.3814023259  2.0336969202
    1723  1.7066001435 -2.6257410670
    1724  1.7977422856 -2.5642002409
    1725  0.9425823391 -2.9863922607
    1726  2.7203457092 -1.5513605071
    1727  2.8196034808 -1.3626578483
    1728  2.3855610141 -2.0288171058
    1729  3.1085158764 -0.3796435784
    1730  3.1308010046 -0.0713110827
    1731  3.0444573028 -0.7336756314
    1732  3.0489415823  0.7148114636
    1733  2.9385477961  1.0825604143
    1734  3.0836538812  0.5459660629
    1735  2.6887775658  1.6054517751
    1736  2.4094337499  2.0004072599
    1737  2.7130863167  1.5640213677
    1738  2.1867893874  2.2416405546
    1739  1.6625107614  2.6538760651
    1740  2.0620228892  2.3569178613
    1741  1.2691731527  2.8629005762
    1742  1.9998297258 -2.4099131247
    1743  2.1887373229 -2.2397386303
    1744  1.1817371771 -2.9000857651
    1745  2.9414066322 -1.0747684517
    1746  3.0339025753 -0.7761670983
    1747  2.7119177784 -1.5660466672
    1748  3.1191466404  0.2791494872
    1749  3.0683849670  0.6261101302
    1750  3.1306666492 -0.0769839740
    1751  2.7767427839  1.4479985196
    1752  2.5697131719  1.7898531825
    1753  2.8654180087  1.2634792583
    1754  2.0754378215  2.3451136539
    1755  1.6926878813  2.6347310939
    1756  2.1726643449  2.2553336438
    1757  1.0332344668  2.9562521437
    1758  0.3526051510  3.1116988621
    1759  1.0500859298  2.9503084145
    1760 -0.1235205634  3.1291760690
    1761  2.1030470488 -2.3203864573
    1762  2.0143850008 -2.3977600525
    1763  1.0719491298 -2.9424352607
    1764  3.1114059544 -0.3551804997
    1765  3.1307749597  0.0724455125
    1766  3.0912376011 -0.5012487350
    1767  2.9474638359 -1.0580440146
    1768  2.6351919604 -1.6919703107
    1769  2.9837562309 -0.9508937667
    1770  3.0161547697 -0.8425025851
    1771  2.6327341383 -1.6957921917
    1772  3.1079504666  0.3842448411
    1773  3.0541511203  0.6922146596
    1774  3.1306536717 -0.0775099249
    1775  2.9696110067  0.9941884476
    1776  2.8268568894  1.3475460390
    1777  3.0462788202  0.7260754437
    1778  2.6521355947  1.6652858578
    1779  2.4418561251  1.9606985655
    1780  2.8202458697  1.3613278207
    1781  2.3367952078  2.0847993567
    1782  2.0702195100  2.3497215539
    1783  2.4818802648  1.9097828546
    1784  1.7624209406  2.5886043786
    1785  1.4273442123  2.7874161333
    1786  1.9563440191  2.4453462494
    1787  1.4003796057  2.8010600066
    1788  1.0919199950  2.9350827800
    1789  1.6079327798  2.6872946203
    1790  0.6970911943  3.0530417730
    1791  0.2901925512  3.1181386249
    1792  0.8745441527  3.0070205729
    1793  0.2896437543  3.1181896505
    1794  0.2265671582  3.1234063974
    1795  0.6659328057  3.0599891665
    1796 -0.4838527460  3.0940081966
    1797 -1.2857727913  2.8554839397
    1798 -1.0100042730  2.9642691459
    1799 -0.7251818573  3.0464916666
    1800 -0.2522576280  3.1214365747
    1801 -0.2204251478  3.1238458597
    1802 -1.6120845894  2.6848060409
    1803  2.0337858089 -2.3813264128
    1804  2.0530525542 -2.3647358013
    1805  1.0958031690 -2.9336352220
    1806  3.0751091152 -0.5922027780
    1807  3.1133292767 -0.3379068151
    1808  2.7748672524 -1.4515894503
    1809  2.9602541371  1.0217121143
    1810  2.8309229542  1.3389829827
    1811  3.0881259509  0.5200752947
    1812  2.1899188243  2.2385834234
    1813  1.9065671705  2.4843513892
    1814  2.4369900220  1.9667434590
    1815  1.0627801835  2.9457594067
    1816  0.6810959850  3.0566498753
    1817  1.3002343827  2.8489280003
    1818 -0.1616488429  3.1274382252
    1819 -0.6101236303  3.0716037108
    1820  0.0362653151  3.1314030446
    1821 -1.3336377244  2.8334450093
    1822 -1.8855783266  2.5003188946
    1823 -1.2801278485  2.8580190504
    1824 -1.9226396985  2.4719338159
    1825 -2.4511490587  1.9490686218
    1826 -2.1858111354  2.2425944531
    1827 -2.6553458051  1.6601622980
    1828  2.0280194355 -2.3862391686
    1829  2.0027611083 -2.4074775479
    1830  1.0648282496 -2.9450196943
    1831  3.0941575689 -0.4828966137
    1832  3.0682367098 -0.6268362570
    1833  2.6872710265 -1.6079722109
    1834  2.6183515091  1.7179160560
    1835  2.3553788961  2.0637806222
    1836  2.7082201046  1.5724325314
    1837  2.9600129306  1.0224107058
    1838  3.1119105596  0.3507319056
    1839  2.9358278553  1.0899151365
    1840  2.9101035387  1.1568481296
    1841  3.1193783663  0.2765480221
    1842  2.1392979762  2.2870077327
    1843  1.9021619088  2.4877259240
    1844  2.4964551529  1.8906908447
    1845  1.5829663392  2.7020765662
    1846  1.2348112502  2.8778883538
    1847  1.8406681318  2.5335629121
    1848  0.8791799369  3.0056684513
    1849  0.5107498259  3.0896819927
    1850  1.2434335973  2.8741734620
    1851  0.2996017577  3.1172486246
    1852 -0.0864476745  3.1304196205
    1853  0.5635092213  3.0804963169
    1854 -0.4900707209  3.0930294032
    1855 -0.8854799632  3.0038184758
    1856 -0.2169419233  3.1240896918
    1857 -0.9383088831  2.9877377128
    1858 -1.2555161934  2.8689160477
    1859 -0.6836043259  3.0560898753
    1860 -1.6567444667  2.6574796279
    1861 -2.0232270002  2.3903038941
    1862 -1.4863512332  2.7564034923
    1863 -1.9476499775  2.4522764456
    1864 -2.0085004758  2.4026914158
    1865 -1.6485728847  2.6625565993
    1866 -2.4745431830  1.9192801349
    1867 -2.8907969723  1.2042811406
    1868 -2.7746020681  1.4520962655
    1869 -2.6372125680  1.6888191354
    1870 -2.3501203861  2.0697667432
    1871 -2.3564676103  2.0625374184
    1872 -2.8473170050  1.3037584414
    1873 -3.0770148210  0.5822198826
    1874 -3.0000724078  0.8980900558
    1875 -3.1208243402  0.2597222332
    1876  1.9962150205 -2.4129081608
    1877  1.9896542073 -2.4183209745
    1878  1.0568256585 -2.9479009020
    1879  3.0672494275 -0.6316495469
    1880  3.0662552308 -0.6364582155
    1881  2.6803578353 -1.6194696895
    1882  2.8645796922  1.2653787526
    1883  2.8150113119  1.3721193514
    1884  3.1073974302  0.3886919233
    1885  1.5952174110  2.6948620767
    1886  1.2659687730  2.8643189883
    1887  2.1726169825  2.2553792693
    1888  0.1171408823  3.1294213865
    1889 -0.2783374803  3.1192192048
    1890  0.5099990181  3.0898060137
    1891 -1.2821652905  2.8571055928
    1892 -1.6554607109  2.6582795255
    1893 -1.0173940115  2.9617409789
    1894 -2.4257909426  1.9805399525
    1895 -2.7467372456  1.5041391904
    1896 -2.2754882312  2.1515467716
    1897 -2.9219756928  1.1265248561
    1898 -3.0883745534  0.5185969714
    1899 -2.9588769420  1.0256936397
    1900 -3.0907274161  0.5043850118
    1901 -3.1236801806 -0.2227607018
    1902 -3.1280679027  0.1489677698
    1903 -3.1278027223 -0.1544355248
    1904 -3.0046930347 -0.8825077723
    1905 -3.0818919236 -0.5558258470
    1906 -2.9004377709 -1.1808729559
    1907  1.9950710779 -2.4138540956
    1908  2.0004779200 -2.4093750833
    1909  1.0634321907 -2.9455240920
    1910  3.0702916427 -0.6166923297
    1911  3.0742000429 -0.5969039258
    1912  2.6943184725 -1.5961353857
    1913  2.7959891887  1.4104767483
    1914  2.7764458858  1.4485677215
    1915  3.0989516958  0.4511081774
    1916  1.3003625831  2.8488694869
    1917  1.3345678928  2.8330070138
    1918  2.1689333118  2.2589219751
    1919 -0.7016293575  3.0520020389
    1920 -1.1117790696  2.9276180593
    1921 -0.5970822887  3.0741654056
    1922 -0.0649492137  3.1309394437
    1923  0.6151274043  3.0706055554
    1924 -0.2007031726  3.1251749450
    1925 -0.3360792938  3.1135270850
    1926  0.5185712551  3.0883788715
    1927 -1.4054323754  2.7985281916
    1928 -1.6843370423  2.6400774475
    1929 -1.0375751772  2.9547314518
    1930 -1.9018402121  2.4879718664
    1931 -2.1308253083  2.2949038555
    1932 -1.6652080784  2.6521844310
    1933 -2.3925327780  2.0205907816
    1934 -2.6191752798  1.7166598540
    1935 -2.2133818750  2.2153872971
    1936 -2.7418963288  1.5129457105
    1937 -2.7370256550  1.5217393879
    1938 -2.4644348386  1.9322425124
    1939 -3.0416431478  0.7452564404
    1940 -3.1309590005 -0.0639995129
    1941 -3.1149073946  0.3230357931
    1942 -3.0511962258  0.7051253735
    1943 -2.9227714155  1.1244587379
    1944 -2.8799436126  1.2300101580
    1945 -3.1250197466 -0.2031053513
    1946 -2.9952648971 -0.9139958406
    1947 -3.0924550523 -0.4936820336
    1948 -2.9862102682 -0.9431587538
    1949 -2.6849597036 -1.6118286481
    1950 -2.8614641173 -1.2724084667
    1951 -2.7177220604 -1.5559521211
    1952 -2.2822456414 -2.1443775397
    1953 -2.4978359264 -1.8888662963
    1954 -2.0567468524 -2.3615233612
    1955  2.0141572045 -2.3979514082
    1956  2.0277712556 -2.3864500698
    1957  1.0801778569 -2.9394244331
    1958  3.0817109463 -0.5568283791
    1959  3.0886994443 -0.5166584400
    1960  2.7237103903 -1.5454455378
    1961  2.7425909463  1.5116861783
    1962  2.7072997682  1.5740165710
    1963  3.0807681215  0.5620213363
    1964  1.2305391057  2.8797176441
    1965  1.1248815729  2.9226087059
    1966  2.0312763194  2.3834673723
    1967 -0.5802054395  3.0773953026
    1968 -0.8207314364  3.0221515696
    1969  0.1600141314  3.1275222906
    1970 -1.9758796755  2.4295883825
    1971 -2.2413708478  2.1870658251
    1972 -1.5869655478  2.6997297181
    1973 -2.8332080652  1.3341410194
    1974 -2.9917340401  0.9254877817
    1975 -2.7021710221  1.5828050948
    1976 -3.1284506986  0.1406997756
    1977 -3.1021748895 -0.4283820208
    1978 -3.1212453237  0.2546130980
    1979 -3.0361317263 -0.7674010304
    1980 -2.7853444621 -1.4313826980
    1981 -2.9861725394 -0.9432782015
    1982 -2.6992937193 -1.5877070314
    1983 -2.2542831882 -2.1737542427
    1984 -2.5470062016 -1.8220207489
    1985 -2.2340446954 -2.1945488146
    1986 -1.6594594410 -2.6557851126
    1987 -1.9716588394 -2.4330149243
    1988 -1.7175092324 -2.6186183833
    1989 -1.0575281344 -2.9476489692
    1990 -1.3663108537 -2.8178351356
    1991 -0.7661509522 -3.0364474175
    1992  2.0466223674 -2.3703031633
    1993  2.0653449080 -2.3540073517
    1994  1.1034386313 -2.9307718075
    1995  3.0971828656 -0.4630966395
    1996  3.1047371223 -0.4093990745
    1997  2.7618501887 -1.4762058582
    1998  2.6576430912  1.6564822366
    1999  2.6054752785  1.7373827366
    2000  3.0502133721  0.7093649168
    2001  0.9627088885  2.9799650664
    2002  0.7976315139  3.0283302608
    2003  1.8198694942  2.5485437459
    2004 -1.1939399274  2.8950833581
    2005 -1.5482284156  2.7221294925
    2006 -0.4053253691  3.1052715736
    2007 -2.5128518879  1.8688433829
    2008 -2.7394994185  1.5172814955
    2009 -2.2268963085  2.2018022236
    2010 -3.0965844572  0.4670812565
    2011 -3.1316124862 -0.0018539762
    2012 -3.0377746498  0.7608714593
    2013 -2.9394546558 -1.0800956103
    2014 -2.6414952729 -1.6821126370
    2015 -3.0063284237 -0.8769205262
    2016 -2.3675380238 -2.0498204571
    2017 -1.8152553193 -2.5518323468
    2018 -2.2704084779 -2.1569064755
    2019 -1.6667512636 -2.6512148962
    2020 -0.9818073681 -2.9737273736
    2021 -1.4143496106 -2.7940321007
    2022 -0.9712712662 -2.9771853029
    2023 -0.2259476373 -3.1234512748
    2024 -0.6084985462 -3.0719260603
    2025 -0.3310628456 -3.1140644812
    2026  0.4141499775 -3.1041069564
    2027  0.0945969390 -3.1301839594
    2028  0.6978453941 -3.0528694709
    2029  2.0858117569 -2.3358915890
    2030  2.1061220314 -2.3175957778
    2031  1.1289789753 -2.9210283590
    2032  3.1117197755 -0.3524205433
    2033  3.1176568406 -0.2953235931
    2034  2.8007789316 -1.4009416752
    2035  2.5569767122  1.8080017405
    2036  2.5065664872  1.8772652039
    2037  3.0146322380  0.8479343548
    2038  0.7066102254  3.0508526988
    2039  0.6149554494  3.0706399978
    2040  1.6709310727  2.6485825550
    2041 -1.5331951334  2.7306249987
    2042 -1.5181152357  2.7390374827
    2043 -0.4810555653  3.0944443352
    2044 -2.9357250554  1.0901920013
    2045 -3.0658219515  0.6385420597
    2046 -2.8948568945  1.1944889121
    2047 -2.6240314785  1.7092276034
    2048 -2.1467255799  2.2800371675
    2049 -2.7072174321  1.5741581800
    2050 -2.7834584074  1.4350468615
    2051 -2.2474400411  2.1808286183
    2052 -3.1195480437  0.2746273910
    2053 -3.1302295334 -0.0930766814
    2054 -3.0539673633  0.6930249235
    2055 -3.1133043669 -0.3381362442
    2056 -3.0589899323 -0.6705078633
    2057 -3.1314591055 -0.0310494959
    2058 -2.9353356270 -1.0912401008
    2059 -2.7541206744 -1.4905769056
    2060 -3.0195224871 -0.8303518233
    2061 -2.6459184644 -1.6751464654
    2062 -2.6503249528 -1.6681660125
    2063 -2.8979135598 -1.1870540008
    2064 -2.0304435397 -2.3841768459
    2065 -1.2400402116 -2.8756391419
    2066 -1.6280598770 -2.6751488253
    2067 -1.9844146277 -2.4226222954
    2068 -2.3478711527 -2.0723178450
    2069 -2.4146658505 -1.9940885214
    2070 -1.0790499414 -2.9398386732
    2071 -0.2666445967 -3.1202405131
    2072 -0.7632052382 -3.0371891553
    2073 -0.1843588408 -3.1261816995
    2074  0.6254780898 -3.0685138683
    2075  0.1812712895 -3.1263622503
    2076  0.5629856496 -3.0805920468
    2077  1.3160827713 -2.8416414869
    2078  0.9773854990 -2.9751836560
    2079  1.1548370291 -2.9109022033
    2080  1.8265252621 -2.5437778337
    2081  1.5783462871 -2.7047778465
    2082  2.0248671000 -2.3889146966
    2083  2.1262074539 -2.2991829122
    2084  2.1461319076 -2.2805959826
    2085  1.1543517865 -2.9110946658
    2086  3.1228415424 -0.2342240414
    2087  3.1268289364 -0.1730346875
    2088  2.8392750252 -1.3211803555
    2089  2.4459662492  1.9555687941
    2090  2.3829228648  2.0319150624
    2091  2.9672874900  1.0011019690
    2092  0.4853666085  3.0937710736
    2093  0.3549201572  3.1114356626
    2094  1.4714928993  2.7643640947
    2095 -1.6571218121  2.6572443434
    2096 -1.7917328936  2.5684028965
    2097 -0.7680031615  3.0359794704
    2098 -2.8987331687  1.1850511456
    2099 -2.9916081461  0.9258946490
    2100 -2.5287439987  1.8472828667
    2101 -3.0892722163 -0.5132225385
    2102 -2.9921797414 -0.9240457758
    2103 -3.1316128855  0.0009676070
    2104 -2.4598096688 -1.9381270840
    2105 -2.0935328332 -2.3289741255
    2106 -2.6264422244 -1.7055208714
    2107 -1.4325086611 -2.7847655443
    2108 -0.8169499650 -3.0231759716
    2109 -1.4960636953 -2.7511440566
    2110 -0.4401618546 -3.1005253978
    2111  0.3906992817 -3.1071456792
    2112 -0.2172229680 -3.1240701629
    2113  0.5987617587 -3.0738387331
    2114  1.4183112016 -2.7920231976
    2115  0.9181244621 -2.9940019494
    2116  1.4388691777 -2.7814844400
    2117  2.1431006832 -2.2834446922
    2118  1.7987695979 -2.5634796926
    2119  2.0256481669 -2.3882524374
    2120  2.5887594962 -1.7621930858
    2121  2.3802407766 -2.0350562759
    2122  2.4086194631 -2.0013876393
    2123  2.8352424553 -1.3298121748
    2124  2.7206042721 -1.5509070234
    2125  2.9086749787 -1.1604352928
    2126  2.1603005472 -2.2671792488
    2127  2.1743853126 -2.2536744913
    2128  1.1737545795 -2.9033257461
    2129  3.1296262031 -0.1115348810
    2130  3.1312139824 -0.0499919703
    2131  2.8743168441 -1.2431021198
    2132  2.3065095591  2.1182572682
    2133  2.2269674414  2.2017302777
    2134  2.9030314260  1.1744823286
    2135  0.1783885842  3.1265280606
    2136  0.0012860081  3.1316127709
    2137  1.1962304536  2.8941376786
    2138 -1.9932150710  2.4153869009
    2139 -2.1816900502  2.2466038203
    2140 -1.1913686230  2.8961424352
    2141 -3.0799843282  0.5663009258
    2142 -3.1252974617  0.1987862589
    2143 -2.8524898607  1.2924015612
    2144 -2.8038672042 -1.3947504802
    2145 -2.5420701522 -1.8289011843
    2146 -3.0029495534 -0.8884222983
    2147 -1.5763513938 -2.7059409609
    2148 -0.9933320713 -2.9698975734
    2149 -1.8356776398 -2.5371810742
    2150 -0.0571528583 -3.1310914633
    2151  0.7060764351 -3.0509762812
    2152 -0.1196432977 -3.1293267138
    2153  1.2482663085 -2.8720778930
    2154  2.0051933053 -2.4054521423
    2155  1.4216354945 -2.7903320092
    2156  2.1849034825 -2.2434787658
    2157  2.7535322569 -1.4916636051
    2158  2.4432653129 -1.9589422685
    2159  2.7299051886 -1.5344764129
    2160  3.0647103341 -0.6438561707
    2161  2.9509159402 -1.0483774674
    2162  2.9897982193 -0.9317224953
    2163  3.1315462753 -0.0204481416
    2164  3.1170145970 -0.3020268250
    2165  3.0892226172 -0.5135210042
    2166  3.1129880947  0.3410356620
    2167  3.1257712108  0.1911924120
    2168  3.1023607942  0.4270336089
