       1  1.6920177439  2.6351615046
       2  1.7080446382  2.6148143927
       3  1.7145257127  2.5803408129
       4  1.7268648231  2.5212594403
       5  1.7284770892  2.4490169904
       6  1.7458285884  2.3420157089
       7  1.7487817284  2.2230481705
       8  1.7607836264  2.0683969566
       9  1.7525343877  1.9043066100
      10  1.7402583200  1.7123908195
      11  1.7021547786  1.5164842919
      12  1.6490122595  1.3032458434
      13  1.5662076761  1.0942884470
      14  1.4597543261  0.8797393478
      15  1.3225353340  0.6799858511
      16  1.1573763620  0.4895027836
      17  0.9645427191  0.3253732442
      18  0.7476401144  0.1872415821
      19  0.5109992443  0.0853221751
      20  0.2590554358  0.0214788591
      21  0.0000000000 -0.0000000000
      22 -1.6920177439  2.6351615046
      23 -1.7145257127  2.5803408129
      24 -1.7080446382  2.6148143927
      25 -1.7284770892  2.4490169904
      26 -1.7268648231  2.5212594403
      27 -1.7487817284  2.2230481705
      28 -1.7458285884  2.3420157089
      29 -1.7525343877  1.9043066100
      30 -1.7607836264  2.0683969566
      31 -1.7021547786  1.5164842919
      32 -1.7402583200  1.7123908195
      33 -1.5662076761  1.0942884470
      34 -1.6490122595  1.3032458434
      35 -1.3225353340  0.6799858511
      36 -1.4597543261  0.8797393478
      37 -0.9645427191  0.3253732442
      38 -1.1573763620  0.4895027836
      39 -0.5109992443  0.0853221751
      40 -0.7476401144  0.1872415821
      41 -0.2590554358  0.0214788591
      42  1.7145257127  2.5803408129
      43  1.7080446382  2.6148143927
      44  1.7284770892  2.4490169904
      45  1.7268648231  2.5212594403
      46  1.7487817284  2.2230481705
      47  1.7458285884  2.3420157089
      48  1.7525343877  1.9043066100
      49  1.7607836264  2.0683969566
      50  1.7021547786  1.5164842919
      51  1.7402583200  1.7123908195
      52  1.5662076761  1.0942884470
      53  1.6490122595  1.3032458434
      54  1.3225353340  0.6799858511
      55  1.4597543261  0.8797393478
      56  0.9645427191  0.3253732442
      57  1.1573763620  0.4895027836
      58  0.5109992443  0.0853221751
      59  0.7476401144  0.1872415821
      60  0.0000000000 -0.0000000000
      61  0.2590554358  0.0214788591
      62 -1.7080446382  2.6148143927
      63 -1.7145257127  2.5803408129
      64 -1.7268648231  2.5212594403
      65 -1.7284770892  2.4490169904
      66 -1.7458285884  2.3420157089
      67 -1.7487817284  2.2230481705
      68 -1.7607836264  2.0683969566
      69 -1.7525343877  1.9043066100
      70 -1.7402583200  1.7123908195
      71 -1.7021547786  1.5164842919
      72 -1.6490122595  1.3032458434
      73 -1.5662076761  1.0942884470
      74 -1.4597543261  0.8797393478
      75 -1.3225353340  0.6799858511
      76 -1.1573763620  0.4895027836
      77 -0.9645427191  0.3253732442
      78 -0.7476401144  0.1872415821
      79 -0.5109992443  0.0853221751
      80 -0.2590554358  0.0214788591
      81  1.5514332023  2.3347618932
      82  1.4037948138  2.1125799244
      83  1.3983444242  2.1408776615
      84  1.3853069631  2.1574877653
      85  1.5310009673  2.3843927330
      86  1.5639691807  2.2159363581
      87  1.4151378361  2.0050621339
      88  1.4137761392  2.0643115432
      89  1.5824540916  2.0114347858
      90  1.4318636752  1.8200214592
      91  1.4294213291  1.9174737530
      92  1.5857189887  1.7231208137
      93  1.4348178763  1.5591441889
      94  1.4415241143  1.6934992397
      95  1.5402023003  1.3722638437
      96  1.3936326735  1.2416756739
      97  1.4248295036  1.4019373831
      98  1.4171157227  0.9900270957
      99  1.2822593323  0.8958135616
     100  1.3501026533  1.0669899462
     101  1.1966988195  0.6152775189
     102  1.0828178706  0.5567261219
     103  1.1951172264  0.7202931937
     104  0.8726941738  0.2943439054
     105  0.7896463434  0.2663333796
     106  0.9475705874  0.4007381186
     107  0.4622478297  0.0771607103
     108  0.4182591329  0.0698178979
     109  0.6121354252  0.1533079201
     110  0.0000000000 -0.0000000000
     111  0.0000000000 -0.0000000000
     112  0.2120480340  0.0175764609
     113  1.2702060756  1.9115413655
     114  1.1493299868  1.7296341550
     115  1.1448675852  1.7528023827
     116  1.1341934148  1.7664015855
     117  1.2534775765  1.9521756603
     118  1.2804696667  1.8142552455
     119  1.1586168680  1.6416060333
     120  1.1575020049  1.6901153469
     121  1.2956038317  1.6468235190
     122  1.1723108269  1.4901075421
     123  1.1703112030  1.5698947322
     124  1.2982769034  1.4107720032
     125  1.1747295221  1.2765192978
     126  1.1802201255  1.3865199100
     127  1.2610109908  1.1235146116
     128  1.1410099300  1.0165980611
     129  1.1665517343  1.1478092511
     130  1.1602362243  0.8105656307
     131  1.0498251504  0.7334301130
     132  1.1053705637  0.8735774835
     133  0.9797741269  0.5037466270
     134  0.8865362920  0.4558087977
     135  0.9784792282  0.5897261898
     136  0.7145015590  0.2409884077
     137  0.6465077463  0.2180553288
     138  0.7758051818  0.3280966221
     139  0.3784565141  0.0631738465
     140  0.3424416154  0.0571620602
     141  0.5011740984  0.1255179091
     142  0.0000000000  0.0000000000
     143  0.0000000000  0.0000000000
     144  0.1736102468  0.0143903891
     145  1.0399567788  1.5650377046
     146  0.9409918077  1.4161046775
     147  0.9373383023  1.4350732180
     148  0.9285990308  1.4462073036
     149  1.0262606421  1.5983062515
     150  1.0483598964  1.4853865661
     151  0.9485952630  1.3440333469
     152  0.9476824903  1.3837494139
     153  1.0607507028  1.3483050624
     154  0.9598069283  1.2199968729
     155  0.9581697747  1.2853210992
     156  1.0629392288  1.1550424267
     157  0.9617871885  1.0451256084
     158  0.9662825143  1.1351864926
     159  1.0324284801  0.9198559658
     160  0.9341799214  0.8323200980
     161  0.9550917821  0.9397467347
     162  0.9499210794  0.6636350104
     163  0.8595241379  0.6004817901
     164  0.9050008761  0.7152247526
     165  0.8021712103  0.4124328560
     166  0.7258345276  0.3731846810
     167  0.8011110372  0.4828269686
     168  0.5849844005  0.1973046209
     169  0.5293157752  0.1785286039
     170  0.6351755621  0.2686227951
     171  0.3098539874  0.0517223710
     172  0.2803674823  0.0468003367
     173  0.4103266480  0.1027653725
     174  0.0000000000 -0.0000000000
     175  0.0000000000  0.0000000000
     176  0.1421400484  0.0117818541
     177  0.8481825741  1.2836634134
     178  0.7646241737  1.1635175996
     179  0.7645093626  1.1768864306
     180  0.7602725863  1.1840543988
     181  0.8402311507  1.3085824845
     182  0.8583244899  1.2161316652
     183  0.7766441167  1.1004014380
     184  0.7731905708  1.1350430212
     185  0.8684692241  1.1038988221
     186  0.7858234519  0.9988489619
     187  0.7844830639  1.0523319151
     188  0.8702610377  0.9456687585
     189  0.7874447518  0.8556764793
     190  0.7911252133  0.9294120951
     191  0.8452809493  0.7531143696
     192  0.7648418331  0.6814460630
     193  0.7819630166  0.7693995544
     194  0.7777296028  0.5433383934
     195  0.7037188471  0.4916329099
     196  0.7409520513  0.5855765023
     197  0.6567622409  0.3376714638
     198  0.5942630514  0.3055377760
     199  0.6558942450  0.3953052889
     200  0.4789447201  0.1615393613
     201  0.4333671047  0.1461668588
     202  0.5200377681  0.2199297441
     203  0.2536869892  0.0423466959
     204  0.2295454807  0.0383168751
     205  0.3359470466  0.0841371711
     206  0.0000000000 -0.0000000000
     207  0.0000000000  0.0000000000
     208  0.1163744293  0.0096461663
     209  0.6944331605  1.0509747175
     210  0.6307656772  0.9492433606
     211  0.6283166592  0.9619583536
     212  0.6224585503  0.9694217545
     213  0.6879230856  1.0713767274
     214  0.7027366589  0.9956843982
     215  0.6358624257  0.9009325026
     216  0.6352505758  0.9275549786
     217  0.7110424648  0.9037959177
     218  0.6433778298  0.8177883669
     219  0.6422804129  0.8615765056
     220  0.7125094777  0.7742480980
     221  0.6447052379  0.7005686518
     222  0.6477185449  0.7609382684
     223  0.6920575110  0.6165978975
     224  0.6261995331  0.5579208511
     225  0.6402171727  0.6299310797
     226  0.6367511460  0.4448478538
     227  0.5761562645  0.4025149846
     228  0.6066402340  0.4794294931
     229  0.5377114463  0.2764620129
     230  0.4865414381  0.2501531747
     231  0.5370007918  0.3236485985
     232  0.3921267730  0.1322572434
     233  0.3548109778  0.1196713030
     234  0.4257709156  0.1800632459
     235  0.2077013405  0.0346705424
     236  0.1879359452  0.0313712041
     237  0.2750501799  0.0688856898
     238  0.0000000000  0.0000000000
     239  0.0000000000  0.0000000000
     240  0.0952793246  0.0078976130
     241 -1.5310009673  2.3843927330
     242 -1.3853069631  2.1574877653
     243 -1.3983444242  2.1408776615
     244 -1.4037948138  2.1125799244
     245 -1.5514332023  2.3347618932
     246 -1.4137761392  2.0643115432
     247 -1.4151378361  2.0050621339
     248 -1.5639691807  2.2159363581
     249 -1.4294213291  1.9174737530
     250 -1.4318636752  1.8200214592
     251 -1.5824540916  2.0114347858
     252 -1.4415241143  1.6934992397
     253 -1.4348178763  1.5591441889
     254 -1.5857189887  1.7231208137
     255 -1.4248295036  1.4019373831
     256 -1.3936326735  1.2416756739
     257 -1.5402023003  1.3722638437
     258 -1.3501026533  1.0669899462
     259 -1.2822593323  0.8958135616
     260 -1.4171157227  0.9900270957
     261 -1.1951172264  0.7202931937
     262 -1.0828178706  0.5567261219
     263 -1.1966988195  0.6152775189
     264 -0.9475705874  0.4007381186
     265 -0.7896463434  0.2663333796
     266 -0.8726941738  0.2943439054
     267 -0.6121354252  0.1533079201
     268 -0.4182591329  0.0698178979
     269 -0.4622478297  0.0771607103
     270 -0.2120480340  0.0175764609
     271 -1.2534775765  1.9521756603
     272 -1.1341934148  1.7664015855
     273 -1.1448675852  1.7528023827
     274 -1.1493299868  1.7296341550
     275 -1.2702060756  1.9115413655
     276 -1.1575020049  1.6901153469
     277 -1.1586168680  1.6416060333
     278 -1.2804696667  1.8142552455
     279 -1.1703112030  1.5698947322
     280 -1.1723108269  1.4901075421
     281 -1.2956038317  1.6468235190
     282 -1.1802201255  1.3865199100
     283 -1.1747295221  1.2765192978
     284 -1.2982769034  1.4107720032
     285 -1.1665517343  1.1478092511
     286 -1.1410099300  1.0165980611
     287 -1.2610109908  1.1235146116
     288 -1.1053705637  0.8735774835
     289 -1.0498251504  0.7334301130
     290 -1.1602362243  0.8105656307
     291 -0.9784792282  0.5897261898
     292 -0.8865362920  0.4558087977
     293 -0.9797741269  0.5037466270
     294 -0.7758051818  0.3280966221
     295 -0.6465077463  0.2180553288
     296 -0.7145015590  0.2409884077
     297 -0.5011740984  0.1255179091
     298 -0.3424416154  0.0571620602
     299 -0.3784565141  0.0631738465
     300 -0.1736102468  0.0143903891
     301 -1.0262606421  1.5983062515
     302 -0.9285990308  1.4462073036
     303 -0.9373383023  1.4350732180
     304 -0.9409918077  1.4161046775
     305 -1.0399567788  1.5650377046
     306 -0.9476824903  1.3837494139
     307 -0.9485952630  1.3440333469
     308 -1.0483598964  1.4853865661
     309 -0.9581697747  1.2853210992
     310 -0.9598069283  1.2199968729
     311 -1.0607507028  1.3483050624
     312 -0.9662825143  1.1351864926
     313 -0.9617871885  1.0451256084
     314 -1.0629392288  1.1550424267
     315 -0.9550917821  0.9397467347
     316 -0.9341799214  0.8323200980
     317 -1.0324284801  0.9198559658
     318 -0.9050008761  0.7152247526
     319 -0.8595241379  0.6004817901
     320 -0.9499210794  0.6636350104
     321 -0.8011110372  0.4828269686
     322 -0.7258345276  0.3731846810
     323 -0.8021712103  0.4124328560
     324 -0.6351755621  0.2686227951
     325 -0.5293157752  0.1785286039
     326 -0.5849844005  0.1973046209
     327 -0.4103266480  0.1027653725
     328 -0.2803674823  0.0468003367
     329 -0.3098539874  0.0517223710
     330 -0.1421400484  0.0117818541
     331 -0.8402311507  1.3085824845
     332 -0.7602725863  1.1840543988
     333 -0.7645093626  1.1768864306
     334 -0.7646241737  1.1635175996
     335 -0.8481825741  1.2836634134
     336 -0.7731905708  1.1350430212
     337 -0.7766441167  1.1004014380
     338 -0.8583244899  1.2161316652
     339 -0.7844830639  1.0523319151
     340 -0.7858234519  0.9988489619
     341 -0.8684692241  1.1038988221
     342 -0.7911252133  0.9294120951
     343 -0.7874447518  0.8556764793
     344 -0.8702610377  0.9456687585
     345 -0.7819630166  0.7693995544
     346 -0.7648418331  0.6814460630
     347 -0.8452809493  0.7531143696
     348 -0.7409520513  0.5855765023
     349 -0.7037188471  0.4916329099
     350 -0.7777296028  0.5433383934
     351 -0.6558942450  0.3953052889
     352 -0.5942630514  0.3055377760
     353 -0.6567622409  0.3376714638
     354 -0.5200377681  0.2199297441
     355 -0.4333671047  0.1461668588
     356 -0.4789447201  0.1615393613
     357 -0.3359470466  0.0841371711
     358 -0.2295454807  0.0383168751
     359 -0.2536869892  0.0423466959
     360 -0.1163744293  0.0096461663
     361 -0.6879230856  1.0713767274
     362 -0.6224585503  0.9694217545
     363 -0.6283166592  0.9619583536
     364 -0.6307656772  0.9492433606
     365 -0.6944331605  1.0509747175
     366 -0.6352505758  0.9275549786
     367 -0.6358624257  0.9009325026
     368 -0.7027366589  0.9956843982
     369 -0.6422804129  0.8615765056
     370 -0.6433778298  0.8177883669
     371 -0.7110424648  0.9037959177
     372 -0.6477185449  0.7609382684
     373 -0.6447052379  0.7005686518
     374 -0.7125094777  0.7742480980
     375 -0.6402171727  0.6299310797
     376 -0.6261995331  0.5579208511
     377 -0.6920575110  0.6165978975
     378 -0.6066402340  0.4794294931
     379 -0.5761562645  0.4025149846
     380 -0.6367511460  0.4448478538
     381 -0.5370007918  0.3236485985
     382 -0.4865414381  0.2501531747
     383 -0.5377114463  0.2764620129
     384 -0.4257709156  0.1800632459
     385 -0.3548109778  0.1196713030
     386 -0.3921267730  0.1322572434
     387 -0.2750501799  0.0688856898
     388 -0.1879359452  0.0313712041
     389 -0.2077013405  0.0346705424
     390 -0.0952793246  0.0078976130
     391  1.3983444242  2.1408776615
     392  1.4037948138  2.1125799244
     393  1.5514332023  2.3347618932
     394  1.4137761392  2.0643115432
     395  1.4151378361  2.0050621339
     396  1.5639691807  2.2159363581
     397  1.4294213291  1.9174737530
     398  1.4318636752  1.8200214592
     399  1.5824540916  2.0114347858
     400  1.4415241143  1.6934992397
     401  1.4348178763  1.5591441889
     402  1.5857189887  1.7231208137
     403  1.4248295036  1.4019373831
     404  1.3936326735  1.2416756739
     405  1.5402023003  1.3722638437
     406  1.3501026533  1.0669899462
     407  1.2822593323  0.8958135616
     408  1.4171157227  0.9900270957
     409  1.1951172264  0.7202931937
     410  1.0828178706  0.5567261219
     411  1.1966988195  0.6152775189
     412  0.9475705874  0.4007381186
     413  0.7896463434  0.2663333796
     414  0.8726941738  0.2943439054
     415  0.6121354252  0.1533079201
     416  0.4182591329  0.0698178979
     417  0.4622478297  0.0771607103
     418  0.2120480340  0.0175764609
     419  0.0000000000 -0.0000000000
     420  0.0000000000 -0.0000000000
     421  1.1448675852  1.7528023827
     422  1.1493299868  1.7296341550
     423  1.2702060756  1.9115413655
     424  1.1575020049  1.6901153469
     425  1.1586168680  1.6416060333
     426  1.2804696667  1.8142552455
     427  1.1703112030  1.5698947322
     428  1.1723108269  1.4901075421
     429  1.2956038317  1.6468235190
     430  1.1802201255  1.3865199100
     431  1.1747295221  1.2765192978
     432  1.2982769034  1.4107720032
     433  1.1665517343  1.1478092511
     434  1.1410099300  1.0165980611
     435  1.2610109908  1.1235146116
     436  1.1053705637  0.8735774835
     437  1.0498251504  0.7334301130
     438  1.1602362243  0.8105656307
     439  0.9784792282  0.5897261898
     440  0.8865362920  0.4558087977
     441  0.9797741269  0.5037466270
     442  0.7758051818  0.3280966221
     443  0.6465077463  0.2180553288
     444  0.7145015590  0.2409884077
     445  0.5011740984  0.1255179091
     446  0.3424416154  0.0571620602
     447  0.3784565141  0.0631738465
     448  0.1736102468  0.0143903891
     449  0.0000000000  0.0000000000
     450  0.0000000000  0.0000000000
     451  0.9373383023  1.4350732180
     452  0.9409918077  1.4161046775
     453  1.0399567788  1.5650377046
     454  0.9476824903  1.3837494139
     455  0.9485952630  1.3440333469
     456  1.0483598964  1.4853865661
     457  0.9581697747  1.2853210992
     458  0.9598069283  1.2199968729
     459  1.0607507028  1.3483050624
     460  0.9662825143  1.1351864926
     461  0.9617871885  1.0451256084
     462  1.0629392288  1.1550424267
     463  0.9550917821  0.9397467347
     464  0.9341799214  0.8323200980
     465  1.0324284801  0.9198559658
     466  0.9050008761  0.7152247526
     467  0.8595241379  0.6004817901
     468  0.9499210794  0.6636350104
     469  0.8011110372  0.4828269686
     470  0.7258345276  0.3731846810
     471  0.8021712103  0.4124328560
     472  0.6351755621  0.2686227951
     473  0.5293157752  0.1785286039
     474  0.5849844005  0.1973046209
     475  0.4103266480  0.1027653725
     476  0.2803674823  0.0468003367
     477  0.3098539874  0.0517223710
     478  0.1421400484  0.0117818541
     479  0.0000000000  0.0000000000
     480  0.0000000000 -0.0000000000
     481  0.7645093626  1.1768864306
     482  0.7646241737  1.1635175996
     483  0.8481825741  1.2836634134
     484  0.7731905708  1.1350430212
     485  0.7766441167  1.1004014380
     486  0.8583244899  1.2161316652
     487  0.7844830639  1.0523319151
     488  0.7858234519  0.9988489619
     489  0.8684692241  1.1038988221
     490  0.7911252133  0.9294120951
     491  0.7874447518  0.8556764793
     492  0.8702610377  0.9456687585
     493  0.7819630166  0.7693995544
     494  0.7648418331  0.6814460630
     495  0.8452809493  0.7531143696
     496  0.7409520513  0.5855765023
     497  0.7037188471  0.4916329099
     498  0.7777296028  0.5433383934
     499  0.6558942450  0.3953052889
     500  0.5942630514  0.3055377760
     501  0.6567622409  0.3376714638
     502  0.5200377681  0.2199297441
     503  0.4333671047  0.1461668588
     504  0.4789447201  0.1615393613
     505  0.3359470466  0.0841371711
     506  0.2295454807  0.0383168751
     507  0.2536869892  0.0423466959
     508  0.1163744293  0.0096461663
     509  0.0000000000  0.0000000000
     510  0.0000000000 -0.0000000000
     511  0.6283166592  0.9619583536
     512  0.6307656772  0.9492433606
     513  0.6944331605  1.0509747175
     514  0.6352505758  0.9275549786
     515  0.6358624257  0.9009325026
     516  0.7027366589  0.9956843982
     517  0.6422804129  0.8615765056
     518  0.6433778298  0.8177883669
     519  0.7110424648  0.9037959177
     520  0.6477185449  0.7609382684
     521  0.6447052379  0.7005686518
     522  0.7125094777  0.7742480980
     523  0.6402171727  0.6299310797
     524  0.6261995331  0.5579208511
     525  0.6920575110  0.6165978975
     526  0.6066402340  0.4794294931
     527  0.5761562645  0.4025149846
     528  0.6367511460  0.4448478538
     529  0.5370007918  0.3236485985
     530  0.4865414381  0.2501531747
     531  0.5377114463  0.2764620129
     532  0.4257709156  0.1800632459
     533  0.3548109778  0.1196713030
     534  0.3921267730  0.1322572434
     535  0.2750501799  0.0688856898
     536  0.1879359452  0.0313712041
     537  0.2077013405  0.0346705424
     538  0.0952793246  0.0078976130
     539  0.0000000000  0.0000000000
     540  0.0000000000  0.0000000000
     541 -1.5514332023  2.3347618932
     542 -1.4037948138  2.1125799244
     543 -1.3983444242  2.1408776615
     544 -1.5639691807  2.2159363581
     545 -1.4151378361  2.0050621339
     546 -1.4137761392  2.0643115432
     547 -1.5824540916  2.0114347858
     548 -1.4318636752  1.8200214592
     549 -1.4294213291  1.9174737530
     550 -1.5857189887  1.7231208137
     551 -1.4348178763  1.5591441889
     552 -1.4415241143  1.6934992397
     553 -1.5402023003  1.3722638437
     554 -1.3936326735  1.2416756739
     555 -1.4248295036  1.4019373831
     556 -1.4171157227  0.9900270957
     557 -1.2822593323  0.8958135616
     558 -1.3501026533  1.0669899462
     559 -1.1966988195  0.6152775189
     560 -1.0828178706  0.5567261219
     561 -1.1951172264  0.7202931937
     562 -0.8726941738  0.2943439054
     563 -0.7896463434  0.2663333796
     564 -0.9475705874  0.4007381186
     565 -0.4622478297  0.0771607103
     566 -0.4182591329  0.0698178979
     567 -0.6121354252  0.1533079201
     568 -0.2120480340  0.0175764609
     569 -1.2702060756  1.9115413655
     570 -1.1493299868  1.7296341550
     571 -1.1448675852  1.7528023827
     572 -1.2804696667  1.8142552455
     573 -1.1586168680  1.6416060333
     574 -1.1575020049  1.6901153469
     575 -1.2956038317  1.6468235190
     576 -1.1723108269  1.4901075421
     577 -1.1703112030  1.5698947322
     578 -1.2982769034  1.4107720032
     579 -1.1747295221  1.2765192978
     580 -1.1802201255  1.3865199100
     581 -1.2610109908  1.1235146116
     582 -1.1410099300  1.0165980611
     583 -1.1665517343  1.1478092511
     584 -1.1602362243  0.8105656307
     585 -1.0498251504  0.7334301130
     586 -1.1053705637  0.8735774835
     587 -0.9797741269  0.5037466270
     588 -0.8865362920  0.4558087977
     589 -0.9784792282  0.5897261898
     590 -0.7145015590  0.2409884077
     591 -0.6465077463  0.2180553288
     592 -0.7758051818  0.3280966221
     593 -0.3784565141  0.0631738465
     594 -0.3424416154  0.0571620602
     595 -0.5011740984  0.1255179091
     596 -0.1736102468  0.0143903891
     597 -1.0399567788  1.5650377046
     598 -0.9409918077  1.4161046775
     599 -0.9373383023  1.4350732180
     600 -1.0483598964  1.4853865661
     601 -0.9485952630  1.3440333469
     602 -0.9476824903  1.3837494139
     603 -1.0607507028  1.3483050624
     604 -0.9598069283  1.2199968729
     605 -0.9581697747  1.2853210992
     606 -1.0629392288  1.1550424267
     607 -0.9617871885  1.0451256084
     608 -0.9662825143  1.1351864926
     609 -1.0324284801  0.9198559658
     610 -0.9341799214  0.8323200980
     611 -0.9550917821  0.9397467347
     612 -0.9499210794  0.6636350104
     613 -0.8595241379  0.6004817901
     614 -0.9050008761  0.7152247526
     615 -0.8021712103  0.4124328560
     616 -0.7258345276  0.3731846810
     617 -0.8011110372  0.4828269686
     618 -0.5849844005  0.1973046209
     619 -0.5293157752  0.1785286039
     620 -0.6351755621  0.2686227951
     621 -0.3098539874  0.0517223710
     622 -0.2803674823  0.0468003367
     623 -0.4103266480  0.1027653725
     624 -0.1421400484  0.0117818541
     625 -0.8481825741  1.2836634134
     626 -0.7646241737  1.1635175996
     627 -0.7645093626  1.1768864306
     628 -0.8583244899  1.2161316652
     629 -0.7766441167  1.1004014380
     630 -0.7731905708  1.1350430212
     631 -0.8684692241  1.1038988221
     632 -0.7858234519  0.9988489619
     633 -0.7844830639  1.0523319151
     634 -0.8702610377  0.9456687585
     635 -0.7874447518  0.8556764793
     636 -0.7911252133  0.9294120951
     637 -0.8452809493  0.7531143696
     638 -0.7648418331  0.6814460630
     639 -0.7819630166  0.7693995544
     640 -0.7777296028  0.5433383934
     641 -0.7037188471  0.4916329099
     642 -0.7409520513  0.5855765023
     643 -0.6567622409  0.3376714638
     644 -0.5942630514  0.3055377760
     645 -0.6558942450  0.3953052889
     646 -0.4789447201  0.1615393613
     647 -0.4333671047  0.1461668588
     648 -0.5200377681  0.2199297441
     649 -0.2536869892  0.0423466959
     650 -0.2295454807  0.0383168751
     651 -0.3359470466  0.0841371711
     652 -0.1163744293  0.0096461663
     653 -0.6944331605  1.0509747175
     654 -0.6307656772  0.9492433606
     655 -0.6283166592  0.9619583536
     656 -0.7027366589  0.9956843982
     657 -0.6358624257  0.9009325026
     658 -0.6352505758  0.9275549786
     659 -0.7110424648  0.9037959177
     660 -0.6433778298  0.8177883669
     661 -0.6422804129  0.8615765056
     662 -0.7125094777  0.7742480980
     663 -0.6447052379  0.7005686518
     664 -0.6477185449  0.7609382684
     665 -0.6920575110  0.6165978975
     666 -0.6261995331  0.5579208511
     667 -0.6402171727  0.6299310797
     668 -0.6367511460  0.4448478538
     669 -0.5761562645  0.4025149846
     670 -0.6066402340  0.4794294931
     671 -0.5377114463  0.2764620129
     672 -0.4865414381  0.2501531747
     673 -0.5370007918  0.3236485985
     674 -0.3921267730  0.1322572434
     675 -0.3548109778  0.1196713030
     676 -0.4257709156  0.1800632459
     677 -0.2077013405  0.0346705424
     678 -0.1879359452  0.0313712041
     679 -0.2750501799  0.0688856898
     680 -0.0952793246  0.0078976130
