       1 -1.6365491219 -2.6425080224
       2 -1.6214568092 -2.6558436483
       3 -1.6298779562 -2.6204480213
       4 -1.6390201688 -2.5663422981
       5 -1.6686566855 -2.4654629126
       6 -1.6785049698 -2.3699745969
       7 -1.7000700380 -2.2302239853
       8 -1.7000592355 -2.0954406463
       9 -1.7030966650 -1.9197926720
      10 -1.6816665431 -1.7464766221
      11 -1.6537351969 -1.5410880417
      12 -1.5958154656 -1.3417698637
      13 -1.5226806206 -1.1246231288
      14 -1.4148276533 -0.9191542163
      15 -1.2864880411 -0.7141069426
      16 -1.1218468123 -0.5284907666
      17 -0.9377184173 -0.3632236648
      18 -0.7208853203 -0.2260043777
      19 -0.4930339137 -0.1250137662
      20 -0.2404471392 -0.0584715949
      21  0.0076854258 -0.0387055669
      22  1.6579636413 -2.6146073570
      23  1.6663008728 -2.5847066536
      24  1.6584819419 -2.6194689953
      25  1.6925928122 -2.4373173758
      26  1.6777412949 -2.5297301796
      27  1.7169668724 -2.2064114082
      28  1.7074554318 -2.3400324890
      29  1.7208617193 -1.8973418047
      30  1.7265690664 -2.0684804918
      31  1.6731508222 -1.5204784497
      32  1.7103144413 -1.7212027094
      33  1.5417653294 -1.1071935141
      34  1.6259171229 -1.3193694150
      35  1.3029460114 -0.7008703081
      36  1.4441753859 -0.9010673975
      37  0.9504968911 -0.3545111595
      38  1.1486408697 -0.5155386318
      39  0.5083124400 -0.1203969355
      40  0.7475205933 -0.2180400765
      41  0.2688546225 -0.0557159008
      42 -1.6298779562 -2.6204480213
      43 -1.6214568092 -2.6558436483
      44 -1.6686566855 -2.4654629126
      45 -1.6390201688 -2.5663422981
      46 -1.7000700380 -2.2302239853
      47 -1.6785049698 -2.3699745969
      48 -1.7030966650 -1.9197926720
      49 -1.7000592355 -2.0954406463
      50 -1.6537351969 -1.5410880417
      51 -1.6816665431 -1.7464766221
      52 -1.5226806206 -1.1246231288
      53 -1.5958154656 -1.3417698637
      54 -1.2864880411 -0.7141069426
      55 -1.4148276533 -0.9191542163
      56 -0.9377184173 -0.3632236648
      57 -1.1218468123 -0.5284907666
      58 -0.4930339137 -0.1250137662
      59 -0.7208853203 -0.2260043777
      60  0.0076854258 -0.0387055669
      61 -0.2404471392 -0.0584715949
      62  1.6584819419 -2.6194689953
      63  1.6663008728 -2.5847066536
      64  1.6777412949 -2.5297301796
      65  1.6925928122 -2.4373173758
      66  1.7074554318 -2.3400324890
      67  1.7169668724 -2.2064114082
      68  1.7265690664 -2.0684804918
      69  1.7208617193 -1.8973418047
      70  1.7103144413 -1.7212027094
      71  1.6731508222 -1.5204784497
      72  1.6259171229 -1.3193694150
      73  1.5417653294 -1.1071935141
      74  1.4441753859 -0.9010673975
      75  1.3029460114 -0.7008703081
      76  1.1486408697 -0.5155386318
      77  0.9504968911 -0.3545111595
      78  0.7475205933 -0.2180400765
      79  0.5083124400 -0.1203969355
      80  0.2688546225 -0.0557159008
      81 -1.4767729145 -2.3710108033
      82 -1.3576304238 -2.1424745464
      83 -1.3511779048 -2.1713600869
      84 -1.3570797259 -2.1614630740
      85 -1.4823179956 -2.3909104029
      86 -1.5114997592 -2.2305146118
      87 -1.3842630930 -2.0153325331
      88 -1.3661292865 -2.0974515250
      89 -1.5395477305 -2.0178896233
      90 -1.4072952702 -1.8223697118
      91 -1.3940653099 -1.9364550264
      92 -1.5424120477 -1.7365811302
      93 -1.4097571100 -1.5664221612
      94 -1.4104790544 -1.7100282786
      95 -1.4977101624 -1.3939291616
      96 -1.3690790040 -1.2545170143
      97 -1.3953010418 -1.4223513641
      98 -1.3789335496 -1.0166957159
      99 -1.2602938022 -0.9114387222
     100 -1.3240712211 -1.0885166952
     101 -1.1650432368 -0.6452583913
     102 -1.0644726237 -0.5741249768
     103 -1.1735746160 -0.7403780719
     104 -0.8490839944 -0.3276130061
     105 -0.7758058613 -0.2861159378
     106 -0.9303412959 -0.4192435860
     107 -0.4464764842 -0.1119861512
     108 -0.4090937324 -0.0900235088
     109 -0.5987281841 -0.1704996298
     110  0.0067675512 -0.0339498701
     111  0.0039865832 -0.0196264642
     112 -0.2016196015 -0.0326450191
     113 -1.2667991797 -1.9331882970
     114 -1.1958654217 -1.7419557718
     115 -1.1913397552 -1.7663496598
     116 -1.1736363327 -1.7615123917
     117 -1.2563767871 -1.9521671983
     118 -1.2823525863 -1.8181561630
     119 -1.1989114789 -1.6379493450
     120 -1.2057727820 -1.7031990168
     121 -1.2989927284 -1.6425548347
     122 -1.2085260149 -1.4778068865
     123 -1.2135494372 -1.5699152333
     124 -1.3009733449 -1.4084516847
     125 -1.2099869125 -1.2627569005
     126 -1.2218159531 -1.3799983878
     127 -1.2637372874 -1.1229122019
     128 -1.1757279354 -1.0001334815
     129 -1.2094020912 -1.1365060534
     130 -1.1629452888 -0.8093823765
     131 -1.0814727305 -0.7124734689
     132 -1.1475100636 -0.8544707143
     133 -0.9816645743 -0.5019989763
     134 -0.9121561118 -0.4315782764
     135 -1.0156814252 -0.5622578316
     136 -0.7155010655 -0.2403543467
     137 -0.6649156033 -0.1935166635
     138 -0.8048378145 -0.2944813851
     139 -0.3793597247 -0.0611754605
     140 -0.3551935490 -0.0291544235
     141 -0.5211432087 -0.0869985296
     142 -0.0002818482  0.0021345665
     143 -0.0053581612  0.0276224803
     144 -0.1829398055  0.0281393533
     145 -1.1333975376 -1.5682900712
     146 -1.0649199402 -1.4124790491
     147 -1.0619950300 -1.4331776450
     148 -1.0244921965 -1.4328836828
     149 -1.1000455550 -1.5885386552
     150 -1.1247438681 -1.4743580357
     151 -1.0482663310 -1.3277585822
     152 -1.0759703349 -1.3788164926
     153 -1.1277739747 -1.3282278453
     154 -1.0465471646 -1.1947019874
     155 -1.0669957060 -1.2684919856
     156 -1.1287461524 -1.1303428064
     157 -1.0471696635 -1.0131726157
     158 -1.0684225486 -1.1085867318
     159 -1.0971582290 -0.8883527212
     160 -1.0181599109 -0.7909307772
     161 -1.0582088969 -0.9013022280
     162 -1.0087124151 -0.6240254727
     163 -0.9357184079 -0.5487484751
     164 -1.0038524165 -0.6617703090
     165 -0.8500514814 -0.3670675876
     166 -0.7879895097 -0.3142045993
     167 -0.8871806334 -0.4154971958
     168 -0.6197394632 -0.1503543242
     169 -0.5745741208 -0.1172077177
     170 -0.7027487204 -0.1915681016
     171 -0.3337797223  0.0006482598
     172 -0.3115409562  0.0211445710
     173 -0.4582307883 -0.0179884154
     174 -0.0102217612  0.0514882299
     175 -0.0134854264  0.0667289989
     176 -0.1682384054  0.0784759757
     177 -0.9536302684 -1.2735189936
     178 -0.8083498316 -1.1551440508
     179 -0.8152956286 -1.1743108096
     180 -0.8040522553 -1.1760959627
     181 -0.9329697151 -1.2948741023
     182 -0.9549156077 -1.1993822467
     183 -0.8225312078 -1.0921538991
     184 -0.8256766543 -1.1320881654
     185 -0.9520207249 -1.0790449579
     186 -0.8245152345 -0.9850451181
     187 -0.8352136496 -1.0452934764
     188 -0.9526023914 -0.9143646339
     189 -0.8257072340 -0.8396256745
     190 -0.8386963834 -0.9171496392
     191 -0.9263794342 -0.7126711933
     192 -0.8030402488 -0.6617443832
     193 -0.8305804760 -0.7518407629
     194 -0.8513053460 -0.4930584818
     195 -0.7384998539 -0.4674785404
     196 -0.7880443057 -0.5606464092
     197 -0.7167589812 -0.2806165271
     198 -0.6223529084 -0.2785973731
     199 -0.6970488919 -0.3632548886
     200 -0.5226368356 -0.1023970730
     201 -0.4535536979 -0.1192364135
     202 -0.5522742386 -0.1829605118
     203 -0.2839408325  0.0231415212
     204 -0.2440161853 -0.0078811594
     205 -0.3587850056 -0.0431657083
     206 -0.0133045891  0.0642898362
     207 -0.0067556936  0.0299094868
     208 -0.1286499785  0.0345463125
     209 -0.5684075733 -1.0724413445
     210  1.8667384973 -1.3176712122
     211  1.8811778563 -1.3074348560
     212  1.6489594481 -1.2572824713
     213 -0.5745804136 -1.0837907596
     214 -0.5863305068 -1.0171080240
     215  1.6465096773 -1.3166119440
     216  1.8839697152 -1.3435231859
     217 -0.6055065149 -0.9264437568
     218  1.5007472980 -1.3498696062
     219  1.6958183161 -1.3652192025
     220 -0.6093144713 -0.8081955748
     221  1.4328247606 -1.4283715465
     222  1.5872024047 -1.4288076601
     223 -0.5930822917 -0.6643457940
     224  1.3436359808 -1.5235079369
     225  1.5141209391 -1.5315730622
     226 -0.5476306233 -0.5049132679
     227  1.1944140889 -1.6041744500
     228  1.3875266061 -1.6355565946
     229 -0.4636338214 -0.3462339452
     230  0.9934106207 -1.6500637484
     231  1.1965224699 -1.7126929280
     232 -0.3366271878 -0.2089514890
     233  0.7640842637 -1.6534512612
     234  0.9641115016 -1.7514172638
     235 -0.1712516725 -0.1162668874
     236  0.5486747035 -1.6560056009
     237  0.7211869725 -1.7616572515
     238  0.0148739303 -0.0798557471
     239  0.3105387021 -1.5886719709
     240  0.4684153886 -1.7355320163
     241  1.5011441911 -2.3664402610
     242  1.3680835841 -2.1473235780
     243  1.3724704018 -2.1535220324
     244  1.3787160183 -2.1248731099
     245  1.5090523677 -2.3396934588
     246  1.3886585663 -2.0795356161
     247  1.3970478749 -2.0011790573
     248  1.5325477777 -2.2058612123
     249  1.4104131655 -1.9215290217
     250  1.4154803156 -1.8101717291
     251  1.5544892779 -1.9969389989
     252  1.4251655534 -1.6965964237
     253  1.4185227260 -1.5550099043
     254  1.5579353048 -1.7169105670
     255  1.4119032606 -1.4097812589
     256  1.3792738790 -1.2440894515
     257  1.5148238430 -1.3758494565
     258  1.3419594767 -1.0774271733
     259  1.2704696606 -0.9026326744
     260  1.3957733707 -1.0014084393
     261  1.1910715024 -0.7314509069
     262  1.0729936239 -0.5674059837
     263  1.1796050589 -0.6336342541
     264  0.9465362901 -0.4128017238
     265  0.7818711602 -0.2816581927
     266  0.8604694844 -0.3199464139
     267  0.6149305245 -0.1665456444
     268  0.4169522327 -0.0876835078
     269  0.4599169550 -0.1079384292
     270  0.2193111691 -0.0312801237
     271  1.2554260617 -1.9537187208
     272  1.1585590077 -1.7814352504
     273  1.1760732219 -1.7945086455
     274  1.1807838373 -1.7696971398
     275  1.2712203165 -1.9364685918
     276  1.1908461780 -1.7317646169
     277  1.1843743986 -1.6584439463
     278  1.2825991363 -1.8199612755
     279  1.1995222925 -1.5924563760
     280  1.1938787932 -1.4944372007
     281  1.2967374802 -1.6436397161
     282  1.2084933235 -1.3999742459
     283  1.1960138918 -1.2785583380
     284  1.2993372381 -1.4095770516
     285  1.1974208263 -1.1556210623
     286  1.1628658429 -1.0149421151
     287  1.2633720954 -1.1241094536
     288  1.1370541461 -0.8715722460
     289  1.0694816008 -0.7250453404
     290  1.1629693155 -0.8104236169
     291  1.0064130086 -0.5760069026
     292  0.9004051381 -0.4410310384
     293  0.9809179540 -0.5027298144
     294  0.7962559794 -0.3043106866
     295  0.6528036841 -0.1996290644
     296  0.7132824674 -0.2407667678
     297  0.5133553946 -0.0930416667
     298  0.3442721340 -0.0324444164
     299  0.3786410040 -0.0614290484
     300  0.1761415047  0.0260255125
     301  1.0715617388 -1.6256535743
     302  0.9871911304 -1.4809631415
     303  1.0156549853 -1.4994230016
     304  1.0190879258 -1.4777673465
     305  1.0998465748 -1.6189293316
     306  1.0292118341 -1.4458547531
     307  1.0104178247 -1.3769281350
     308  1.0961731144 -1.5123489204
     309  1.0270528863 -1.3220717356
     310  1.0123958705 -1.2351165050
     311  1.1013470604 -1.3593964060
     312  1.0311506163 -1.1562308247
     313  1.0137225881 -1.0514473723
     314  1.1030343923 -1.1598737380
     315  1.0217456697 -0.9466656035
     316  0.9854940143 -0.8266061609
     317  1.0723938031 -0.9159000599
     318  0.9690670999 -0.7022255161
     319  0.9046280953 -0.5790002376
     320  0.9852621410 -0.6473893256
     321  0.8548689381 -0.4480310723
     322  0.7587104378 -0.3370225998
     323  0.8277856280 -0.3846817438
     324  0.6727653227 -0.2148755544
     325  0.5466907533 -0.1320443628
     326  0.5981542804 -0.1617980414
     327  0.4296752413 -0.0323125240
     328  0.2842979014  0.0132019136
     329  0.3130859239 -0.0054829314
     330  0.1402283602  0.0734805210
     331  0.8965260245 -1.3411675497
     332  0.7861797579 -1.1975808140
     333  0.7956548933 -1.2008580640
     334  0.7905401634 -1.1764894182
     335  0.9133483604 -1.3274006287
     336  0.8058995406 -1.1592869113
     337  0.8044298843 -1.1145926826
     338  0.9178012633 -1.2468115041
     339  0.8163516553 -1.0703637846
     340  0.8079610297 -1.0025775020
     341  0.9187472971 -1.1178548867
     342  0.8209920354 -0.9392513702
     343  0.8094232704 -0.8564750693
     344  0.9199192464 -0.9511682787
     345  0.8134754067 -0.7731105003
     346  0.7871595533 -0.6777805124
     347  0.8943073587 -0.7470382209
     348  0.7719444789 -0.5797122393
     349  0.7233328985 -0.4811270709
     350  0.8207058743 -0.5222097234
     351  0.6821369001 -0.3785703573
     352  0.6078544826 -0.2887780902
     353  0.6879607723 -0.3025832223
     354  0.5383450978 -0.1938844888
     355  0.4394273704 -0.1257200033
     356  0.4952953150 -0.1166542875
     357  0.3455687797 -0.0498812908
     358  0.2303675052 -0.0114230082
     359  0.2570842115  0.0154956111
     360  0.1159258953  0.0321924550
     361  0.6171690991 -1.0261346051
     362 -0.7779590374 -0.1115387245
     363 -0.9133513093 -0.0485946093
     364 -0.9054711956 -0.0715231426
     365  0.6168334786 -1.0102287852
     366 -0.9163000025 -0.0982553517
     367 -0.7785562946 -0.1989424004
     368  0.6301515393 -0.9601106428
     369 -0.8076558308 -0.2395111204
     370 -0.6940996743 -0.3346838784
     371  0.6435029561 -0.8758074725
     372 -0.7427145396 -0.3956151735
     373 -0.6505957970 -0.4904053382
     374  0.6465997936 -0.7612484331
     375 -0.6912738828 -0.5864942667
     376 -0.5858916236 -0.6838758224
     377  0.6302225696 -0.6219650773
     378 -0.5965129139 -0.8128838043
     379 -0.4736352659 -0.8979157015
     380  0.5831396568 -0.4691894126
     381 -0.4487448682 -1.0470645203
     382 -0.3167368029 -1.1049014937
     383  0.4961612838 -0.3188121842
     384 -0.2594258218 -1.2647583356
     385 -0.1282354332 -1.2853829025
     386  0.3659370060 -0.1905577568
     387 -0.0424587012 -1.4629151685
     388  0.0782475896 -1.4660621941
     389  0.2011904482 -0.1067142658
     390  0.2042964256 -1.6337556809
     391 -1.3511779048 -2.1713600869
     392 -1.3576304238 -2.1424745464
     393 -1.4767729145 -2.3710108033
     394 -1.3661292865 -2.0974515250
     395 -1.3842630930 -2.0153325331
     396 -1.5114997592 -2.2305146118
     397 -1.3940653099 -1.9364550264
     398 -1.4072952702 -1.8223697118
     399 -1.5395477305 -2.0178896233
     400 -1.4104790544 -1.7100282786
     401 -1.4097571100 -1.5664221612
     402 -1.5424120477 -1.7365811302
     403 -1.3953010418 -1.4223513641
     404 -1.3690790040 -1.2545170143
     405 -1.4977101624 -1.3939291616
     406 -1.3240712211 -1.0885166952
     407 -1.2602938022 -0.9114387222
     408 -1.3789335496 -1.0166957159
     409 -1.1735746160 -0.7403780719
     410 -1.0644726237 -0.5741249768
     411 -1.1650432368 -0.6452583913
     412 -0.9303412959 -0.4192435860
     413 -0.7758058613 -0.2861159378
     414 -0.8490839944 -0.3276130061
     415 -0.5987281841 -0.1704996298
     416 -0.4090937324 -0.0900235088
     417 -0.4464764842 -0.1119861512
     418 -0.2016196015 -0.0326450191
     419  0.0039865832 -0.0196264642
     420  0.0067675512 -0.0339498701
     421 -1.1913397552 -1.7663496598
     422 -1.1958654217 -1.7419557718
     423 -1.2667991797 -1.9331882970
     424 -1.2057727820 -1.7031990168
     425 -1.1989114789 -1.6379493450
     426 -1.2823525863 -1.8181561630
     427 -1.2135494372 -1.5699152333
     428 -1.2085260149 -1.4778068865
     429 -1.2989927284 -1.6425548347
     430 -1.2218159531 -1.3799983878
     431 -1.2099869125 -1.2627569005
     432 -1.3009733449 -1.4084516847
     433 -1.2094020912 -1.1365060534
     434 -1.1757279354 -1.0001334815
     435 -1.2637372874 -1.1229122019
     436 -1.1475100636 -0.8544707143
     437 -1.0814727305 -0.7124734689
     438 -1.1629452888 -0.8093823765
     439 -1.0156814252 -0.5622578316
     440 -0.9121561118 -0.4315782764
     441 -0.9816645743 -0.5019989763
     442 -0.8048378145 -0.2944813851
     443 -0.6649156033 -0.1935166635
     444 -0.7155010655 -0.2403543467
     445 -0.5211432087 -0.0869985296
     446 -0.3551935490 -0.0291544235
     447 -0.3793597247 -0.0611754605
     448 -0.1829398055  0.0281393533
     449 -0.0053581612  0.0276224803
     450 -0.0002818482  0.0021345665
     451 -1.0619950300 -1.4331776450
     452 -1.0649199402 -1.4124790491
     453 -1.1333975376 -1.5682900712
     454 -1.0759703349 -1.3788164926
     455 -1.0482663310 -1.3277585822
     456 -1.1247438681 -1.4743580357
     457 -1.0669957060 -1.2684919856
     458 -1.0465471646 -1.1947019874
     459 -1.1277739747 -1.3282278453
     460 -1.0684225486 -1.1085867318
     461 -1.0471696635 -1.0131726157
     462 -1.1287461524 -1.1303428064
     463 -1.0582088969 -0.9013022280
     464 -1.0181599109 -0.7909307772
     465 -1.0971582290 -0.8883527212
     466 -1.0038524165 -0.6617703090
     467 -0.9357184079 -0.5487484751
     468 -1.0087124151 -0.6240254727
     469 -0.8871806334 -0.4154971958
     470 -0.7879895097 -0.3142045993
     471 -0.8500514814 -0.3670675876
     472 -0.7027487204 -0.1915681016
     473 -0.5745741208 -0.1172077177
     474 -0.6197394632 -0.1503543242
     475 -0.4582307883 -0.0179884154
     476 -0.3115409562  0.0211445710
     477 -0.3337797223  0.0006482598
     478 -0.1682384054  0.0784759757
     479 -0.0134854264  0.0667289989
     480 -0.0102217612  0.0514882299
     481 -0.8152956286 -1.1743108096
     482 -0.8083498316 -1.1551440508
     483 -0.9536302684 -1.2735189936
     484 -0.8256766543 -1.1320881654
     485 -0.8225312078 -1.0921538991
     486 -0.9549156077 -1.1993822467
     487 -0.8352136496 -1.0452934764
     488 -0.8245152345 -0.9850451181
     489 -0.9520207249 -1.0790449579
     490 -0.8386963834 -0.9171496392
     491 -0.8257072340 -0.8396256745
     492 -0.9526023914 -0.9143646339
     493 -0.8305804760 -0.7518407629
     494 -0.8030402488 -0.6617443832
     495 -0.9263794342 -0.7126711933
     496 -0.7880443057 -0.5606464092
     497 -0.7384998539 -0.4674785404
     498 -0.8513053460 -0.4930584818
     499 -0.6970488919 -0.3632548886
     500 -0.6223529084 -0.2785973731
     501 -0.7167589812 -0.2806165271
     502 -0.5522742386 -0.1829605118
     503 -0.4535536979 -0.1192364135
     504 -0.5226368356 -0.1023970730
     505 -0.3587850056 -0.0431657083
     506 -0.2440161853 -0.0078811594
     507 -0.2839408325  0.0231415212
     508 -0.1286499785  0.0345463125
     509 -0.0067556936  0.0299094868
     510 -0.0133045891  0.0642898362
     511  1.8811778563 -1.3074348560
     512  1.8667384973 -1.3176712122
     513 -0.5684075733 -1.0724413445
     514  1.8839697152 -1.3435231859
     515  1.6465096773 -1.3166119440
     516 -0.5863305068 -1.0171080240
     517  1.6958183161 -1.3652192025
     518  1.5007472980 -1.3498696062
     519 -0.6055065149 -0.9264437568
     520  1.5872024047 -1.4288076601
     521  1.4328247606 -1.4283715465
     522 -0.6093144713 -0.8081955748
     523  1.5141209391 -1.5315730622
     524  1.3436359808 -1.5235079369
     525 -0.5930822917 -0.6643457940
     526  1.3875266061 -1.6355565946
     527  1.1944140889 -1.6041744500
     528 -0.5476306233 -0.5049132679
     529  1.1965224699 -1.7126929280
     530  0.9934106207 -1.6500637484
     531 -0.4636338214 -0.3462339452
     532  0.9641115016 -1.7514172638
     533  0.7640842637 -1.6534512612
     534 -0.3366271878 -0.2089514890
     535  0.7211869725 -1.7616572515
     536  0.5486747035 -1.6560056009
     537 -0.1712516725 -0.1162668874
     538  0.4684153886 -1.7355320163
     539  0.3105387021 -1.5886719709
     540  0.0148739303 -0.0798557471
     541  1.5090523677 -2.3396934588
     542  1.3787160183 -2.1248731099
     543  1.3724704018 -2.1535220324
     544  1.5325477777 -2.2058612123
     545  1.3970478749 -2.0011790573
     546  1.3886585663 -2.0795356161
     547  1.5544892779 -1.9969389989
     548  1.4154803156 -1.8101717291
     549  1.4104131655 -1.9215290217
     550  1.5579353048 -1.7169105670
     551  1.4185227260 -1.5550099043
     552  1.4251655534 -1.6965964237
     553  1.5148238430 -1.3758494565
     554  1.3792738790 -1.2440894515
     555  1.4119032606 -1.4097812589
     556  1.3957733707 -1.0014084393
     557  1.2704696606 -0.9026326744
     558  1.3419594767 -1.0774271733
     559  1.1796050589 -0.6336342541
     560  1.0729936239 -0.5674059837
     561  1.1910715024 -0.7314509069
     562  0.8604694844 -0.3199464139
     563  0.7818711602 -0.2816581927
     564  0.9465362901 -0.4128017238
     565  0.4599169550 -0.1079384292
     566  0.4169522327 -0.0876835078
     567  0.6149305245 -0.1665456444
     568  0.2193111691 -0.0312801237
     569  1.2712203165 -1.9364685918
     570  1.1807838373 -1.7696971398
     571  1.1760732219 -1.7945086455
     572  1.2825991363 -1.8199612755
     573  1.1843743986 -1.6584439463
     574  1.1908461780 -1.7317646169
     575  1.2967374802 -1.6436397161
     576  1.1938787932 -1.4944372007
     577  1.1995222925 -1.5924563760
     578  1.2993372381 -1.4095770516
     579  1.1960138918 -1.2785583380
     580  1.2084933235 -1.3999742459
     581  1.2633720954 -1.1241094536
     582  1.1628658429 -1.0149421151
     583  1.1974208263 -1.1556210623
     584  1.1629693155 -0.8104236169
     585  1.0694816008 -0.7250453404
     586  1.1370541461 -0.8715722460
     587  0.9809179540 -0.5027298144
     588  0.9004051381 -0.4410310384
     589  1.0064130086 -0.5760069026
     590  0.7132824674 -0.2407667678
     591  0.6528036841 -0.1996290644
     592  0.7962559794 -0.3043106866
     593  0.3786410040 -0.0614290484
     594  0.3442721340 -0.0324444164
     595  0.5133553946 -0.0930416667
     596  0.1761415047  0.0260255125
     597  1.0998465748 -1.6189293316
     598  1.0190879258 -1.4777673465
     599  1.0156549853 -1.4994230016
     600  1.0961731144 -1.5123489204
     601  1.0104178247 -1.3769281350
     602  1.0292118341 -1.4458547531
     603  1.1013470604 -1.3593964060
     604  1.0123958705 -1.2351165050
     605  1.0270528863 -1.3220717356
     606  1.1030343923 -1.1598737380
     607  1.0137225881 -1.0514473723
     608  1.0311506163 -1.1562308247
     609  1.0723938031 -0.9159000599
     610  0.9854940143 -0.8266061609
     611  1.0217456697 -0.9466656035
     612  0.9852621410 -0.6473893256
     613  0.9046280953 -0.5790002376
     614  0.9690670999 -0.7022255161
     615  0.8277856280 -0.3846817438
     616  0.7587104378 -0.3370225998
     617  0.8548689381 -0.4480310723
     618  0.5981542804 -0.1617980414
     619  0.5466907533 -0.1320443628
     620  0.6727653227 -0.2148755544
     621  0.3130859239 -0.0054829314
     622  0.2842979014  0.0132019136
     623  0.4296752413 -0.0323125240
     624  0.1402283602  0.0734805210
     625  0.9133483604 -1.3274006287
     626  0.7905401634 -1.1764894182
     627  0.7956548933 -1.2008580640
     628  0.9178012633 -1.2468115041
     629  0.8044298843 -1.1145926826
     630  0.8058995406 -1.1592869113
     631  0.9187472971 -1.1178548867
     632  0.8079610297 -1.0025775020
     633  0.8163516553 -1.0703637846
     634  0.9199192464 -0.9511682787
     635  0.8094232704 -0.8564750693
     636  0.8209920354 -0.9392513702
     637  0.8943073587 -0.7470382209
     638  0.7871595533 -0.6777805124
     639  0.8134754067 -0.7731105003
     640  0.8207058743 -0.5222097234
     641  0.7233328985 -0.4811270709
     642  0.7719444789 -0.5797122393
     643  0.6879607723 -0.3025832223
     644  0.6078544826 -0.2887780902
     645  0.6821369001 -0.3785703573
     646  0.4952953150 -0.1166542875
     647  0.4394273704 -0.1257200033
     648  0.5383450978 -0.1938844888
     649  0.2570842115  0.0154956111
     650  0.2303675052 -0.0114230082
     651  0.3455687797 -0.0498812908
     652  0.1159258953  0.0321924550
     653  0.6168334786 -1.0102287852
     654 -0.9054711956 -0.0715231426
     655 -0.9133513093 -0.0485946093
     656  0.6301515393 -0.9601106428
     657 -0.7785562946 -0.1989424004
     658 -0.9163000025 -0.0982553517
     659  0.6435029561 -0.8758074725
     660 -0.6940996743 -0.3346838784
     661 -0.8076558308 -0.2395111204
     662  0.6465997936 -0.7612484331
     663 -0.6505957970 -0.4904053382
     664 -0.7427145396 -0.3956151735
     665  0.6302225696 -0.6219650773
     666 -0.5858916236 -0.6838758224
     667 -0.6912738828 -0.5864942667
     668  0.5831396568 -0.4691894126
     669 -0.4736352659 -0.8979157015
     670 -0.5965129139 -0.8128838043
     671  0.4961612838 -0.3188121842
     672 -0.3167368029 -1.1049014937
     673 -0.4487448682 -1.0470645203
     674  0.3659370060 -0.1905577568
     675 -0.1282354332 -1.2853829025
     676 -0.2594258218 -1.2647583356
     677  0.2011904482 -0.1067142658
     678  0.0782475896 -1.4660621941
     679 -0.0424587012 -1.4629151685
     680  0.2042964256 -1.6337556809
