       3      8      1      8    3.   8     
       1      1.    0.    0.
       2      1.    2.    0.
       3      0.    2.    1.
       4      0.    0.    1.
       5      1.    1.    0.
       6      0.7071067812   2.    0.7071067812
       7      0.    1.    1.
       8      0.7071067812   0.    0.7071067812
       1     1     2    3     4    5   6   7   8   -3
       0.7071067812        1.66       0.7071067812
       0.66    0.0
       0          0           0
       0.66          0.66
      
//
       3      8      1      8    3.   8     
       1      0.    1.    0.
       2      -0.29381200    0.95586300    0.
       3      -0.39906100  1.28229300    0.
       4     -0.    1.46666700    0.
       5     -0.14690600     0.97793200    0.
       6     -0.34643600  1.11907800    0.0
       7      -0.19953000    1.37448000    0.
       8      -0.    1.23333300    0.0
       1     1     2    3     4    5   6   7   8   -3
       0.0        0.0       0.0
       0.0    0.0


       // Flat
       3      8      1      8    3.   8     
       1     -1.   -1.    0.
       2      1.5   -1.    0.
       3      0.5    1.    0.
       4     -1.    1.    0.
       5     0.    -1.    0.
       6      1.   0.    0.0
       7      0.    1.    0.
       8      -1.   0.    0.0
       1     1     2    3     4    5   6   7   8   -3
       0.0        0.0       0.0
       0.0    0.0


       // Curved
       3      8      1      8    3.   8     
       1      1.    0.    0.
       2      1.    2.    0.
       3      0.    2.    1.
       4      0.    0.    1.
       5      1.    1.    0.
       6      0.7071067812   2.    0.7071067812
       7      0.    1.    1.
       8      0.7071067812   0.    0.7071067812
       1     1     2    3     4    5   6   7   8   -3
       0.7071067812        1.66       0.7071067812
       0.66    0.0
       0          0           0
       0.66          0.66
      






       


       0.7071067812        1.66       0.7071067812
       0.66    0.0



      2      3      1      3      2.    3  
      1       0.939693   0.34202
      2       0.866025   0.5
      3       0.766044   0.642788
      1        1        3        2      -2    
      0.819152    0.573576436
      0.5


     
